0.02453048713505268
0.027186870574951172
0.0308203287422657
0.03350307047367096
0.03420731797814369
0.03481798246502876
0.03523207828402519
0.03562067076563835
0.03604705259203911
0.03655611351132393
0.0371711365878582
0.03785917907953262
0.03857903182506561
0.03931263089179993
0.04005870968103409
0.04085686430335045
0.04169854521751404
0.042561158537864685
0.04343676194548607
0.04432093724608421
0.04520730674266815
0.04610311612486839
0.04701320081949234
0.047941435128450394
0.04889345541596413
0.04989331588149071
0.05092581361532211
0.05201030522584915
0.053132712841033936
0.05428224802017212
0.05545518547296524
0.05665625259280205
0.00286483159288764
0.002769134473055601
0.002726620528846979
0.002695332048460841
0.0026679025031626225
0.00264229835011065
0.04764718934893608
0.05065549537539482
0.05283097177743912
0.05482181906700134
0.05675104632973671
0.05819186195731163
0.05953410267829895
0.06085730716586113
0.06219751387834549
0.0635642483830452
0.06498821824789047
0.06650763005018234
0.06808315217494965
0.06980961561203003
0.0701696053147316
0.06692100316286087
0.06404836475849152
0.06139448657631874
0.05888510122895241
0.05649496242403984
0.05420809984207153
0.052007704973220825
0.04991894215345383
0.048237767070531845
0.0467938631772995
0.045455172657966614
0.044179778546094894
0.04296430945396423
0.041811753064394
0.04071924462914467
0.03967781364917755
0.03867455571889877
0.037704747170209885
0.0367748849093914
0.035881977528333664
0.03502201661467552
0.03419473394751549
0.03339778631925583
0.03262662515044212
0.031879033893346786
0.03115709498524666
0.03045833297073841
0.029779598116874695
0.02912069484591484
0.02848062850534916
0.027858354151248932
0.02725277468562126
0.026663240045309067
0.02608957141637802
0.025531835854053497
0.024988645687699318
0.024459784850478172
0.02394500933587551
0.02344415709376335
