0.11356227844953537
0.12592695653438568
0.14284825325012207
0.15061751008033752
0.15286609530448914
0.1542176604270935
0.1557387411594391
0.15779168903827667
0.16018839180469513
0.16234862804412842
0.16468119621276855
0.167258158326149
0.1698555201292038
0.17257378995418549
0.1756245344877243
0.17911656200885773
0.18296091258525848
0.18711712956428528
0.1915493756532669
0.19635127484798431
0.20151665806770325
0.20694242417812347
0.2146187424659729
0.22391128540039062
0.23323775827884674
0.24283544719219208
0.25304263830184937
0.26186516880989075
0.2557156980037689
0.24977003037929535
0.24420805275440216
0.23876549303531647
0.013971846550703049
0.012565062381327152
0.01201274897903204
0.011645159684121609
0.0113788191229105
0.011153066530823708
0.2037021815776825
0.21590174734592438
0.228918194770813
0.24282518029212952
0.23899351060390472
0.23271051049232483
0.226838618516922
0.22119246423244476
0.21529611945152283
0.20931261777877808
0.2033035159111023
0.19727203249931335
0.19121645390987396
0.1851305216550827
0.17874500155448914
0.17242828011512756
0.16634485125541687
0.16053132712841034
0.15492603182792664
0.14953811466693878
0.1443065106868744
0.13921231031417847
0.1343294382095337
0.13003486394882202
0.12619800865650177
0.12268555909395218
0.11941582709550858
0.11638765782117844
0.11361312866210938
0.1110604777932167
0.10869991034269333
0.10650347918272018
0.1044488325715065
0.10251642018556595
0.10068879276514053
0.09896107763051987
0.09732088446617126
0.09575605392456055
0.09425637871026993
0.09281395375728607
0.09142287820577621
0.09007804840803146
0.08877499401569366
0.08750977367162704
0.08627859503030777
0.0850781574845314
0.08390649408102036
0.0827607586979866
0.08163891732692719
0.0805397629737854
0.07946284860372543
0.07840780913829803
0.0773746445775032
0.07636408507823944
