0.4920943081378937
0.5878368020057678
0.9474860429763794
1.0379666090011597
1.0689977407455444
1.0944302082061768
1.1310906410217285
1.1790821552276611
1.2326834201812744
1.2859901189804077
1.3397600650787354
1.4069178104400635
1.4786838293075562
1.564342975616455
1.6657661199569702
1.775509238243103
1.9032477140426636
1.962197184562683
1.9308401346206665
1.90084969997406
1.8737142086029053
1.8484687805175781
1.8245149850845337
1.801529049873352
1.779219150543213
1.7574272155761719
1.736160397529602
1.7160664796829224
1.6967511177062988
1.6779038906097412
1.659432291984558
1.6410934925079346
0.05455154925584793
0.03819580003619194
0.041535843163728714
0.044036075472831726
0.04569009318947792
0.045781247317790985
1.7090227603912354
1.760324478149414
1.7195438146591187
1.6914225816726685
1.6692136526107788
1.649512767791748
1.6135307550430298
1.5753161907196045
1.541080355644226
1.5135494470596313
1.4872015714645386
1.4614481925964355
1.4362421035766602
1.4119067192077637
1.3885046243667603
1.3660292625427246
1.3443554639816284
1.3234142065048218
1.303055763244629
1.2831958532333374
1.2638448476791382
1.2450355291366577
1.2267707586288452
1.209088683128357
1.1920089721679688
1.1755703687667847
1.1597517728805542
1.1445575952529907
1.1309248208999634
1.1193139553070068
1.1162018775939941
2.3760342597961426
3.219977855682373
3.809427261352539
4.251755714416504
4.7534260749816895
5.247366905212402
5.704133987426758
6.113517761230469
6.474826335906982
6.791752338409424
7.0697526931762695
7.314418792724609
7.531044960021973
7.7243499755859375
7.898313522338867
8.056303024291992
8.201172828674316
8.335329055786133
8.460733413696289
8.580065727233887
8.696890830993652
8.813197135925293
8.93001937866211
