0.0436127595603466
0.05196259170770645
0.05684862285852432
0.059795890003442764
0.06087527424097061
0.06110430881381035
0.06112157553434372
0.06116525083780289
0.06127103418111801
0.06141122058033943
0.06156369298696518
0.061739593744277954
0.061944380402565
0.06219156086444855
0.06250026077032089
0.06282922625541687
0.0631633847951889
0.06342397630214691
0.06364843994379044
0.06384461373090744
0.0640258863568306
0.0642167329788208
0.06442558020353317
0.06464571505784988
0.0648883655667305
0.06513477861881256
0.06497441977262497
0.06451234966516495
0.06412222236394882
0.06376589089632034
0.06344643235206604
0.06316014379262924
0.0029160026460886
0.0026619513519108295
0.0026143905706703663
0.002608531853184104
0.002598285675048828
0.002589796669781208
0.050357185304164886
0.05451473966240883
0.0572342574596405
0.06084958463907242
0.06319597363471985
0.06605976074934006
0.06474628299474716
0.06355726718902588
0.06265027821063995
0.06190034747123718
0.06125553697347641
0.06068428233265877
0.06016338989138603
0.059672385454177856
0.05919482186436653
0.0587189607322216
0.05823741853237152
0.05774712562561035
0.05724816396832466
0.05673857033252716
0.05621611699461937
0.05567792057991028
0.05503549054265022
0.054310236126184464
0.05358210951089859
0.0528404600918293
0.0520838163793087
0.05131252855062485
0.05053611099720001
0.04973394796252251
0.048922110348939896
0.04805716872215271
0.04718431085348129
0.04632115736603737
0.04544079676270485
0.04454578831791878
0.0436517596244812
0.04275665804743767
0.041860006749629974
0.0410325862467289
0.04024931415915489
0.03945755213499069
0.038673289120197296
0.03791317716240883
0.0371529757976532
0.03640218824148178
0.035660289227962494
0.034921515733003616
0.03418028727173805
0.033453319221735
0.032738275825977325
0.032034993171691895
0.031343091279268265
0.03066246025264263
0.029991526156663895
