0.007599644362926483
0.008443515747785568
0.009322060272097588
0.010304419323801994
0.010962425731122494
0.011127931997179985
0.011184685863554478
0.011229291558265686
0.011275352910161018
0.011342283338308334
0.011409423314034939
0.011521472595632076
0.011619318276643753
0.011702186428010464
0.01177128404378891
0.011856978759169579
0.011941147968173027
0.01202243473380804
0.012101531960070133
0.012181236408650875
0.012265939265489578
0.012361318804323673
0.012463802471756935
0.012574400752782822
0.012705267407000065
0.012858418747782707
0.013031345792114735
0.01322648674249649
0.013443986885249615
0.0136807169765234
0.013935652561485767
0.014190970920026302
0.0007304526516236365
0.000689469336066395
0.0006822274881415069
0.0006828817422501743
0.0006859521963633597
0.0006897527491673827
0.013311859220266342
0.01394919864833355
0.014246661216020584
0.014528761617839336
0.014721742831170559
0.014894013293087482
0.015087625943124294
0.015308848582208157
0.015557886101305485
0.015834104269742966
0.0161338709294796
0.016453122720122337
0.016788605600595474
0.01713789440691471
0.01750113256275654
0.017877081409096718
0.01826517842710018
0.018666042014956474
0.019088411703705788
0.019498413428664207
0.01990077644586563
0.020311525091528893
0.020730936899781227
0.021103065460920334
0.021457742899656296
0.02182100899517536
0.022187557071447372
0.022547580301761627
0.022909315302968025
0.023269517347216606
0.023628277704119682
0.023988962173461914
0.024349987506866455
0.02470557577908039
0.024769030511379242
0.0243031308054924
0.023860428482294083
0.023427853360772133
0.023000791668891907
0.022579343989491463
0.022161895409226418
0.02174823172390461
0.021337833255529404
0.0209309384226799
0.020528821274638176
0.02013002522289753
0.01973487250506878
0.019343940541148186
0.018957719206809998
0.018576113507151604
0.018200481310486794
0.017831826582551003
0.01747017912566662
0.017115313559770584
0.016767147928476334
