0.04006824642419815
0.0431835912168026
0.04717738553881645
0.05182439088821411
0.05489058047533035
0.055547669529914856
0.055762458592653275
0.055991414934396744
0.05635097995400429
0.056641317903995514
0.0568351112306118
0.056966107338666916
0.05705570802092552
0.05714891478419304
0.05724979564547539
0.057432420551776886
0.05766956880688667
0.057900846004486084
0.05808575823903084
0.05822841823101044
0.058357369154691696
0.058483902364969254
0.0586145855486393
0.058758266270160675
0.058921121060848236
0.05913028120994568
0.05940279737114906
0.059755753725767136
0.06018728017807007
0.060676854103803635
0.06120061129331589
0.061750657856464386
0.0032104444690048695
0.0028855905402451754
0.0028154414612799883
0.0027983521576970816
0.002786562079563737
0.002777913585305214
0.05082937330007553
0.05803731828927994
0.06132330372929573
0.0630362406373024
0.06417440623044968
0.06519623845815659
0.06619758903980255
0.06722699105739594
0.06829646229743958
0.06940247863531113
0.07053970545530319
0.07170211523771286
0.07288561016321182
0.07408344000577927
0.07528441399335861
0.07648011296987534
0.0776647999882698
0.07885093986988068
0.08006278425455093
0.08127829432487488
0.08248540014028549
0.08369526267051697
0.08490294218063354
0.08609460294246674
0.08731798082590103
0.08858640491962433
0.08990897983312607
0.09134553372859955
0.09277123212814331
0.09393302351236343
0.09501475840806961
0.0960913747549057
0.09720287472009659
0.0983547791838646
0.09957906603813171
0.10087791830301285
0.10332175344228745
0.1053905040025711
0.1073186844587326
0.10910970717668533
0.11077304184436798
0.11221501231193542
0.11361891031265259
0.1150708794593811
0.11664795130491257
0.1183570846915245
0.12022694945335388
0.12214934080839157
0.1241128146648407
0.12608298659324646
0.1279849261045456
0.12981253862380981
0.1314033418893814
0.1329316794872284
