0.00658077746629715
0.007108410820364952
0.007852849550545216
0.008525260724127293
0.009070437401533127
0.009547686204314232
0.009788473136723042
0.009927049279212952
0.010016673244535923
0.010096325539052486
0.010184001177549362
0.01024139579385519
0.01029178686439991
0.010352416895329952
0.0104151526466012
0.010491167195141315
0.010573581792414188
0.010664265602827072
0.010769501328468323
0.010902727954089642
0.011064029298722744
0.011251064948737621
0.011463405564427376
0.011697975918650627
0.011952514760196209
0.01222476176917553
0.012510819360613823
0.012810072861611843
0.013070601038634777
0.013340864330530167
0.013627414591610432
0.01392851397395134
0.0008573870873078704
0.0007960640941746533
0.0007877995958551764
0.0007907340186648071
0.0007957835332490504
0.0008010080200619996
0.013819541782140732
0.014577129855751991
0.015020973049104214
0.015351536683738232
0.015646224841475487
0.01594802550971508
0.01627570576965809
0.016637146472930908
0.017036428675055504
0.017484163865447044
0.0179559625685215
0.018417345359921455
0.018887953832745552
0.019349973648786545
0.019797297194600105
0.02024301327764988
0.020702363923192024
0.021180985495448112
0.0216766819357872
0.02218862995505333
0.022714512422680855
0.02325008623301983
0.02379356324672699
0.024339672178030014
0.02488999255001545
0.02544742077589035
0.026009978726506233
0.026578353717923164
0.02715221419930458
0.027729244902729988
0.028307070955634117
0.028883885592222214
0.02945759706199169
0.030044741928577423
0.030632223933935165
0.03122609853744507
0.03181544691324234
0.03240397945046425
0.03299418464303017
0.033584143966436386
0.03415127098560333
0.034696999937295914
0.03524073585867882
0.03574611619114876
0.036299146711826324
0.03679525852203369
0.03724432364106178
0.03766445443034172
0.03804849460721016
0.03839710354804993
0.03870370239019394
0.03896427899599075
0.03915494680404663
0.037706177681684494
