0.023949792608618736
0.025906283408403397
0.028682684525847435
0.03167717531323433
0.03337080404162407
0.03389860689640045
0.034109920263290405
0.03437716141343117
0.03461405634880066
0.0347808375954628
0.03494049981236458
0.0351078025996685
0.03527536615729332
0.03544195368885994
0.035629380494356155
0.035824187099933624
0.03603341057896614
0.03625445440411568
0.036474961787462234
0.036686334758996964
0.03689417243003845
0.037101440131664276
0.037313446402549744
0.03755231574177742
0.03784409910440445
0.03820540010929108
0.038636114448308945
0.03912446275353432
0.03965545818209648
0.0402192659676075
0.04082057625055313
0.041457440704107285
0.0022562232334166765
0.0021049799397587776
0.0020417869091033936
0.0020034925546497107
0.0019766795448958874
0.001956599298864603
0.036937545984983444
0.03972648084163666
0.04125361517071724
0.0423993244767189
0.04337770864367485
0.044305380433797836
0.045249857008457184
0.04622805491089821
0.04724285751581192
0.04829506203532219
0.04938472434878349
0.05051422864198685
0.05168865993618965
0.052919089794158936
0.05425059422850609
0.055624380707740784
0.0567745566368103
0.05781037360429764
0.058906495571136475
0.059973981231451035
0.060983095318078995
0.061983633786439896
0.06297232210636139
0.06390757858753204
0.06479649245738983
0.06564393639564514
0.0664549469947815
0.0672372356057167
0.06800519675016403
0.06876945495605469
0.06952635943889618
0.07027308642864227
0.0710102915763855
0.07174066454172134
0.07250484079122543
0.07325639575719833
0.07100392132997513
0.06892763823270798
0.0669805109500885
0.06510067731142044
0.06326614320278168
0.06145655736327171
0.05966819077730179
0.057907938957214355
0.05618314817547798
0.054501134902238846
0.05285872146487236
0.05124983191490173
0.04966655373573303
0.04811064153909683
0.04658478870987892
0.045088786631822586
0.043615423142910004
0.0421663336455822
