7.146336555480957
8.75369930267334
11.119999885559082
12.452954292297363
14.298786163330078
15.172928810119629
14.461441040039062
14.463945388793945
15.064600944519043
16.06780242919922
17.05142593383789
17.62664222717285
17.422195434570312
17.123004913330078
17.05576515197754
17.281574249267578
17.72433090209961
18.27581214904785
18.91362762451172
19.60369110107422
20.41414451599121
21.373958587646484
22.511932373046875
23.868850708007812
25.508827209472656
27.512922286987305
30.038589477539062
33.14751052856445
36.4743766784668
40.567779541015625
45.733280181884766
52.17970657348633
0.7011077404022217
0.54067063331604
0.5486850738525391
0.5703235268592834
0.5919857621192932
0.6135022044181824
16.323429107666016
35.708187103271484
78.63613891601562
102.415283203125
117.90385437011719
129.81964111328125
142.2386474609375
156.09524536132812
171.52903747558594
188.5340576171875
206.685302734375
225.64447021484375
240.8284454345703
252.3765106201172
264.224365234375
275.3262023925781
286.17230224609375
296.1186828613281
305.1853942871094
313.4454040527344
320.8592834472656
327.3962097167969
333.14495849609375
338.2330017089844
342.7841491699219
347.1572265625
351.614501953125
355.57720947265625
359.1363525390625
362.16156005859375
364.4655456542969
365.36505126953125
366.2266845703125
367.307861328125
368.0988464355469
368.5456848144531
368.6293640136719
368.5160827636719
368.2961730957031
368.0160217285156
367.16461181640625
365.9452209472656
364.70916748046875
363.57366943359375
362.56829833984375
361.670166015625
360.9083557128906
360.26324462890625
359.65911865234375
358.9942626953125
358.2803955078125
357.55718994140625
356.8392639160156
356.13262939453125
355.4790954589844
