0.008724167943000793
0.008465612307190895
0.008144118823111057
0.007849013432860374
0.007698561064898968
0.0075998324900865555
0.007524320390075445
0.007459578104317188
0.007399120833724737
0.007341719698160887
0.0072853523306548595
0.007230234332382679
0.007176624611020088
0.007125067990273237
0.007076600566506386
0.0070289368741214275
0.0069819348864257336
0.00693846819922328
0.0068986802361905575
0.0068625109270215034
0.006828730925917625
0.0067957621067762375
0.0067625888623297215
0.006727850530296564
0.006691137794405222
0.006650115363299847
0.006606379523873329
0.006561638787388802
0.006515947170555592
0.006469430401921272
0.0064204237423837185
0.006367996335029602
0.0008948894101195037
0.0008913290803320706
0.0008907329174689949
0.0008924150024540722
0.0008981176652014256
0.000906944798771292
0.0064008235931396484
0.006324552930891514
0.006200186908245087
0.006112552247941494
0.006031450815498829
0.0059539698995649815
0.0058723934926092625
0.005788723006844521
0.005703111179172993
0.0056165666319429874
0.005527955945581198
0.005436599254608154
0.005341299809515476
0.005242038983851671
0.0051391636952757835
0.005033154506236315
0.004924863111227751
0.004815090447664261
0.004704478662461042
0.004593882709741592
0.0044843656942248344
0.004376132972538471
0.004268249962478876
0.004160554613918066
0.004053134471178055
0.003945944365113974
0.0038395270239561796
0.0037340885028243065
0.0036297435872256756
0.0035270629450678825
0.0034263641573488712
0.003384480718523264
0.0033274590969085693
0.0032314257696270943
0.003138123080134392
0.00304711377248168
0.002958372002467513
0.002871902659535408
0.0027876938693225384
0.002706608036532998
0.0026284009218215942
0.002552513964474201
0.0024795548524707556
0.0024095429107546806
0.0023424311075359583
0.0022779859136790037
0.0022159977816045284
0.0021561351604759693
0.0020984949078410864
0.0020430919248610735
0.0019897320307791233
0.0019382337341085076
0.0018886286998167634
0.0018408329924568534
0.0017947632586583495
