0.0402013435959816
0.04278703033924103
0.04723653197288513
0.05179489031434059
0.054847415536642075
0.05554948002099991
0.05575410649180412
0.05600881576538086
0.056413326412439346
0.0567568838596344
0.05702077969908714
0.057283468544483185
0.05752892792224884
0.05773919075727463
0.05797692388296127
0.05823690816760063
0.05850115790963173
0.0587322823703289
0.05893914774060249
0.05915253236889839
0.05937415733933449
0.059587664902210236
0.059798263013362885
0.060017626732587814
0.06026630848646164
0.06055951490998268
0.060919564217329025
0.06135081872344017
0.061832454055547714
0.062353163957595825
0.0629158690571785
0.06352918595075607
0.0033848723396658897
0.0030607585795223713
0.0028854000847786665
0.002807809505611658
0.002799494192004204
0.0027930543292313814
0.05140373855829239
0.05830424651503563
0.06168832629919052
0.0638166293501854
0.06548333913087845
0.06694453209638596
0.06832931190729141
0.06971324980258942
0.07110008597373962
0.0724872499704361
0.07388805598020554
0.07532182335853577
0.07679809629917145
0.0783115103840828
0.07985202223062515
0.08143734931945801
0.08300910890102386
0.0845518410205841
0.08606353402137756
0.08754242211580276
0.08899475634098053
0.09050983190536499
0.09205292165279388
0.09320088475942612
0.09428919851779938
0.0953354462981224
0.09634039551019669
0.09737003594636917
0.09854719787836075
0.09983760863542557
0.101094089448452
0.10327834635972977
0.10523247718811035
0.10710729658603668
0.10887864232063293
0.11063772439956665
0.11239887773990631
0.1140543520450592
0.11562748998403549
0.1172177642583847
0.11891789734363556
0.12058248370885849
0.12225162237882614
0.12392998486757278
0.12547142803668976
0.12684039771556854
0.12813711166381836
0.12945131957530975
0.1308334469795227
0.13249684870243073
0.13435779511928558
0.13647770881652832
0.13875366747379303
0.1409524530172348
