0.10364054143428802
0.11724264919757843
0.12712760269641876
0.13804203271865845
0.14123639464378357
0.14317262172698975
0.14449667930603027
0.14590536057949066
0.1468043178319931
0.1474488526582718
0.14812621474266052
0.14896081387996674
0.1497724950313568
0.15050014853477478
0.1511390060186386
0.1517847627401352
0.1525401771068573
0.153280571103096
0.1540077179670334
0.15471512079238892
0.15558749437332153
0.1564047485589981
0.15729612112045288
0.15833285450935364
0.15961477160453796
0.1611548811197281
0.1632886677980423
0.16632111370563507
0.16990523040294647
0.17393197119235992
0.17826855182647705
0.18284930288791656
0.017687184736132622
0.011802125722169876
0.00999445654451847
0.009308239445090294
0.009140619076788425
0.009098554030060768
0.14636673033237457
0.1653563231229782
0.17889182269573212
0.18989741802215576
0.19968372583389282
0.20933054387569427
0.2188759297132492
0.2284095585346222
0.23833400011062622
0.24888205528259277
0.2634575366973877
0.27854281663894653
0.2919061779975891
0.3065221607685089
0.32291051745414734
0.34095460176467896
0.3598601222038269
0.36964520812034607
0.35848402976989746
0.34819236397743225
0.3383651673793793
0.32861149311065674
0.3188752830028534
0.3091426193714142
0.299405962228775
0.28967252373695374
0.2805938124656677
0.2723695933818817
0.2646624743938446
0.2629682123661041
0.26476913690567017
0.26880553364753723
0.2744598984718323
0.27981746196746826
0.2858625054359436
0.29273292422294617
0.30055105686187744
0.3095077574253082
1.042266845703125
3.644940137863159
5.2390289306640625
6.381865501403809
7.246216297149658
7.959164619445801
8.546910285949707
8.992794036865234
9.340517044067383
9.61977481842041
9.851719856262207
10.064624786376953
10.254216194152832
10.420489311218262
10.585206031799316
10.747210502624512
