0.021333931013941765
0.022994354367256165
0.025893909856677055
0.028536740690469742
0.029752274975180626
0.030503442510962486
0.030950328335165977
0.03124995529651642
0.03142144903540611
0.031516797840595245
0.03158523142337799
0.031644467264413834
0.03175128996372223
0.03189931809902191
0.032048407942056656
0.032182205468416214
0.03229633346199989
0.03239373862743378
0.03248170390725136
0.03255821019411087
0.03262525796890259
0.03269733861088753
0.03277444839477539
0.0328543521463871
0.03293655440211296
0.03302214294672012
0.03311179205775261
0.033203013241291046
0.03329832851886749
0.03340621292591095
0.03354994207620621
0.033737633377313614
0.002104730810970068
0.0017495391657575965
0.0016204961575567722
0.0015594859141856432
0.0015207102987915277
0.0014828018611297011
0.026514677330851555
0.030425192788243294
0.03246200084686279
0.03379901498556137
0.034743886440992355
0.035420551896095276
0.035963866859674454
0.03644673898816109
0.0369122214615345
0.03738568723201752
0.03788009658455849
0.03840169683098793
0.038958389312028885
0.03954760357737541
0.04017021134495735
0.04082782194018364
0.04151957854628563
0.042245566844940186
0.04300612211227417
0.04380618408322334
0.04463867470622063
0.04551775008440018
0.04645290598273277
0.04741913825273514
0.04826463758945465
0.04904083162546158
0.04981139674782753
0.050609689205884933
0.05140114575624466
0.052191123366355896
0.05299530178308487
0.05383136123418808
0.05469532683491707
0.05558013170957565
0.05647214874625206
0.05737755820155144
0.05828949809074402
0.05712154135107994
0.05610138177871704
0.05514291301369667
0.054203227162361145
0.05327323079109192
0.05235055088996887
0.051433317363262177
0.05051800236105919
0.04960576072335243
0.048708226531744
0.047823403030633926
0.04694387689232826
0.046066757291555405
0.04519714415073395
0.04433554783463478
0.04350407421588898
0.04270107299089432
