0.007842810824513435
0.008583727292716503
0.009482050314545631
0.010330968536436558
0.011070952750742435
0.011518766172230244
0.011647012084722519
0.011716943234205246
0.011767514050006866
0.011818481609225273
0.011893865652382374
0.011974350549280643
0.01206581573933363
0.012171721085906029
0.012275207787752151
0.012374852783977985
0.012478331103920937
0.012587249279022217
0.012703191488981247
0.012848051264882088
0.013032632879912853
0.013252521865069866
0.013506102375686169
0.013789101503789425
0.014096463099122047
0.014425503090023994
0.014755700714886189
0.015048039145767689
0.015359844081103802
0.015682561323046684
0.016017841175198555
0.016366291791200638
0.0009276306955143809
0.0009131005499511957
0.000917718221899122
0.0009243008098565042
0.0009301676764152944
0.0009350030450150371
0.016389936208724976
0.0170265045017004
0.01746208406984806
0.017836881801486015
0.01819099672138691
0.018543444573879242
0.018906809389591217
0.019290916621685028
0.019703442230820656
0.020141758024692535
0.020608998835086823
0.021110493689775467
0.0215061716735363
0.02192670851945877
0.022415874525904655
0.022941507399082184
0.023481862619519234
0.024035122245550156
0.024599382653832436
0.025171106681227684
0.025744067505002022
0.02631591446697712
0.026885392144322395
0.027454959228634834
0.02801569364964962
0.02857595682144165
0.029140092432498932
0.029711520299315453
0.030290979892015457
0.030878553166985512
0.031473882496356964
0.03207259252667427
0.03267119452357292
0.033267147839069366
0.03387441486120224
0.03450137376785278
0.03512987494468689
0.03576304763555527
0.036397535353899
0.03705857694149017
0.03770967572927475
0.038363248109817505
0.03731181472539902
0.036208778619766235
0.03517920896410942
0.03418729081749916
0.033227235078811646
0.03229660168290138
0.03139202296733856
0.03051178529858589
0.02965557761490345
0.028824927285313606
0.028038790449500084
0.027286365628242493
