3.994593858718872
4.796432018280029
6.483765125274658
8.387398719787598
7.975245952606201
7.303280353546143
7.071455478668213
7.162790298461914
7.445701599121094
7.852438449859619
8.304121971130371
8.78174114227295
9.350481986999512
9.567212104797363
9.71644401550293
9.823067665100098
9.836181640625
9.882329940795898
9.982722282409668
10.119085311889648
10.284764289855957
10.463044166564941
10.66612434387207
10.888319969177246
11.124922752380371
11.388379096984863
11.673516273498535
11.989950180053711
12.337050437927246
12.719036102294922
13.135347366333008
13.588104248046875
0.2819215655326843
0.2552795708179474
0.2611798048019409
0.2697714865207672
0.2795528173446655
0.28999626636505127
15.298161506652832
16.857240676879883
17.61842155456543
18.294757843017578
19.067399978637695
19.93866539001465
20.8980655670166
21.92298698425293
22.972700119018555
24.055561065673828
25.19058609008789
26.385948181152344
27.62958526611328
28.91914176940918
30.251550674438477
31.623411178588867
33.04069137573242
34.493316650390625
35.948394775390625
37.383487701416016
38.793052673339844
40.31761169433594
41.80846405029297
43.195648193359375
44.49372482299805
45.705928802490234
46.845279693603516
47.93968963623047
48.977787017822266
49.9545783996582
50.85821533203125
51.68430709838867
52.437686920166016
53.120994567871094
53.7524299621582
54.10176467895508
54.34449005126953
54.85994338989258
55.33005142211914
55.75111770629883
56.12133026123047
56.43586349487305
56.6928825378418
56.89723587036133
57.05769729614258
57.18031311035156
57.27497100830078
57.35070037841797
57.40939712524414
57.50424575805664
57.59358215332031
57.65916442871094
57.70820236206055
57.74674606323242
57.77995300292969
