0.007832713425159454
0.008431621827185154
0.009342127479612827
0.010146943852305412
0.010832357220351696
0.011444233357906342
0.011603419668972492
0.011683167889714241
0.011750693432986736
0.011806583032011986
0.01188647747039795
0.011963766999542713
0.012074786238372326
0.012187634594738483
0.012302601709961891
0.012417140416800976
0.012534521520137787
0.012654511258006096
0.012776093557476997
0.012905515730381012
0.013052121736109257
0.013227938674390316
0.013432557694613934
0.013662529177963734
0.013916591182351112
0.014195655472576618
0.014499586075544357
0.014801162295043468
0.015073112212121487
0.015361035242676735
0.015654398128390312
0.015953073278069496
0.0008918627281673253
0.0008742152131162584
0.0008838977082632482
0.0008990014903247356
0.0009144839132204652
0.0009282742394134402
0.016192790120840073
0.016626249998807907
0.016818614676594734
0.016983911395072937
0.017167551442980766
0.01739208772778511
0.01766558177769184
0.017986735329031944
0.018353000283241272
0.018758824095129967
0.019201211631298065
0.01967661641538143
0.02019662782549858
0.020772870630025864
0.021349145099520683
0.021785622462630272
0.02221093699336052
0.022646479308605194
0.023111525923013687
0.02358277514576912
0.02405361831188202
0.024523111060261726
0.024989962577819824
0.0252235047519207
0.025455882772803307
0.02591438591480255
0.026371274143457413
0.0268138125538826
0.027253223583102226
0.027686644345521927
0.02811245061457157
0.02852998487651348
0.02893855981528759
0.02933928556740284
0.029731910675764084
0.030117684975266457
0.03049861080944538
0.03087514266371727
0.0312628448009491
0.031658876687288284
0.032052718102931976
0.03244517743587494
0.032833728939294815
0.033218465745449066
0.03359810635447502
0.03397418558597565
0.034367140382528305
0.03474568575620651
0.03433973714709282
0.03335365280508995
0.03247329965233803
0.031643547117710114
0.03084699437022209
0.030076803639531136
0.029328836128115654
