0.04048595577478409
0.04380588233470917
0.04845862463116646
0.05368572473526001
0.055365849286317825
0.05569123849272728
0.056003112345933914
0.056494273245334625
0.056817665696144104
0.057079482823610306
0.05736380070447922
0.057627733796834946
0.05790253356099129
0.058180034160614014
0.05845866724848747
0.05871138349175453
0.05894620344042778
0.05917767062783241
0.05941367894411087
0.05966579541563988
0.0599280446767807
0.06024698540568352
0.06065922975540161
0.06113782152533531
0.06168443337082863
0.06228313222527504
0.0629592090845108
0.06373278796672821
0.06461618840694427
0.06558311730623245
0.06658893078565598
0.06761563569307327
0.003677744884043932
0.003411266952753067
0.0032506496645510197
0.003146389964967966
0.0030787293799221516
0.0030291187576949596
0.05918078497052193
0.06379648298025131
0.06636878103017807
0.0682346299290657
0.0699135884642601
0.07157265394926071
0.07326570898294449
0.07499656081199646
0.07675357908010483
0.07851303368806839
0.08028019964694977
0.08206039667129517
0.08384956419467926
0.08566385507583618
0.08743995428085327
0.08918478339910507
0.09091965109109879
0.09253376722335815
0.09386099129915237
0.0952659472823143
0.09665851294994354
0.0980897769331932
0.0995444804430008
0.10104116052389145
0.10364951938390732
0.10602150112390518
0.10841848701238632
0.11083477735519409
0.11325973272323608
0.1157064214348793
0.11795102059841156
0.12014931440353394
0.12234058976173401
0.12454728037118912
0.12678904831409454
0.12907104194164276
0.13127905130386353
0.13331736624240875
0.13508088886737823
0.13650670647621155
0.13755090534687042
0.13847093284130096
0.13967829942703247
0.14131201803684235
0.14323848485946655
0.14499111473560333
0.13883189857006073
0.13392089307308197
0.129669651389122
0.12573039531707764
0.1219356507062912
0.11823899298906326
0.11469309031963348
0.11125577241182327
