0.006581936497241259
0.007106615696102381
0.007851757109165192
0.008519641123712063
0.009059278294444084
0.009550151415169239
0.009797004982829094
0.00993300974369049
0.010023395530879498
0.01010841690003872
0.01019089575856924
0.010245375335216522
0.010296296328306198
0.010358015075325966
0.010422450490295887
0.010499334894120693
0.010582312010228634
0.010674643330276012
0.010784354992210865
0.010922392830252647
0.011087112128734589
0.011276965960860252
0.011491774581372738
0.011728733777999878
0.011985953897237778
0.012261361815035343
0.012550391256809235
0.01284806989133358
0.013108311221003532
0.013382095843553543
0.013671750202775002
0.013975873589515686
0.0008612134261056781
0.000798267952632159
0.0007897034520283341
0.0007924007368274033
0.0007973875035531819
0.0008026940049603581
0.013860751874744892
0.014621266163885593
0.01507867593318224
0.015426057390868664
0.01573372632265091
0.01604454591870308
0.016377490013837814
0.016741279512643814
0.017141517251729965
0.017589811235666275
0.018039176240563393
0.01849820464849472
0.018977303057909012
0.019433775916695595
0.019880201667547226
0.02033378928899765
0.020801691338419914
0.021288538351655006
0.021795324981212616
0.022320721298456192
0.022861070930957794
0.023411571979522705
0.02396746166050434
0.024524515494704247
0.02508404850959778
0.02565118670463562
0.026224950328469276
0.026804868131875992
0.027390766888856888
0.027979541569948196
0.028569452464580536
0.02915828488767147
0.029747167602181435
0.030351202934980392
0.03095652349293232
0.03156396374106407
0.03216584026813507
0.03276949003338814
0.03337966278195381
0.03397773951292038
0.034272730350494385
0.034563176333904266
0.03511874005198479
0.03566574677824974
0.0362529493868351
0.03678346797823906
0.03726080060005188
0.03771336004137993
0.03812903165817261
0.038506630808115005
0.038842927664518356
0.03913426771759987
0.039378806948661804
0.03844137862324715
0.03715250641107559
