0.0230117030441761
0.026897616684436798
0.02847989834845066
0.02979406714439392
0.030738631263375282
0.03104025311768055
0.031024441123008728
0.03094806708395481
0.030923079699277878
0.03095570020377636
0.031031319871544838
0.031183551996946335
0.03133828938007355
0.03153712674975395
0.03177601099014282
0.032004062086343765
0.032206226140260696
0.03239815682172775
0.03258883208036423
0.03277287632226944
0.03296041861176491
0.033148400485515594
0.03333822637796402
0.03353084996342659
0.03372553735971451
0.033925861120224
0.03414370119571686
0.034389104694128036
0.034676238894462585
0.03500823304057121
0.035383306443691254
0.03580273315310478
0.0015358768869191408
0.001343757612630725
0.0013503986410796642
0.0013661240227520466
0.0013604944106191397
0.0013563523534685373
0.028773050755262375
0.03167784959077835
0.034349292516708374
0.03643999621272087
0.03785204887390137
0.03880838304758072
0.0395297035574913
0.04018061235547066
0.040842343121767044
0.041331805288791656
0.04089904949069023
0.04052073135972023
0.04016586393117905
0.039814259856939316
0.03945748507976532
0.03909402713179588
0.03872319310903549
0.03834032267332077
0.03790809214115143
0.03739489987492561
0.03687828406691551
0.03635425493121147
0.03581717237830162
0.03526857867836952
0.034719619899988174
0.03418035805225372
0.033647533506155014
0.03311189264059067
0.032556675374507904
0.03198843449354172
0.031415894627571106
0.030837632715702057
0.030265897512435913
0.0296856090426445
0.02909475937485695
0.028495367616415024
0.02789240889251232
0.027290543541312218
0.0266931913793087
0.026103194802999496
0.025523357093334198
0.024952847510576248
0.024390840902924538
0.023837359622120857
0.02329265885055065
0.022756077349185944
0.022226763889193535
0.021706121042370796
0.02119474485516548
0.02069168910384178
0.02019658498466015
0.019708983600139618
0.019228482618927956
0.018755881115794182
