0.024204468354582787
0.026586515828967094
0.029594281688332558
0.03286590427160263
0.033663250505924225
0.0338929146528244
0.034064337611198425
0.03433535620570183
0.034512609243392944
0.034640926867723465
0.03478158637881279
0.0349300391972065
0.03505098447203636
0.03515193611383438
0.035276222974061966
0.03543045371770859
0.03559381887316704
0.03576198220252991
0.035943008959293365
0.03613334894180298
0.03631763905286789
0.036491759121418
0.036677293479442596
0.03686811402440071
0.03708856180310249
0.03735826537013054
0.037688132375478745
0.03807571902871132
0.03851773217320442
0.0390072762966156
0.03953515365719795
0.04009115323424339
0.002143575344234705
0.001928534358739853
0.001835630158893764
0.0017827979754656553
0.0017579450504854321
0.0017515354556962848
0.03525368124246597
0.038634054362773895
0.04029736667871475
0.041331589221954346
0.042132820934057236
0.04285139590501785
0.04357520118355751
0.04434273764491081
0.04515426233410835
0.04600352421402931
0.04688449203968048
0.04779493063688278
0.048732053488492966
0.04969260096549988
0.050673678517341614
0.05167435109615326
0.05272303521633148
0.05380309373140335
0.05491715297102928
0.05602753907442093
0.056905873119831085
0.05772111937403679
0.058577023446559906
0.05940557271242142
0.0601675845682621
0.06090717017650604
0.06162916123867035
0.062329407781362534
0.06301997601985931
0.06371325254440308
0.0643925592303276
0.06505415588617325
0.06569858640432358
0.0663352906703949
0.06696619093418121
0.06759562343358994
0.0682261735200882
0.06885094195604324
0.06947065144777298
0.07012441754341125
0.07076723873615265
0.07092787325382233
0.06898073107004166
0.06721876561641693
0.06553849577903748
0.0638946071267128
0.06227231025695801
0.06065952405333519
0.05905487760901451
0.057469964027404785
0.055911656469106674
0.054384198039770126
0.052886560559272766
0.05138269439339638
