9.392719268798828
12.604000091552734
9.532767295837402
7.966046333312988
7.516191482543945
7.422004699707031
7.468531608581543
7.549794673919678
7.6184258460998535
7.610159873962402
7.5420756340026855
7.467218399047852
7.3960981369018555
7.332420349121094
7.282032012939453
7.1947760581970215
7.113388538360596
7.055498123168945
7.023573398590088
7.015408992767334
7.027105331420898
7.052092552185059
7.068750858306885
7.077658176422119
7.0960373878479
7.127601623535156
7.1710381507873535
7.224365234375
7.284280300140381
7.346838474273682
7.416104316711426
7.493686676025391
0.4413819909095764
0.4008069634437561
0.39269107580184937
0.3905424177646637
0.39971548318862915
0.4092576801776886
8.056998252868652
8.32087230682373
8.607138633728027
8.764445304870605
8.946227073669434
9.158452033996582
9.415719032287598
9.726930618286133
10.093260765075684
10.518583297729492
10.999354362487793
11.523758888244629
12.064433097839355
12.607254981994629
13.164795875549316
13.79726505279541
14.480940818786621
15.285656929016113
16.187576293945312
17.144371032714844
18.141071319580078
19.164945602416992
20.19883918762207
21.199024200439453
22.202022552490234
23.19321632385254
24.16295623779297
25.123106002807617
26.12545394897461
27.126689910888672
28.084115982055664
29.005563735961914
29.875377655029297
30.735763549804688
31.549043655395508
32.31596755981445
33.03371810913086
33.7117919921875
34.35347366333008
34.95866775512695
35.526241302490234
36.04812240600586
36.523502349853516
36.95099639892578
37.33745193481445
37.697269439697266
38.041439056396484
38.373382568359375
38.69013214111328
38.99627685546875
39.28713607788086
39.550113677978516
39.77342987060547
39.9556999206543
