0.03704484552145004
0.03761521726846695
0.04020024836063385
0.042642269283533096
0.0444975383579731
0.04618488624691963
0.04777024686336517
0.049310795962810516
0.05025123059749603
0.05098443478345871
0.05137035995721817
0.05154283344745636
0.05164577066898346
0.05173281580209732
0.05181822553277016
0.05190623924136162
0.05199729651212692
0.05213546007871628
0.052342791110277176
0.05261536315083504
0.05286918953061104
0.053093086928129196
0.053306907415390015
0.053509850054979324
0.05371226742863655
0.05391606315970421
0.054121240973472595
0.054324567317962646
0.054533783346414566
0.05478395149111748
0.055076055228710175
0.05541110411286354
0.0032608360052108765
0.0030353826005011797
0.0029641042929142714
0.0029228716157376766
0.0028914676513522863
0.0028653123881667852
0.05101844668388367
0.053638093173503876
0.05491502955555916
0.05581091716885567
0.05659545958042145
0.057346537709236145
0.058085162192583084
0.05882248654961586
0.05956849455833435
0.060320377349853516
0.06107175350189209
0.061823245137929916
0.0625804141163826
0.06334957480430603
0.0641411691904068
0.06494776904582977
0.06574425846338272
0.06655781716108322
0.06737370789051056
0.06820479035377502
0.06905372440814972
0.06991462409496307
0.07076824456453323
0.07162047177553177
0.07247065007686615
0.07338433712720871
0.07431924343109131
0.07526139914989471
0.07621748745441437
0.0771629735827446
0.0780840814113617
0.07882426679134369
0.07955215126276016
0.0802728533744812
0.08100692927837372
0.08177252858877182
0.08253810554742813
0.08329784125089645
0.0840720608830452
0.08486825227737427
0.08572153747081757
0.08656594902276993
0.087370365858078
0.08815076947212219
0.08891561627388
0.08965648710727692
0.09039195626974106
0.0911247581243515
0.09177367389202118
0.09238708019256592
0.09302712976932526
0.0936533734202385
0.09431269764900208
0.09518414735794067
