19.166173934936523
18.488506317138672
16.633764266967773
14.297164916992188
12.55817985534668
11.395564079284668
10.617374420166016
10.074610710144043
9.691439628601074
9.415801048278809
9.215754508972168
9.07381820678711
8.96200942993164
8.884836196899414
8.845277786254883
8.893668174743652
9.00837516784668
9.176426887512207
9.396270751953125
9.664505004882812
9.982767105102539
10.359829902648926
10.79543685913086
11.291215896606445
11.838685989379883
12.429757118225098
13.0603666305542
13.721755027770996
14.404627799987793
15.123435974121094
15.945211410522461
16.821420669555664
3.337419271469116
2.8092217445373535
2.680495023727417
2.7351694107055664
2.838733673095703
2.9525811672210693
24.488693237304688
24.967565536499023
24.95876693725586
25.896142959594727
26.979938507080078
28.169702529907227
29.360549926757812
30.445446014404297
31.477624893188477
32.524600982666016
33.595855712890625
34.689754486083984
35.78016662597656
36.860897064208984
37.92284393310547
38.94554138183594
39.947837829589844
40.94378662109375
41.94155502319336
42.92707061767578
43.919105529785156
44.95219421386719
45.91248321533203
46.753543853759766
47.50334548950195
48.18946838378906
48.829097747802734
49.40997314453125
49.945499420166016
50.378257751464844
50.69111633300781
50.857940673828125
50.936187744140625
50.937503814697266
50.8612174987793
50.724552154541016
50.53919982910156
50.30681228637695
50.03865051269531
49.7533073425293
49.453853607177734
49.142845153808594
48.827171325683594
48.51468276977539
48.20549011230469
47.902767181396484
47.60768508911133
47.31971740722656
47.04072570800781
46.775474548339844
46.5190544128418
46.26912307739258
46.024776458740234
45.78754806518555
