0.022227102890610695
0.024513255804777145
0.028050821274518967
0.03002261370420456
0.03078816644847393
0.031110607087612152
0.03120889514684677
0.03125820681452751
0.031344473361968994
0.0314481183886528
0.03155519440770149
0.03166364133358002
0.03177198767662048
0.03190097212791443
0.03203541412949562
0.032160982489585876
0.03227071091532707
0.032379183918237686
0.03248359262943268
0.0326017364859581
0.03272505849599838
0.032847728580236435
0.03297937288880348
0.03313589468598366
0.03331093117594719
0.03352117910981178
0.03379600867629051
0.034141868352890015
0.034547239542007446
0.035004377365112305
0.03550188988447189
0.03603147715330124
0.002154045272618532
0.001875197747722268
0.0017522508278489113
0.0017266551731154323
0.0017392594600096345
0.0017679922748357058
0.03328946605324745
0.03593337908387184
0.037176307290792465
0.03789238631725311
0.03848077356815338
0.03908897563815117
0.03975294157862663
0.04047270864248276
0.041244443506002426
0.042059317231178284
0.04290932044386864
0.04379536584019661
0.04471220076084137
0.04565836489200592
0.046635307371616364
0.04764800891280174
0.04857412353157997
0.049444373697042465
0.050320401787757874
0.05121593177318573
0.05211208015680313
0.05301512032747269
0.05391880124807358
0.054850056767463684
0.05581451207399368
0.056814637035131454
0.057509709149599075
0.05632244423031807
0.05522479489445686
0.05415875092148781
0.053091421723365784
0.05201166495680809
0.050937946885824203
0.04987846314907074
0.04883672297000885
0.04781801998615265
0.046811092644929886
0.04580976068973541
0.044813357293605804
0.043825455009937286
0.04284358769655228
0.041865285485982895
0.04092011600732803
0.04000939428806305
0.03910613805055618
0.038214970380067825
0.037336524575948715
0.0364677719771862
0.03560774773359299
0.03476996347308159
0.033966731280088425
0.03319462016224861
0.03244961425662041
0.031724512577056885
