0.4894196689128876
0.5587373971939087
0.9708829522132874
1.001303791999817
1.0039156675338745
1.0083279609680176
1.014023780822754
1.0237822532653809
1.0371187925338745
1.054015874862671
1.0704728364944458
1.087415337562561
1.1039586067199707
1.1230747699737549
1.1406958103179932
1.157439947128296
1.1799821853637695
1.2033888101577759
1.2352081537246704
1.2828741073608398
1.340275764465332
1.4165078401565552
1.5163400173187256
1.645214319229126
1.8302512168884277
2.0842933654785156
2.2056527137756348
4.119133949279785
14.57498836517334
20.075912475585938
24.67409324645996
30.52975845336914
1.0390708446502686
1.3898698091506958
1.7595570087432861
2.2004714012145996
2.7543020248413086
3.3046576976776123
66.76030731201172
65.59162902832031
69.91627502441406
76.31596374511719
83.0640640258789
90.06241607666016
96.77959442138672
103.31416320800781
109.9188461303711
116.91768646240234
123.9056167602539
130.74224853515625
136.92092895507812
142.29464721679688
146.96534729003906
151.03311157226562
154.54043579101562
157.55332946777344
160.16180419921875
162.2991485595703
164.06675720214844
165.7160186767578
166.83177185058594
167.2748260498047
167.63307189941406
168.1909942626953
168.46994018554688
168.5756072998047
168.56381225585938
168.51731872558594
168.19090270996094
167.28765869140625
166.25430297851562
165.128173828125
163.91932678222656
162.6626434326172
161.40953063964844
160.18408203125
158.9799346923828
157.78758239746094
156.60557556152344
155.38294982910156
154.14324951171875
152.92156982421875
151.7274627685547
150.5564422607422
149.40338134765625
148.26307678222656
147.14434814453125
146.04718017578125
144.97006225585938
143.9221649169922
142.8997039794922
141.90452575683594
140.9368896484375
139.9980010986328
