2063.770263671875
2041.6558837890625
2021.43212890625
2005.0294189453125
2023.5662841796875
2038.40380859375
2038.827392578125
2044.9365234375
2047.2904052734375
2041.73486328125
2053.425537109375
2065.135986328125
2080.594482421875
2116.357421875
2155.80419921875
2195.7666015625
2242.6962890625
2297.19873046875
2362.53515625
2436.258544921875
2514.783935546875
2601.344970703125
2695.304443359375
2794.6328125
2896.230712890625
3002.04248046875
3112.712646484375
3231.03076171875
3357.499755859375
3492.093017578125
3632.901611328125
3779.4873046875
127.34050750732422
128.0183868408203
130.43777465820312
135.5564422607422
146.03567504882812
154.28477478027344
3655.64990234375
4047.351806640625
4305.24853515625
4533.01904296875
4755.6845703125
4973.4912109375
5183.9736328125
5395.04443359375
5608.6416015625
5824.4599609375
6043.19140625
6259.45556640625
6472.9482421875
6685.4853515625
6904.525390625
7137.1279296875
7412.796875
7687.59326171875
7951.4453125
8231.5517578125
8516.630859375
8818.3896484375
9136.224609375
9483.9228515625
9841.9677734375
10193.8837890625
10540.6982421875
10890.7626953125
11246.2314453125
11604.5810546875
11962.5205078125
12318.6318359375
12532.0654296875
12308.6083984375
12115.5869140625
11931.7783203125
11750.94921875
11570.724609375
11389.234375
11206.759765625
11024.2373046875
10841.94140625
10660.083984375
10478.8759765625
10298.6220703125
10119.5361328125
9941.546875
9764.9765625
9590.185546875
9417.328125
9246.5771484375
9078.03515625
8911.7080078125
8747.873046875
