2066.26318359375
2033.6954345703125
2005.576171875
2073.782470703125
2104.878662109375
2200.998291015625
2222.8193359375
2210.104248046875
2220.796630859375
2255.493896484375
2299.61865234375
2343.0732421875
2365.24462890625
2378.169189453125
2392.415771484375
2410.221435546875
2434.96142578125
2470.1240234375
2527.271240234375
2618.60791015625
2739.3017578125
2881.421630859375
3040.400634765625
3213.9931640625
3398.10791015625
3588.793212890625
3786.158203125
3991.224609375
4205.3916015625
4428.5556640625
4664.07177734375
4913.14013671875
167.77793884277344
157.75709533691406
162.96458435058594
169.5938720703125
174.91310119628906
180.66603088378906
4699.70947265625
5177.4912109375
5330.12060546875
5556.37548828125
5706.123046875
5851.048828125
6043.35546875
6279.35498046875
6545.77685546875
6840.60888671875
7165.9072265625
7523.2998046875
7782.43994140625
7721.61962890625
7683.359375
7649.5498046875
7619.27734375
7604.78662109375
7583.568359375
7525.3828125
7448.91259765625
7350.3837890625
7228.07861328125
7072.96875
6901.1806640625
6811.98876953125
6717.93603515625
6516.5185546875
6307.81689453125
6094.39892578125
5878.2177734375
5770.10693359375
5662.2109375
5447.29833984375
5235.5478515625
5028.46875
4825.59912109375
4628.27783203125
4438.6484375
4257.10546875
4082.4560546875
3915.415283203125
3755.919189453125
3604.41357421875
3461.427978515625
3324.899169921875
3193.36181640625
3065.927490234375
2942.35400390625
2823.905517578125
2711.688720703125
2604.84814453125
2501.945556640625
2400.375244140625
2306.1484375
2217.805908203125
2134.20263671875
2053.1103515625
