1499.98681640625
1500.0
1500.0
1500.0
1500.0
1500.0
1500.0
1500.001953125
1500.0
1500.0
1500.0
1500.0
1500.0
1500.0
1500.0
1500.0
1500.0
1500.0
1500.0
1500.0
1500.0
1500.0
1500.0
1499.9998779296875
1500.0
1500.0
1500.0
1500.0
1500.0
1500.0
1500.0
1500.0
100.0
100.0
100.0
100.0
100.0
100.0
1500.0
1500.0
1500.0
1500.0
1500.0
1500.0
1500.0
1500.0
1500.0
1500.0
1500.0
1500.0
1500.0
1500.0
1500.0
1500.0
1500.0
1500.0
1500.0
1500.0
1500.0
1500.0
1499.9990234375
1499.9871826171875
1499.98046875
1500.0
1500.0
1500.0
1500.0009765625
1364.8623046875
1348.587158203125
1276.8106689453125
1185.69873046875
1122.045166015625
1076.655517578125
1022.9857177734375
966.00439453125
941.1588134765625
885.8272094726562
845.4769897460938
812.379638671875
782.4447021484375
754.0550537109375
726.9813842773438
700.8662719726562
675.6978149414062
652.3132934570312
629.9188232421875
608.7227172851562
591.7837524414062
577.3271484375
562.5892944335938
547.6970825195312
532.7650756835938
518.1304321289062
503.899658203125
489.6501159667969
475.4080505371094
462.23773193359375
