1499.9996337890625
1500.0
1500.000732421875
1500.0003662109375
1500.0
1500.0
1500.0
1500.0
1500.0
1500.0
1500.0
1500.0
1500.0
1500.0
1500.0
1500.0
1500.0
1500.0
1500.0
1500.0
1500.0
1500.0
1500.0
1500.0
1500.0
1500.0
1500.0
1500.0
1500.0
1500.0
1500.0
1500.0
100.0
100.0
100.0
100.0
100.0
100.0
1500.0
1500.0
1397.6317138671875
1299.3680419921875
1243.2353515625
1200.75537109375
1163.00439453125
1126.9996337890625
1091.724365234375
1056.8455810546875
1022.0480346679688
999.0562744140625
987.64990234375
953.3766479492188
919.4400634765625
885.7888793945312
852.4685668945312
819.6630859375
787.4376220703125
755.8975830078125
725.1273803710938
695.30859375
666.535400390625
638.845703125
612.1724853515625
586.4490966796875
561.5810546875
537.5187377929688
525.7974853515625
514.2904663085938
492.0265808105469
470.65191650390625
450.1748046875
430.5675048828125
411.83636474609375
393.9923400878906
377.018798828125
360.8780822753906
345.5182800292969
330.8938293457031
316.9907531738281
303.79095458984375
291.26458740234375
279.3858337402344
268.1104736328125
257.4350891113281
247.36666870117188
237.59381103515625
228.4434051513672
219.85757446289062
211.74769592285156
203.99330139160156
196.36868286132812
189.3192138671875
182.9244384765625
176.8083038330078
