1500.0
1500.0
1500.0
1499.6129150390625
1500.0
1500.0
1500.0
1500.0
1500.0
1500.0
1500.0
1500.0
1500.0
1500.0
1500.0
1500.0
1500.0
1500.0
1500.0
1500.0
1500.0
1500.0
1500.0
1500.0
1500.0
1500.0
1500.0
1500.0
1500.0
1500.0
1500.0
1500.0
100.0
100.0
100.0
100.0
100.0
100.0
1500.0
1500.0
1500.0
1500.0
1500.0
1500.0
1500.0
1500.0
1500.0
1500.0
1500.0
1500.0
1500.0
1500.0
1500.0
1500.0
1500.0
1500.0
1500.0
1500.0
1500.0
1500.0
1500.0
1500.0
1500.0
1500.0
1500.0
1500.0
1500.0
1499.9998779296875
1497.385498046875
1433.6690673828125
1374.46337890625
1311.388916015625
1252.3175048828125
1197.797607421875
1149.939453125
1103.5150146484375
1057.396728515625
1009.71875
958.38818359375
907.8993530273438
864.9461059570312
828.7752685546875
795.4008178710938
764.376953125
733.9734497070312
704.0947875976562
675.748291015625
650.0122680664062
624.927978515625
602.6010131835938
583.300048828125
562.53564453125
536.9189453125
512.853759765625
