1500.0
1498.2642822265625
1500.0
1500.0
1500.0
1500.0
1500.0
1500.0
1500.0
1500.0
1500.0
1500.0
1500.0
1500.0
1500.0
1500.0
1500.0
1500.0
1500.0
1500.0
1500.0
1487.16650390625
1474.78662109375
1461.2913818359375
1445.51171875
1427.419189453125
1407.709228515625
1386.5274658203125
1363.5997314453125
1338.953857421875
1312.577880859375
1284.69677734375
99.99870300292969
99.9994888305664
100.0
100.0
100.0
100.0
1500.025634765625
1425.9049072265625
1287.072998046875
1216.1312255859375
1166.79296875
1125.5174560546875
1088.2252197265625
1052.7056884765625
1017.8721923828125
982.762939453125
949.5625610351562
917.2466430664062
885.2063598632812
853.6734619140625
822.54443359375
791.6353149414062
761.0936279296875
731.5929565429688
702.7576293945312
673.6780395507812
642.8445434570312
613.4907836914062
584.6025390625
557.4830322265625
532.2915649414062
508.7469482421875
486.4653625488281
465.39697265625
445.6832580566406
426.660400390625
408.4982604980469
391.55963134765625
375.9974060058594
361.699951171875
348.5169372558594
336.1706237792969
324.40850830078125
313.0691833496094
302.3473815917969
292.6305236816406
283.8110656738281
275.62384033203125
267.9792175292969
260.80975341796875
253.9711151123047
247.41043090820312
241.0531463623047
234.86094665527344
228.90174865722656
223.290771484375
218.1748809814453
213.59564208984375
209.02052307128906
204.21075439453125
