1500.0
1500.0
1500.0
1500.0
1500.0
1500.0
1500.0
1500.0
1500.0
1499.9991455078125
1499.99951171875
1499.9998779296875
1499.9998779296875
1500.0
1500.0
1500.0
1499.999755859375
1499.9993896484375
1499.9998779296875
1499.9998779296875
1499.999755859375
1500.0
1500.0
1499.9993896484375
1500.0
1499.999755859375
1499.99951171875
1499.9996337890625
1499.9991455078125
1500.0
1500.0
1500.0
99.93130493164062
99.99993133544922
100.0
100.0
100.0
100.0
1500.0
1500.0
1500.0
1500.0
1500.0
1500.0
1500.0
1500.0
1500.0
1500.0
1500.0
1500.0
1500.0
1500.0
1495.726318359375
1457.26025390625
1421.973876953125
1387.9287109375
1353.7703857421875
1319.889404296875
1285.695068359375
1251.6854248046875
1217.78857421875
1184.2679443359375
1150.6873779296875
1116.792724609375
1083.0528564453125
1049.4879150390625
1016.3892822265625
984.6671142578125
954.0458374023438
924.494140625
896.1199951171875
868.98974609375
843.1019287109375
818.2344360351562
794.0077514648438
770.40087890625
747.453369140625
725.1780395507812
703.6279907226562
682.8314819335938
663.0670166015625
644.0564575195312
625.790283203125
608.2935180664062
592.0286254882812
576.3275756835938
561.0139770507812
546.1680908203125
531.9208374023438
518.3783569335938
505.4726257324219
493.104248046875
