1499.9996337890625
1500.0
1500.0
1500.0
1500.0
1499.9998779296875
1500.0
1500.0
1500.0
1500.0
1500.0
1500.0
1500.0
1500.0
1500.0
1500.0
1500.0
1499.9976806640625
1500.0
1500.0
1500.0
1500.0
1500.0
1500.0
1500.0
1500.0
1500.0
1500.0
1500.0
1500.0
1500.0
1500.0
99.99990844726562
100.0
100.0
100.0
100.0
100.0
1500.0
1500.0
1500.0
1500.0
1500.0
1500.0
1500.0
1500.0
1500.0
1500.0
1500.0
1500.0
1500.0
1500.0
1500.0
1500.0
1500.0
1500.0
1500.0
1500.0
1500.0
1500.0
1500.0
1500.0
1500.0
1500.0
1500.0
1500.0
1500.0
1500.0
1500.0
1500.0
1500.0
1500.0
1500.0
1475.5518798828125
1434.0718994140625
1395.049072265625
1356.5833740234375
1318.3575439453125
1280.3658447265625
1242.72119140625
1205.483154296875
1168.8614501953125
1132.772705078125
1097.4344482421875
1063.3516845703125
1030.4222412109375
998.5306396484375
967.61962890625
937.594970703125
908.2293090820312
877.6130981445312
847.4475708007812
