1500.0
1500.0
1499.9998779296875
1500.0
1500.0
1500.0
1500.0
1500.0
1500.0
1500.0
1500.0
1499.99951171875
1500.0
1500.0
1500.0
1500.0
1500.0
1500.0
1500.0
1500.0
1500.0
1500.0
1500.0
1500.0
1500.0
1500.0
1500.0
1500.0
1500.0
1500.0
1500.0
1500.0
100.0
100.0
100.0
100.0
100.0
100.0
1500.0
1499.9976806640625
1500.0
1499.999755859375
1500.0
1500.0
1500.0
1500.0
1500.0
1500.0
1500.0
1454.2333984375
1383.9921875
1318.421630859375
1257.0594482421875
1198.5521240234375
1143.7135009765625
1091.6304931640625
1040.9229736328125
992.1357421875
944.7446899414062
900.6832885742188
855.5269775390625
811.7861328125
768.389404296875
722.4862670898438
676.0940551757812
633.4443969726562
595.7021484375
561.6688842773438
529.3047485351562
497.93017578125
467.58160400390625
438.2835693359375
411.7783508300781
390.489990234375
369.63470458984375
358.7916564941406
347.3947448730469
322.3193359375
296.8850402832031
271.822265625
247.49679565429688
231.9349365234375
221.70164489746094
210.33558654785156
198.81187438964844
187.3002471923828
176.4973907470703
167.2612762451172
159.28054809570312
152.05789184570312
145.30569458007812
139.9197998046875
135.69004821777344
