1500.0
1500.0001220703125
1500.0
1500.0
1499.9998779296875
1500.0
1500.0
1500.0
1500.0
1500.0
1500.0
1500.0
1500.0
1500.0
1500.0
1500.0
1500.0
1500.0
1500.0
1500.0
1500.0
1500.0
1500.0
1500.0
1500.0
1500.0
1500.0
1500.0
1500.0
1500.0
1500.0
1500.0
100.0
99.9993667602539
99.97850799560547
100.0
100.0
100.0
100.0
1500.0
1499.999267578125
1500.0025634765625
1500.0
1500.0
1500.0
1500.0
1500.0
1500.0
1466.3375244140625
1420.2906494140625
1375.7257080078125
1331.1292724609375
1286.2470703125
1240.8499755859375
1194.9801025390625
1148.700927734375
1102.241943359375
1055.9866943359375
1010.2290649414062
965.4215087890625
922.0658569335938
880.9961547851562
842.0645141601562
804.89990234375
769.4027709960938
735.4339599609375
702.9053955078125
671.7195434570312
641.837890625
613.2300415039062
585.8258666992188
559.5509643554688
534.5036010742188
510.5986022949219
487.7618713378906
465.9358215332031
445.0130615234375
424.9794616699219
405.8566589355469
387.658447265625
370.3657531738281
353.7013244628906
338.0622253417969
323.3630676269531
309.3720397949219
295.8305969238281
283.0919494628906
271.16058349609375
259.84771728515625
249.06837463378906
238.8543701171875
229.03866577148438
219.7946319580078
211.17979431152344
