0.040514178574085236
0.04368482530117035
0.04863730072975159
0.05436011403799057
0.05522925406694412
0.05553003400564194
0.05582490190863609
0.05609320104122162
0.056329336017370224
0.056540925055742264
0.05670451745390892
0.0568503774702549
0.0569634772837162
0.05706898495554924
0.05722210183739662
0.057452764362096786
0.057666148990392685
0.057841405272483826
0.057981785386800766
0.0581136979162693
0.058246102184057236
0.05837417393922806
0.05850350111722946
0.058635078370571136
0.05877600610256195
0.058942969888448715
0.05914352461695671
0.05943227559328079
0.059809256345033646
0.06023785099387169
0.06068306416273117
0.061136286705732346
0.003127647563815117
0.002829112345352769
0.0028137897606939077
0.0027954536490142345
0.002780861919745803
0.002774761291220784
0.05202209949493408
0.057710107415914536
0.06039189547300339
0.061941005289554596
0.06304889172315598
0.06400642544031143
0.06494636088609695
0.06587186455726624
0.06681879609823227
0.06781232357025146
0.06885461509227753
0.0699402317404747
0.07107013463973999
0.07224472612142563
0.07345452904701233
0.07468443363904953
0.07591766864061356
0.0771457627415657
0.07837408035993576
0.07962251454591751
0.08088391274213791
0.08214729279279709
0.08342115581035614
0.08470554649829865
0.08598238974809647
0.08722883462905884
0.08848417550325394
0.08980723470449448
0.09118548035621643
0.09256714582443237
0.0936369076371193
0.09466943889856339
0.09570547193288803
0.09675030410289764
0.09782995283603668
0.09906000643968582
0.10028702765703201
0.10167564451694489
0.10375744849443436
0.10568661987781525
0.10760621726512909
0.10948513448238373
0.11117870360612869
0.11290229856967926
0.11463252454996109
0.11626938730478287
0.11784393340349197
0.11942296475172043
0.12091339379549026
0.122349813580513
0.12373043596744537
0.1250961720943451
0.12654444575309753
0.12817317247390747
