19.13785171508789
18.54969024658203
16.42340087890625
13.926194190979004
12.160246849060059
11.007022857666016
10.234676361083984
9.701581001281738
9.327898025512695
9.064863204956055
8.890015602111816
8.778553009033203
8.711761474609375
8.705313682556152
8.77276611328125
8.871830940246582
9.000592231750488
9.158188819885254
9.354303359985352
9.600488662719727
9.892292976379395
10.226926803588867
10.608892440795898
11.041363716125488
11.524168014526367
12.165892601013184
12.970600128173828
13.898994445800781
14.94193172454834
16.071130752563477
17.259754180908203
18.488744735717773
4.390850067138672
3.7972846031188965
3.55696177482605
3.5100820064544678
3.547363042831421
3.615447998046875
26.14215850830078
26.838409423828125
26.642751693725586
27.110933303833008
27.874074935913086
28.771272659301758
29.824832916259766
30.91426658630371
32.01194763183594
33.11073684692383
34.23351287841797
35.308284759521484
36.34527587890625
37.357093811035156
38.32695007324219
39.24577713012695
40.12453842163086
40.95500946044922
41.726890563964844
42.44590377807617
43.12162780761719
43.726932525634766
44.17839050292969
44.63652038574219
44.93284225463867
45.061893463134766
45.13227462768555
45.159236907958984
45.141326904296875
45.1329231262207
45.09653091430664
45.05039596557617
45.00019073486328
44.94864273071289
44.892425537109375
44.83183288574219
44.76507568359375
44.683719635009766
44.59304428100586
44.502784729003906
44.41798400878906
44.34033203125
44.27322769165039
44.21968078613281
44.18120574951172
44.159629821777344
44.14657211303711
44.12248229980469
44.09465789794922
44.06807327270508
44.04238510131836
44.01837158203125
43.992401123046875
43.938331604003906
