2072.116455078125
2036.2099609375
1993.5806884765625
2074.479736328125
2132.287109375
2111.61328125
2109.5625
2119.942626953125
2149.077880859375
2165.901123046875
2184.516357421875
2193.712646484375
2197.0673828125
2199.41552734375
2201.668701171875
2210.0205078125
2220.477783203125
2230.12451171875
2239.010498046875
2250.181396484375
2268.1005859375
2289.6982421875
2312.65673828125
2334.2470703125
2354.63232421875
2383.181396484375
2425.365234375
2475.830322265625
2538.73974609375
2617.9384765625
2710.6044921875
2823.415283203125
118.82675170898438
121.31369018554688
121.56177520751953
121.78527069091797
121.96600341796875
122.1156234741211
1922.29833984375
2588.103515625
2865.598876953125
3089.9072265625
3292.26318359375
3482.6484375
3666.680908203125
3847.4111328125
4027.570068359375
4210.5908203125
4398.921875
4596.8291015625
4802.2099609375
5015.783203125
5235.62646484375
5436.837890625
5631.68798828125
5822.45849609375
6016.85400390625
6224.86376953125
6466.76220703125
6690.24951171875
6911.40380859375
7116.53076171875
7307.89599609375
7489.90234375
7669.87451171875
7843.1328125
8002.455078125
8130.97119140625
8220.0390625
8287.154296875
8328.439453125
8353.03125
8361.119140625
8357.2958984375
8345.599609375
8333.44140625
8332.9521484375
8345.6328125
8059.43701171875
7746.60595703125
7483.79345703125
7246.0927734375
7022.00537109375
6810.392578125
6606.67578125
6406.16943359375
6207.29638671875
6012.1943359375
5821.36962890625
5642.767578125
5471.4404296875
5313.98681640625
