1500.0
1500.0
1500.0
1500.000244140625
1500.0
1500.0
1500.0
1500.0
1500.0
1500.0
1500.0
1500.0
1500.0
1499.9998779296875
1500.0
1500.0
1500.0
1500.0
1500.0
1500.0
1500.0
1500.0
1500.0
1500.0
1500.0
1500.0
1500.0
1500.0
1500.0
1500.0
1499.9998779296875
1500.0
100.0
100.0
100.0
100.0
100.0
100.0
1500.0
1500.0
1500.0133056640625
1500.0
1438.2442626953125
1340.26220703125
1246.7449951171875
1159.56396484375
1082.368896484375
1014.5079956054688
952.5090942382812
894.6231079101562
840.598388671875
797.8084106445312
767.3576049804688
737.4137573242188
713.1712646484375
690.08056640625
668.3428955078125
647.34228515625
626.6427001953125
606.26904296875
585.8312377929688
566.5127563476562
548.6444702148438
532.1054077148438
516.66064453125
502.11138916015625
488.4007873535156
475.4715881347656
463.1486511230469
451.2197570800781
439.484375
427.70782470703125
415.9341125488281
404.2347717285156
392.7763977050781
381.6409912109375
370.8354797363281
360.3420715332031
350.2225036621094
340.51336669921875
331.26446533203125
322.39825439453125
313.921875
306.0267333984375
298.3211669921875
290.7909240722656
283.4442138671875
276.2488098144531
269.1856994628906
262.30908203125
255.64207458496094
249.19503784179688
