1499.999755859375
1499.9998779296875
1500.0
1500.0
1500.000244140625
1500.0
1500.0
1500.0
1500.0
1500.0
1500.0
1500.0
1500.0
1500.0
1500.0
1500.0
1500.0
1500.0
1500.0
1500.0
1500.0
1500.0
1500.0
1500.0
1500.0
1500.0
1500.0
1500.0
1500.0
1500.0
1500.0
1500.0
99.99999237060547
100.0
100.0
100.0
100.0
100.0
1499.9998779296875
1500.0
1500.0
1500.0
1500.0
1500.0
1500.0
1500.0
1500.0
1500.0
1500.0
1500.0
1500.0
1500.0
1500.0
1500.0
1500.0
1500.0
1500.0
1500.0
1500.0
1500.0
1500.0
1500.0
1500.0
1500.0
1500.0
1500.0
1500.0
1500.0
1500.0
1500.0
1500.0
1500.0
1500.0
1500.0
1500.0
1500.0
1500.0
1500.0
1500.0
1500.0
1500.0
1465.0733642578125
1421.08251953125
1379.4244384765625
1338.8228759765625
1298.715576171875
1258.8782958984375
1219.728759765625
1181.463134765625
1144.2196044921875
1108.2652587890625
1073.8128662109375
