2085.0
2068.946533203125
2037.43359375
2012.622314453125
2043.69677734375
2065.552734375
2083.239013671875
2075.007080078125
2068.249755859375
2063.365478515625
2060.795166015625
2060.093505859375
2060.080810546875
2060.774169921875
2066.38818359375
2093.620849609375
2054.676025390625
2022.0220947265625
1992.091552734375
1962.5069580078125
1933.1009521484375
1912.3988037109375
1891.85791015625
1870.4583740234375
1849.5369873046875
1828.7030029296875
1808.2501220703125
1790.616943359375
1778.1910400390625
1765.8046875
1753.1812744140625
1740.8958740234375
119.78840637207031
120.39588928222656
120.98184967041016
121.4633560180664
121.86470794677734
122.22515106201172
1795.149169921875
1724.4130859375
1736.9141845703125
1749.6378173828125
1746.109130859375
1733.3095703125
1720.132568359375
1708.109375
1698.7298583984375
1690.4202880859375
1683.90869140625
1680.456298828125
1687.2210693359375
1698.02880859375
1708.6669921875
1717.69287109375
1724.4251708984375
1757.2239990234375
1790.25732421875
1820.5880126953125
1852.5849609375
1888.1798095703125
1924.248046875
1956.9805908203125
1986.6781005859375
2013.639892578125
2038.2567138671875
2060.279541015625
2080.297607421875
2098.72412109375
2115.5341796875
2132.44921875
2149.7353515625
2166.93798828125
2183.74462890625
2200.32177734375
2216.904296875
2233.009033203125
2248.039794921875
2262.390625
2276.32861328125
2289.54541015625
2301.616455078125
2312.44384765625
2321.84619140625
2329.305908203125
2334.650634765625
2337.75830078125
2338.803955078125
2338.048095703125
2335.59765625
2331.733642578125
2327.381103515625
2322.83740234375
