2064.025634765625
2041.4613037109375
2020.19873046875
2001.637939453125
2027.4110107421875
2061.918212890625
2052.0791015625
2040.3050537109375
2030.0994873046875
2026.7957763671875
2051.54736328125
2074.944091796875
2098.578125
2133.24072265625
2168.388916015625
2203.265625
2245.205322265625
2293.488037109375
2351.014892578125
2418.407470703125
2496.8310546875
2584.72998046875
2683.22412109375
2794.354736328125
2917.372314453125
3051.836669921875
3196.85791015625
3351.622802734375
3515.445556640625
3687.123291015625
3865.817138671875
4050.98583984375
153.0457763671875
146.31097412109375
153.53341674804688
162.2963104248047
170.47476196289062
177.72494506835938
4307.91259765625
4801.05126953125
5127.01123046875
5382.24267578125
5593.74267578125
5786.36572265625
5980.08935546875
6177.802734375
6379.04296875
6592.28173828125
6821.2548828125
7064.11865234375
7321.8505859375
7596.55126953125
7896.478515625
8229.478515625
8582.18359375
8950.271484375
9378.2939453125
9850.8486328125
10329.5732421875
10818.5078125
11311.716796875
11805.3984375
12300.0302734375
12797.0595703125
13297.8232421875
13803.810546875
14317.7666015625
14839.39453125
15368.5224609375
15907.4462890625
16454.88671875
17007.66015625
17565.171875
18125.58203125
18686.701171875
19246.3828125
19270.580078125
19065.4140625
18877.40234375
18690.931640625
18501.533203125
18306.873046875
18106.16796875
17899.013671875
17685.078125
17464.744140625
17237.830078125
17004.626953125
16765.8203125
16521.46484375
16271.3583984375
16015.0146484375
