2065.9013671875
2026.581787109375
1986.4256591796875
2108.8916015625
2085.16259765625
2061.28662109375
2046.8450927734375
2043.1446533203125
2039.7666015625
2033.556884765625
2026.8612060546875
2035.3624267578125
2037.2022705078125
2038.4183349609375
2047.9080810546875
2058.48388671875
2060.19580078125
2060.016845703125
2072.23583984375
2089.142333984375
2104.51806640625
2115.54541015625
2125.712646484375
2138.313720703125
2149.072021484375
2158.945556640625
2167.9384765625
2177.399658203125
2189.26513671875
2207.356201171875
2232.851318359375
2267.346435546875
123.46418762207031
123.6352310180664
123.81552124023438
123.99537658691406
124.16752624511719
124.33522033691406
1794.3265380859375
1995.8900146484375
2170.080810546875
2324.79296875
2447.176513671875
2548.95703125
2639.361572265625
2725.042724609375
2810.966796875
2900.669189453125
2994.9970703125
3093.786865234375
3196.93359375
3304.239990234375
3412.47412109375
3519.18798828125
3625.116455078125
3733.513916015625
3846.192138671875
3967.7451171875
4089.737548828125
4209.826171875
4329.18359375
4444.32861328125
4551.00634765625
4651.486328125
4748.6494140625
4851.794921875
4923.3291015625
4835.044921875
4753.49462890625
4675.01318359375
4596.787109375
4516.8544921875
4435.63427734375
4352.49365234375
4266.74609375
4178.923828125
4089.250244140625
3997.4541015625
3902.823974609375
3809.197265625
3713.99462890625
3617.803955078125
3522.05859375
3427.267333984375
3331.87890625
3236.461181640625
3141.635009765625
3046.725830078125
2951.258056640625
2855.6689453125
2761.27001953125
2668.329833984375
