2085.2783203125
2064.98486328125
2036.117919921875
2025.76171875
2027.6282958984375
2033.171875
2024.582275390625
2046.0731201171875
2048.35595703125
2042.6434326171875
2036.637939453125
2050.693115234375
2064.896728515625
2079.3671875
2090.807373046875
2109.04150390625
2131.5087890625
2158.20654296875
2185.57666015625
2213.368896484375
2249.83740234375
2308.5625
2379.440185546875
2465.61328125
2562.646240234375
2667.292236328125
2776.572509765625
2891.774169921875
3012.812744140625
3139.048828125
3268.273681640625
3401.023681640625
141.94677734375
135.2933349609375
133.77952575683594
132.29409790039062
131.8297882080078
131.7224884033203
131.29234313964844
2878.75634765625
2982.504638671875
3053.6337890625
3193.137451171875
3356.957763671875
3545.451171875
3749.194091796875
3963.09619140625
4181.72021484375
4399.5166015625
4615.3740234375
4823.224609375
5022.4501953125
5214.607421875
5400.46826171875
5575.57958984375
5742.609375
5890.7119140625
6033.86376953125
6172.2939453125
6310.537109375
6433.35009765625
6530.4970703125
6604.03125
6654.23681640625
6695.2666015625
6725.42529296875
6747.82568359375
6754.67236328125
6731.63037109375
6692.3369140625
6659.5205078125
6648.68701171875
6655.1591796875
6681.1796875
6709.07666015625
6726.22509765625
6703.8046875
6668.42138671875
6645.54248046875
6645.56982421875
6673.24267578125
6697.52685546875
6818.3447265625
7044.720703125
7033.9951171875
6964.7216796875
6904.66845703125
6627.82470703125
6205.65185546875
5564.92529296875
4846.00537109375
4221.20068359375
4065.24951171875
3916.215576171875
