2084.9921875
2068.48583984375
2036.88818359375
2020.2120361328125
2037.266845703125
2026.6927490234375
2067.74560546875
2063.328369140625
2060.73974609375
2062.2490234375
2060.954833984375
2081.75439453125
2116.9970703125
2137.989013671875
2135.816650390625
2134.0966796875
2128.608642578125
2123.41943359375
2126.0244140625
2142.28125
2150.581298828125
2154.95556640625
2160.1640625
2166.879150390625
2186.151611328125
2211.737060546875
2234.937744140625
2250.630126953125
2279.733642578125
2310.35498046875
2344.46728515625
2394.081787109375
111.98464965820312
109.8836898803711
110.14739990234375
110.9694595336914
111.49400329589844
111.95094299316406
1735.444091796875
1702.340087890625
2332.568359375
3392.64111328125
3396.75732421875
3224.444091796875
3106.450927734375
3075.688232421875
3118.238037109375
3207.312255859375
3320.292724609375
3445.239013671875
3563.956298828125
3679.941650390625
3797.0771484375
3916.995361328125
4057.73486328125
4227.7705078125
4414.9921875
4611.1748046875
4676.5966796875
4588.6630859375
4555.48095703125
4545.38818359375
4546.96728515625
4561.85400390625
4596.244140625
4651.2529296875
4723.27880859375
4797.05712890625
4863.298828125
4916.7841796875
4955.5654296875
4982.1826171875
5000.28662109375
5013.46435546875
5023.82861328125
5032.57861328125
5046.033203125
5058.75732421875
5069.806640625
5076.5986328125
5075.91455078125
5067.412109375
5051.05810546875
5026.72509765625
4995.37646484375
4956.2060546875
4910.29736328125
4858.59423828125
4801.4375
4739.068359375
4672.63818359375
4603.41845703125
