2028.03076171875
2284.66064453125
2329.5732421875
2279.758544921875
2293.748779296875
2253.65576171875
2195.71533203125
2144.49853515625
2118.81689453125
2106.633056640625
2100.452880859375
2104.014892578125
2118.671142578125
2136.328857421875
2163.554931640625
2196.356201171875
2223.130615234375
2241.64892578125
2253.9150390625
2268.60107421875
2287.060302734375
2310.20068359375
2339.076416015625
2368.721435546875
2397.625
2426.816162109375
2457.178955078125
2492.416259765625
2533.110107421875
2581.76904296875
2639.2197265625
2705.922607421875
108.32292175292969
106.05839538574219
107.10612487792969
107.65841674804688
108.20088195800781
108.75886535644531
1719.10009765625
2127.063232421875
2607.218505859375
2990.118896484375
3220.923095703125
3362.0126953125
3467.1728515625
3567.426025390625
3676.38427734375
3798.73779296875
3934.87109375
4001.37890625
4033.59521484375
4077.370849609375
4125.5185546875
4178.64306640625
4232.080078125
4281.07080078125
4325.96435546875
4376.8603515625
4425.16650390625
4471.9541015625
4514.03173828125
4547.4111328125
4572.64013671875
4590.9638671875
4605.0859375
4627.90869140625
4648.3642578125
4668.8623046875
4692.53271484375
4702.5302734375
4701.13623046875
4693.1162109375
4679.759765625
4660.0126953125
4635.3017578125
4605.95703125
4576.78466796875
4541.77197265625
4498.97265625
4448.64697265625
4391.25
4327.7978515625
4296.7802734375
4260.298828125
4188.43603515625
4114.44677734375
4037.0498046875
3956.811279296875
3874.79052734375
3791.973876953125
3708.3701171875
3623.94091796875
3538.94775390625
