2035.5693359375
1915.0250244140625
1750.2818603515625
1648.8326416015625
1604.53271484375
1552.9896240234375
1498.2578125
1456.3468017578125
1429.598876953125
1405.54345703125
1386.87939453125
1374.421630859375
1369.0943603515625
1364.4425048828125
1357.5814208984375
1348.857421875
1340.25146484375
1336.5828857421875
1334.3211669921875
1331.278564453125
1326.9212646484375
1322.6507568359375
1318.767333984375
1314.9376220703125
1312.781494140625
1313.89599609375
1319.84912109375
1331.2872314453125
1347.951416015625
1369.5360107421875
1395.37939453125
1425.0115966796875
119.21134948730469
123.4680404663086
124.85926055908203
124.39478302001953
125.41541290283203
126.3080062866211
1434.5426025390625
1555.921142578125
1654.3011474609375
1710.00732421875
1741.8880615234375
1762.8931884765625
1783.4422607421875
1806.9703369140625
1834.52783203125
1866.010986328125
1900.729248046875
1937.720458984375
1976.096435546875
2015.023193359375
2053.727294921875
2091.652587890625
2129.871826171875
2168.374267578125
2205.105712890625
2240.75927734375
2284.114990234375
2333.57373046875
2375.87158203125
2415.939453125
2458.080322265625
2506.970703125
2567.894287109375
2629.7080078125
2686.24951171875
2734.888671875
2775.783447265625
2810.054931640625
2838.022705078125
2860.192626953125
2876.798583984375
2888.094482421875
2894.807373046875
2896.963623046875
2894.941162109375
2888.823974609375
2878.81005859375
2865.271240234375
2848.578125
2829.443115234375
2819.86865234375
2808.258056640625
2784.373291015625
2758.218994140625
2729.66162109375
2698.969970703125
2666.158203125
2631.463134765625
2595.187255859375
2557.5615234375
2518.830810546875
