2077.790283203125
2048.437744140625
2015.296875
2014.7384033203125
2026.5689697265625
2050.512451171875
2061.562744140625
2066.630859375
2074.649169921875
2092.34765625
2107.75439453125
2121.9345703125
2132.935546875
2146.547119140625
2162.961181640625
2173.970703125
2187.026611328125
2198.05419921875
2209.604736328125
2220.19189453125
2232.327392578125
2244.019775390625
2255.9765625
2275.7763671875
2310.467041015625
2348.245361328125
2390.387451171875
2442.576171875
2505.58203125
2573.896728515625
2643.988525390625
2716.66357421875
121.54740905761719
123.89484405517578
125.13392639160156
125.26058197021484
125.40576934814453
125.53274536132812
1871.6400146484375
2283.059326171875
2603.31494140625
2822.5576171875
2992.0703125
3144.82421875
3295.260009765625
3452.292724609375
3617.45947265625
3789.00341796875
3967.46142578125
4151.34375
4339.13916015625
4527.1953125
4710.7529296875
4888.4013671875
5066.45361328125
5235.3935546875
5395.36279296875
5541.06396484375
5677.12548828125
5812.94384765625
5957.392578125
6103.26416015625
6251.71484375
6400.39599609375
6536.05029296875
6667.5791015625
6802.4404296875
6937.18212890625
7069.87158203125
7204.26025390625
7330.2822265625
7449.60009765625
7550.93115234375
7633.83154296875
7726.7890625
7839.46484375
7970.1220703125
8115.84814453125
8255.212890625
8375.2705078125
8485.82421875
8565.4189453125
8635.83984375
8727.3662109375
8807.548828125
8837.501953125
8909.9755859375
9032.2734375
9206.8291015625
9401.2978515625
9600.671875
9529.470703125
