0.14616604149341583
0.1470232903957367
0.16130363941192627
0.17682956159114838
0.18897147476673126
0.19922764599323273
0.20235702395439148
0.20484031736850739
0.20695771276950836
0.20853416621685028
0.20987839996814728
0.21086935698986053
0.21160025894641876
0.21237926185131073
0.2131700962781906
0.21383175253868103
0.21484419703483582
0.215839222073555
0.21733954548835754
0.21944525837898254
0.22372208535671234
0.22968629002571106
0.23629024624824524
0.2439466118812561
0.2527642846107483
0.2627949118614197
0.2739788293838501
0.2860228419303894
0.2986696660518646
0.3118261694908142
0.3257795572280884
0.3409171998500824
0.029129639267921448
0.022931113839149475
0.022110935300588608
0.021830499172210693
0.021714400500059128
0.021489784121513367
0.021249044686555862
0.021052423864603043
0.30834445357322693
0.3260883092880249
0.3335307240486145
0.3484498858451843
0.36806437373161316
0.3905930817127228
0.41817471385002136
0.4519425630569458
0.48417508602142334
0.526862382888794
0.590432345867157
0.7011308073997498
0.8823188543319702
1.0725253820419312
1.3276373147964478
1.533511996269226
11.302072525024414
31.3942813873291
52.11379623413086
64.55167388916016
71.98765563964844
75.12583923339844
77.39554595947266
123.0451889038086
162.9591522216797
177.3253936767578
184.30966186523438
188.18490600585938
190.43272399902344
200.21849060058594
208.8480987548828
214.8984375
218.42686462402344
220.36045837402344
221.35069274902344
221.72280883789062
221.5555877685547
220.69772338867188
219.1014862060547
217.25274658203125
215.2190399169922
213.14059448242188
211.272216796875
209.39247131347656
207.58370971679688
205.86355590820312
204.20639038085938
202.58880615234375
201.01309204101562
199.49453735351562
198.1310577392578
197.12535095214844
196.31741333007812
195.52015686035156
194.63829040527344
193.7104949951172
192.72991943359375
