1500.0
1500.0
1500.0
1500.0
1500.0
1500.0
1500.0
1500.0
1500.0
1500.0
1500.0
1500.0
1500.0
1500.0
1500.0
1499.9976806640625
1500.0
1500.0
1500.0
1500.0
1500.0
1500.0
1500.0
1500.0
1500.0
1500.0
1500.0
1500.0
1500.0
1500.0
1500.0
1500.0
100.0
100.0
100.0
100.0
100.0
100.0
1500.0
1500.0
1500.0
1500.0
1500.0
1500.0
1500.0
1500.0
1500.0
1500.0
1500.0
1500.0
1500.0
1500.0
1500.0
1500.0
1500.0
1500.0
1500.0
1500.0
1500.0
1500.0
1500.0
1500.0
1500.0
1500.0
1500.0
1500.0
1475.9085693359375
1417.7508544921875
1363.9073486328125
1313.15185546875
1286.7376708984375
1264.1993408203125
1217.2115478515625
1170.49755859375
1124.171630859375
1080.6304931640625
1040.919189453125
1005.6915283203125
974.75341796875
946.4880981445312
919.81396484375
893.8585205078125
868.9811401367188
846.1270141601562
824.8040771484375
804.7481079101562
783.80224609375
763.0173950195312
741.903564453125
720.0381469726562
697.6262817382812
675.0147705078125
652.505859375
