19.19480323791504
18.704547882080078
16.850276947021484
14.68762493133545
13.076815605163574
12.005803108215332
11.303214073181152
10.831840515136719
10.526254653930664
10.342093467712402
10.244438171386719
10.222602844238281
10.261826515197754
10.341195106506348
10.439330101013184
10.56859302520752
10.72440242767334
10.913421630859375
11.14790153503418
11.432943344116211
11.765359878540039
12.155802726745605
12.608595848083496
13.122720718383789
13.69357967376709
14.31567668914795
14.9779691696167
15.693340301513672
16.4649715423584
17.308032989501953
18.2146053314209
19.15681266784668
4.0156683921813965
3.3061769008636475
3.0938029289245605
3.104431390762329
3.1917316913604736
3.3061957359313965
28.226282119750977
28.46309471130371
28.098207473754883
29.019929885864258
30.427627563476562
31.911365509033203
33.3740234375
34.82376480102539
36.21344757080078
37.54700469970703
38.83916473388672
40.103214263916016
41.34675598144531
42.5694694519043
43.760101318359375
44.94800567626953
46.1862907409668
47.40302276611328
48.581668853759766
49.71959686279297
50.80674362182617
51.8436393737793
52.84462356567383
53.83942413330078
54.750057220458984
55.551395416259766
56.23551940917969
56.82630920410156
57.333744049072266
57.77741622924805
58.155860900878906
58.44670867919922
58.61996078491211
58.65991973876953
58.56480407714844
58.364402770996094
58.07160568237305
57.70537185668945
57.28450393676758
56.827571868896484
56.35856246948242
55.89175033569336
55.462913513183594
55.05525207519531
54.645164489746094
54.22478103637695
53.783321380615234
53.32271957397461
52.84943771362305
52.37018585205078
51.89439392089844
51.42376708984375
50.96410369873047
50.51955032348633
