0.0413658432662487
0.045516300946474075
0.051702167838811874
0.0556100495159626
0.0562523677945137
0.05636376515030861
0.0566273108124733
0.05680689215660095
0.05704459175467491
0.05727550759911537
0.057473015040159225
0.05761771276593208
0.057730767875909805
0.05785249173641205
0.05798512324690819
0.058111172169446945
0.05824701115489006
0.058383047580718994
0.05850797891616821
0.058626074343919754
0.058740731328725815
0.05887446179986
0.05902465432882309
0.059206776320934296
0.05941544100642204
0.05959717556834221
0.05976063013076782
0.05992484465241432
0.060135941952466965
0.06042840704321861
0.06082327663898468
0.0613054558634758
0.0028803949244320393
0.002802888862788677
0.002797273453325033
0.00278845033608377
0.002780635841190815
0.002775465836748481
0.05328647047281265
0.0586470402777195
0.06062973290681839
0.062173981219530106
0.06355563551187515
0.06480924785137177
0.06597457081079483
0.0671071708202362
0.06824302673339844
0.06939548999071121
0.0705631822347641
0.07174283266067505
0.07293833047151566
0.07415740936994553
0.07541600614786148
0.07672198116779327
0.07809964567422867
0.0795573964715004
0.08101906627416611
0.08242382854223251
0.08380673080682755
0.08523255586624146
0.08669645339250565
0.08819782733917236
0.08978183567523956
0.09146293252706528
0.09289746731519699
0.09413477033376694
0.0953485369682312
0.09669878333806992
0.09803641587495804
0.09940376877784729
0.10083267092704773
0.10291092097759247
0.10539175570011139
0.10780738294124603
0.11007200181484222
0.11216819286346436
0.11413247138261795
0.11598212271928787
0.11769332736730576
0.11931418627500534
0.12090028077363968
0.12247639149427414
0.12407892942428589
0.1257496476173401
0.12745113670825958
0.1292448490858078
0.1289726346731186
0.12526139616966248
0.12197504192590714
0.11892254650592804
0.11602453142404556
0.11320926994085312
