-0.0
-0.0
-0.0
-0.0
-0.0
-0.0
-0.0
-0.0
-0.0
-0.0
-0.0
-0.0
-0.0
-0.0
-0.0
-0.0
-0.0
-0.0
-0.0
-0.0
-0.0
-0.0
-0.0
-0.0
-0.0
-0.0
-0.0
-0.0
-0.0
-0.0
-0.0
-0.0
-0.0
-0.0
-0.0
-0.0
-0.0
-0.0
-0.0
-0.0
-0.0
-0.0
-0.0
-0.0
-0.0
-0.0
-0.0
-0.0
-0.0
-0.0
-0.0
-0.0
-0.0
-0.0
-0.0
-0.0
-0.0
-0.0
-0.0
-0.0
-0.0
-0.0
-0.0
-0.0
-0.0
-0.0
-0.0
-0.0
-0.0
-0.0
-0.0
-0.0
-0.0
7.661030281269632e-07
1.8201438933829195e-06
2.7566650260268943e-06
3.5759928778134054e-06
4.296332463127328e-06
4.92640856464277e-06
5.47770878256415e-06
5.96041172684636e-06
6.381475941452663e-06
6.757065420970321e-06
7.081444437062601e-06
7.3566261562518775e-06
7.58857095206622e-06
7.782343345752452e-06
7.942022421048023e-06
8.071673619269859e-06
8.174152753781527e-06
8.252573934441898e-06
8.309738404932432e-06
8.348190021933988e-06
