1500.0
1499.9998779296875
1166.8939208984375
977.5724487304688
933.7919921875
907.5394897460938
883.5307006835938
860.4584350585938
836.4735107421875
810.9590454101562
788.1898193359375
769.4667358398438
752.1544799804688
735.0554809570312
717.5629272460938
699.5796508789062
681.9747314453125
665.9068603515625
650.1431884765625
637.6112670898438
626.8041381835938
616.4925537109375
606.229248046875
595.7454223632812
584.9735107421875
573.947021484375
563.088134765625
552.1972045898438
541.8244018554688
531.8034057617188
521.834716796875
512.1892700195312
100.00000762939453
100.0
100.0
100.0
100.0
100.0
869.594482421875
624.1165161132812
533.1669921875
479.1763916015625
450.2068786621094
432.60443115234375
419.0515441894531
407.2460021972656
395.70269775390625
383.6108703613281
374.5444030761719
366.05377197265625
357.8569030761719
349.37506103515625
340.9485168457031
333.7564392089844
326.8722839355469
320.0563049316406
313.23809814453125
306.80419921875
300.57183837890625
294.3262634277344
288.0743713378906
281.79071044921875
275.4635925292969
269.15118408203125
262.86395263671875
256.60321044921875
250.38917541503906
244.20404052734375
238.04037475585938
231.9212646484375
225.861572265625
219.8865509033203
214.01913452148438
208.31410217285156
202.7677764892578
197.36927795410156
192.11497497558594
187.02000427246094
182.07394409179688
177.25616455078125
172.56842041015625
168.04400634765625
163.806396484375
159.67706298828125
155.67913818359375
151.8230438232422
148.06356811523438
144.41224670410156
140.87744140625
137.48605346679688
134.21392822265625
131.06568908691406
