2084.601318359375
2062.884033203125
2037.3629150390625
2018.77001953125
2006.5323486328125
1996.229736328125
2035.0107421875
2048.259033203125
2047.718505859375
2048.12841796875
2044.4361572265625
2067.998291015625
2083.989501953125
2112.759765625
2142.970703125
2171.170166015625
2195.3720703125
2214.609619140625
2235.306396484375
2262.902099609375
2305.40625
2370.530029296875
2460.09326171875
2567.974853515625
2689.632080078125
2822.184326171875
2961.5810546875
3106.510986328125
3256.74609375
3412.322998046875
3570.653564453125
3736.667724609375
142.88223266601562
134.29318237304688
139.10140991210938
146.183837890625
153.17999267578125
159.42991638183594
3826.664794921875
4114.46875
4218.5283203125
4302.72021484375
4406.5302734375
4538.6669921875
4698.27001953125
4879.912109375
5079.62841796875
5293.77880859375
5521.85205078125
5761.458984375
6021.33984375
6287.953125
6558.0712890625
6832.89111328125
7118.4453125
7459.04345703125
7839.001953125
8180.48095703125
8535.8505859375
8885.9267578125
9223.9423828125
9548.005859375
9855.50390625
10146.818359375
10421.1015625
10672.900390625
10902.5498046875
11110.6083984375
11297.90625
11466.2138671875
11618.8056640625
11756.6708984375
11878.791015625
11985.5283203125
12078.203125
12156.693359375
12219.6923828125
12266.6884765625
12296.505859375
12308.240234375
12303.9072265625
12281.328125
12242.5419921875
12190.9609375
12129.1337890625
12061.689453125
11985.2431640625
11902.68359375
11817.2197265625
11729.669921875
11640.9208984375
11553.060546875
