2085.0
2072.2412109375
2040.90185546875
2014.2122802734375
1997.5491943359375
2003.91064453125
2129.292724609375
2114.87939453125
2104.593017578125
2097.02685546875
2092.9970703125
2094.552490234375
2096.487548828125
2097.7529296875
2103.471435546875
2114.798095703125
2123.6611328125
2069.51318359375
2013.1767578125
1961.0218505859375
1916.06982421875
1896.69873046875
1877.4693603515625
1853.1866455078125
1830.2528076171875
1805.8372802734375
1783.1522216796875
1769.5986328125
1758.5064697265625
1751.3680419921875
1745.510986328125
1737.2154541015625
118.52471923828125
118.57262420654297
118.96997833251953
119.29923248291016
119.44717407226562
119.59317016601562
1738.301025390625
1631.8499755859375
1777.5595703125
1772.4852294921875
1738.7257080078125
1709.9691162109375
1692.06005859375
1681.970703125
1675.5157470703125
1676.8232421875
1692.7098388671875
1709.248779296875
1745.119384765625
1803.2393798828125
1859.5364990234375
1916.29052734375
1973.5213623046875
2033.20458984375
2089.098388671875
2140.524658203125
2189.531494140625
2235.53955078125
2278.69677734375
2319.253173828125
2357.455810546875
2392.71923828125
2424.931640625
2454.798828125
2482.67333984375
2508.265380859375
2531.42529296875
2551.855224609375
2569.295166015625
2583.72265625
2595.120361328125
2603.595703125
2609.03466796875
2611.4208984375
2610.885009765625
2607.73974609375
2602.62646484375
2595.916015625
2587.428466796875
2577.17919921875
2565.3837890625
2553.624755859375
2541.8828125
2529.04150390625
2515.024658203125
2499.841796875
2483.51171875
2466.111083984375
2457.221435546875
2447.83740234375
2428.10693359375
