2048.184326171875
1896.2220458984375
1837.73193359375
1696.8316650390625
1618.5865478515625
1541.1893310546875
1476.435302734375
1434.0491943359375
1413.9114990234375
1401.9046630859375
1390.7763671875
1382.9913330078125
1377.6495361328125
1370.783935546875
1361.9300537109375
1352.2991943359375
1344.0784912109375
1339.20703125
1335.6961669921875
1332.273193359375
1328.7330322265625
1325.4139404296875
1323.212646484375
1322.2098388671875
1323.120849609375
1326.5999755859375
1332.960693359375
1342.6693115234375
1356.4620361328125
1374.818359375
1398.013916015625
1426.0587158203125
117.21531677246094
119.76934051513672
120.58712768554688
121.15044403076172
121.50379180908203
121.79658508300781
1262.3157958984375
1623.3153076171875
1746.0859375
1791.104736328125
1807.9317626953125
1818.3101806640625
1831.46728515625
1850.73388671875
1876.349365234375
1907.3970947265625
1942.5057373046875
1981.2735595703125
2022.787109375
2065.77734375
2109.972900390625
2155.951904296875
2202.277587890625
2253.214111328125
2310.902587890625
2369.24072265625
2425.392333984375
2474.10546875
2519.202392578125
2577.6865234375
2629.1123046875
2674.7763671875
2723.22119140625
2776.45947265625
2827.632568359375
2870.390625
2904.320556640625
2930.251220703125
2949.557861328125
2963.370361328125
2972.181396484375
2976.12109375
2975.39697265625
2970.140380859375
2960.825927734375
2947.66943359375
2930.92822265625
2910.916259765625
2888.060546875
2863.111328125
2836.25244140625
2806.651123046875
2775.11279296875
2741.669677734375
2705.964111328125
2668.480224609375
2629.51806640625
2589.2587890625
2547.961669921875
2505.78955078125
