2085.04833984375
2067.082763671875
2038.2000732421875
2013.2718505859375
1996.0821533203125
1988.4478759765625
2052.166259765625
2059.93017578125
2049.46826171875
2046.132080078125
2066.203857421875
2090.873291015625
2124.158203125
2157.167724609375
2178.01904296875
2194.000732421875
2215.60302734375
2236.0830078125
2252.081298828125
2267.094482421875
2285.23681640625
2307.583251953125
2331.136962890625
2351.890869140625
2375.479248046875
2408.5302734375
2457.807373046875
2524.390869140625
2605.386474609375
2696.54443359375
2794.237060546875
2896.9091796875
122.25037384033203
123.88990783691406
124.95134735107422
125.66493225097656
126.17420196533203
126.55347442626953
1999.781982421875
2513.2978515625
2835.312744140625
3068.63623046875
3249.81982421875
3404.685791015625
3553.2890625
3702.942626953125
3855.094482421875
4010.370849609375
4167.83642578125
4326.4013671875
4485.43359375
4644.4033203125
4803.07080078125
4961.05419921875
5119.28466796875
5282.38232421875
5452.404296875
5649.48486328125
5847.83447265625
6038.53125
6221.94775390625
6403.45458984375
6586.6787109375
6774.85302734375
6973.443359375
7200.51708984375
7465.2314453125
7695.18212890625
7897.55810546875
8088.33056640625
8253.0703125
8402.97265625
8545.3876953125
8668.7392578125
8778.720703125
8882.607421875
8964.310546875
9032.01171875
9088.7001953125
9134.4755859375
9167.6669921875
9189.365234375
9192.708984375
9175.81640625
9142.455078125
8826.2197265625
8512.046875
8228.3642578125
7964.06787109375
7714.9345703125
7478.0625
7249.17724609375
