2049.866943359375
2005.0863037109375
2137.917236328125
2203.53173828125
2160.758056640625
2181.848876953125
2228.56982421875
2250.66796875
2262.8935546875
2265.758544921875
2276.42138671875
2306.2802734375
2341.254638671875
2378.87939453125
2420.8916015625
2466.16748046875
2525.166259765625
2605.5380859375
2707.928466796875
2831.966552734375
2976.517822265625
3138.47705078125
3314.4306640625
3501.46435546875
3695.754638671875
3895.18359375
4098.43408203125
4304.7958984375
4513.74365234375
4721.35400390625
4939.9599609375
5161.47998046875
158.11619567871094
140.0374755859375
137.70628356933594
138.5389862060547
140.36927795410156
142.6190185546875
4852.9130859375
6178.5966796875
6599.7783203125
6733.48193359375
6808.22607421875
6922.6513671875
7121.94873046875
7380.447265625
7670.333984375
7984.54248046875
8327.2099609375
8696.876953125
9086.2392578125
9079.9150390625
9122.595703125
9178.494140625
9230.806640625
9277.1943359375
9314.4794921875
9344.912109375
9362.888671875
9361.005859375
9339.775390625
9301.5888671875
9247.45703125
9181.0703125
9106.12890625
9024.1357421875
8935.625
8840.9580078125
8741.0537109375
8635.6064453125
8524.375
8407.119140625
8288.732421875
8167.23974609375
8041.2509765625
7910.86669921875
7776.8759765625
7640.1279296875
7502.97119140625
7362.37841796875
7221.48193359375
7080.53271484375
6938.85107421875
6797.0654296875
6656.35595703125
6586.08984375
6516.13623046875
6378.8017578125
6243.67138671875
6110.49560546875
5980.0263671875
5851.2412109375
5724.4677734375
