2077.12255859375
2050.384765625
2010.099609375
1987.0960693359375
2110.396240234375
2139.5361328125
2208.476318359375
2275.671142578125
2304.7109375
2315.74365234375
2324.3291015625
2327.811767578125
2327.219970703125
2326.50146484375
2329.138671875
2330.2626953125
2326.630126953125
2320.674560546875
2316.63720703125
2319.83447265625
2335.137939453125
2367.911376953125
2427.218505859375
2507.212646484375
2600.580322265625
2703.7177734375
2812.3876953125
2926.672607421875
3045.896484375
3167.854736328125
3290.849853515625
3414.91552734375
116.51780700683594
117.66329956054688
119.02903747558594
119.77317810058594
120.26751708984375
120.61444091796875
2183.86181640625
2919.201171875
3348.847900390625
3608.998779296875
3779.834228515625
3913.228271484375
4036.764892578125
4098.96142578125
4161.95361328125
4294.93798828125
4434.40380859375
4577.681640625
4725.599609375
4874.44921875
5021.25439453125
5165.73974609375
5324.80078125
5474.03515625
5614.755859375
5751.20458984375
5887.46484375
6015.32421875
6150.83447265625
6277.28125
6374.625
6449.470703125
6507.8974609375
6563.35986328125
6616.26904296875
6669.34033203125
6719.87255859375
6760.3076171875
6800.181640625
6829.66845703125
6531.650390625
6275.56005859375
6054.55126953125
5854.544921875
5759.91015625
5669.88427734375
5491.52734375
5310.5341796875
5134.39453125
4967.8837890625
4816.0107421875
4673.73193359375
4537.85595703125
4408.30029296875
4280.77099609375
4158.79638671875
4044.734130859375
3937.965576171875
3838.8857421875
3744.112060546875
3651.9091796875
3562.4501953125
