2071.6689453125
2046.0157470703125
2023.06591796875
2009.1370849609375
1995.8631591796875
1985.2923583984375
2029.2769775390625
2089.1240234375
2144.43115234375
2199.1201171875
2247.20556640625
2301.178955078125
2382.79296875
2511.62158203125
2701.4443359375
2945.666748046875
3234.12353515625
3556.0458984375
3909.039794921875
4293.087890625
4700.87939453125
5124.70703125
5560.0263671875
6002.35302734375
6465.72705078125
7015.00146484375
7670.65771484375
8336.4970703125
8980.09375
9600.427734375
10202.15625
10787.8505859375
11361.9775390625
11922.73828125
565.138916015625
546.9146118164062
602.3743286132812
653.0431518554688
689.5557250976562
715.2697143554688
733.8732299804688
12940.404296875
13202.451171875
13466.0537109375
14011.6083984375
14545.0810546875
15062.30859375
15561.90625
16053.498046875
15837.7548828125
15142.2001953125
14553.5126953125
13994.8896484375
13452.8701171875
12938.421875
12444.2763671875
11968.4345703125
11511.7373046875
11073.8486328125
10654.263671875
10252.275390625
9867.083984375
9498.3388671875
9145.365234375
8806.83203125
8482.7060546875
8171.66259765625
7873.55712890625
7587.61376953125
7313.91015625
7051.9169921875
6801.4091796875
6561.9189453125
6333.0947265625
6114.5078125
5905.22265625
5704.35205078125
5511.8037109375
5327.02587890625
5149.14794921875
4977.61669921875
4812.4794921875
4652.9892578125
4499.763671875
4407.83349609375
4351.3759765625
4210.0166015625
4074.229248046875
3943.632080078125
3818.048828125
3696.556640625
3579.270751953125
3465.845947265625
3356.118896484375
3249.59228515625
3146.327392578125
3046.03076171875
