487.8846740722656
442.1524963378906
351.9714050292969
302.7633361816406
236.109619140625
203.8143768310547
183.34352111816406
167.65907287597656
162.0824737548828
157.48023986816406
151.68307495117188
145.2705535888672
138.90908813476562
132.79539489746094
135.14280700683594
135.82363891601562
135.2075958251953
133.97935485839844
132.4886474609375
130.89895629882812
129.57228088378906
128.23573303222656
126.82676696777344
125.81201171875
126.97032928466797
129.1033172607422
132.11671447753906
135.94711303710938
140.85301208496094
149.45286560058594
158.59059143066406
167.4969940185547
175.7822265625
183.15638732910156
189.35888671875
194.3144989013672
197.9442138671875
200.35084533691406
201.71762084960938
202.3309783935547
202.50445556640625
202.5592041015625
202.6683807373047
203.0858917236328
203.92747497558594
205.2456817626953
206.86532592773438
208.62945556640625
210.38731384277344
212.0418243408203
213.50962829589844
214.7279815673828
215.66387939453125
216.30763244628906
216.6658172607422
216.75143432617188
216.57955932617188
216.17611694335938
215.60301208496094
214.80357360839844
213.79466247558594
212.59469604492188
211.22052001953125
209.6867218017578
208.0050506591797
206.20042419433594
204.27430725097656
202.23582458496094
200.09339904785156
197.8543243408203
195.5263214111328
193.13079833984375
190.6759796142578
188.151123046875
185.56092834472656
182.9127655029297
180.2177276611328
177.48321533203125
174.7163848876953
171.9252166748047
169.1178741455078
166.30224609375
163.4852294921875
160.67127990722656
157.8645477294922
155.06944274902344
152.29116821289062
149.5342559814453
146.8031005859375
144.1029815673828
141.4387664794922
138.81422424316406
136.2327117919922
133.6974639892578
