2043.187744140625
1993.65966796875
2216.585205078125
2201.560791015625
2236.988037109375
2274.130615234375
2295.639892578125
2300.78662109375
2320.785888671875
2361.141357421875
2410.328369140625
2460.926025390625
2510.056396484375
2563.246826171875
2640.885498046875
2752.389892578125
2896.557373046875
3072.583740234375
3275.8310546875
3500.27392578125
3739.79443359375
3990.911376953125
4249.41943359375
4510.3603515625
4774.00244140625
5041.5009765625
5307.4638671875
5580.93115234375
5861.79833984375
6150.62158203125
6462.787109375
6812.36865234375
187.10888671875
159.985107421875
157.54478454589844
159.43405151367188
184.4898223876953
210.13233947753906
7363.51611328125
8943.9287109375
9435.345703125
9099.4912109375
8934.7744140625
8882.396484375
8843.8740234375
8810.296875
8793.796875
8784.3564453125
8770.322265625
8748.68359375
8719.529296875
8680.5849609375
8637.490234375
8578.3515625
8506.5478515625
8429.130859375
8346.7705078125
8258.8974609375
8165.0625
8065.0947265625
7959.42626953125
7849.4130859375
7734.85595703125
7615.73095703125
7492.76708984375
7370.41943359375
7247.720703125
7123.01611328125
6997.24658203125
6868.84130859375
6740.4267578125
6611.27880859375
6483.3037109375
6356.5107421875
6231.6005859375
6108.9384765625
5988.3486328125
5869.71240234375
5811.29541015625
5753.4404296875
5640.4892578125
5529.7421875
5421.28857421875
5315.01171875
5208.853515625
5104.7265625
5003.6318359375
4904.86181640625
4808.61328125
4714.953125
4623.341796875
4533.7861328125
4448.349609375
4365.1416015625
