2058.43017578125
2011.603271484375
1927.191650390625
1918.7635498046875
1841.352783203125
1774.997314453125
1672.753662109375
1578.0599365234375
1497.9183349609375
1420.3004150390625
1346.2979736328125
1314.2840576171875
1280.6939697265625
1249.02587890625
1232.0399169921875
1226.931884765625
1230.55517578125
1235.17138671875
1249.63037109375
1268.0093994140625
1287.6722412109375
1373.400146484375
1450.3387451171875
1520.9893798828125
1585.876708984375
1641.8416748046875
1689.2210693359375
1729.8555908203125
1762.5467529296875
1786.178955078125
1800.2557373046875
1805.100341796875
1803.0059814453125
1795.174560546875
387.3719787597656
413.6637268066406
457.1877746582031
485.75677490234375
498.4683837890625
498.8939514160156
1846.211181640625
1769.4356689453125
1672.127197265625
1573.0572509765625
1521.7044677734375
1498.310546875
1490.445068359375
1489.37841796875
1489.477783203125
1490.63232421875
1489.9593505859375
1485.8804931640625
1478.010498046875
1466.4617919921875
1451.6981201171875
1434.372802734375
1415.088623046875
1394.4114990234375
1372.7735595703125
1350.6456298828125
1328.338623046875
1306.202392578125
1284.2279052734375
1262.559326171875
1241.6693115234375
1220.936767578125
1200.22705078125
1179.4942626953125
1158.759521484375
1138.0364990234375
1117.248779296875
1096.4091796875
1075.5904541015625
1054.847900390625
1034.2252197265625
1013.7501831054688
993.4423217773438
973.2968139648438
953.3493041992188
933.6159057617188
914.2197875976562
895.3329467773438
876.8764038085938
858.7373046875
840.8956909179688
823.3311157226562
806.0455932617188
789.0575561523438
772.3688354492188
755.969970703125
739.8638305664062
724.0519409179688
708.5364990234375
693.310791015625
678.4061279296875
663.8059692382812
