2007.9920654296875
2456.839599609375
2361.178955078125
2456.3642578125
2427.891845703125
2498.569580078125
2567.093505859375
2599.968994140625
2611.581298828125
2620.656982421875
2627.938232421875
2631.322265625
2630.07373046875
2629.905029296875
2627.114990234375
2623.42724609375
2626.60107421875
2645.3876953125
2675.779296875
2722.350341796875
2790.261962890625
2880.68701171875
2921.43212890625
2952.257080078125
3000.10498046875
3059.0048828125
3124.2294921875
3158.83056640625
3191.919921875
3257.14501953125
3321.536865234375
3381.683837890625
3436.303466796875
140.91090393066406
128.55433654785156
126.51634216308594
125.75328826904297
125.31932830810547
125.08370971679688
3839.535400390625
4033.576171875
3994.968505859375
3985.783203125
3959.124267578125
3917.9248046875
3870.440673828125
3785.403564453125
3726.77490234375
3690.855224609375
3657.93017578125
3623.5703125
3586.428955078125
3545.440185546875
3501.99365234375
3451.318115234375
3392.078125
3321.33203125
3240.535400390625
3151.8173828125
3058.430908203125
2964.468994140625
2871.491455078125
2779.77734375
2689.404052734375
2600.013427734375
2511.53369140625
2423.76171875
2336.707275390625
2250.976806640625
2166.552734375
2083.6357421875
2003.04345703125
1925.63330078125
1851.9102783203125
1783.364990234375
1750.331787109375
1718.76123046875
1660.4366455078125
1606.3697509765625
1555.9129638671875
1508.1302490234375
1462.1749267578125
1417.501220703125
1374.278564453125
1332.577392578125
1292.450927734375
1253.70654296875
1216.009033203125
1179.2470703125
1143.403564453125
1108.6824951171875
1074.6065673828125
1040.4078369140625
1006.6104125976562
973.8328857421875
942.9197387695312
