2031.0302734375
2134.720458984375
2540.263427734375
2636.052734375
2623.859130859375
2547.48291015625
2485.985595703125
2450.44091796875
2435.853271484375
2434.850341796875
2440.496826171875
2451.69091796875
2463.879150390625
2483.277587890625
2511.024169921875
2544.1865234375
2576.9072265625
2613.3427734375
2663.78125
2735.33642578125
2831.45263671875
2952.338134765625
3097.80126953125
3264.176025390625
3450.562255859375
3655.61865234375
3873.499755859375
4077.56884765625
4100.2646484375
4158.4697265625
4233.72119140625
4318.04248046875
161.9559326171875
125.50648498535156
117.00831604003906
115.84046936035156
116.2179946899414
117.31623077392578
3850.1591796875
5463.7763671875
5588.2099609375
5403.69775390625
5364.376953125
5437.96923828125
5529.9521484375
5626.53271484375
5735.03173828125
5849.609375
5964.42578125
6072.3974609375
6176.81396484375
6273.93017578125
6357.51171875
6428.6787109375
6488.2734375
6534.20556640625
6566.0625
6583.18896484375
6585.78271484375
6573.9091796875
6547.7705078125
6509.01025390625
6458.76416015625
6398.6064453125
6329.62841796875
6252.248046875
6167.03955078125
6074.48681640625
5975.11474609375
5869.9404296875
5759.79833984375
5645.5703125
5528.09912109375
5408.33203125
5286.92138671875
5164.77490234375
5042.7177734375
4921.32275390625
4800.9208984375
4681.818359375
4564.41455078125
4448.9677734375
4335.67822265625
4224.62353515625
4116.22216796875
4010.2314453125
3906.570556640625
3804.697265625
3705.02490234375
3609.22705078125
3517.256103515625
3428.494384765625
3343.071044921875
