2058.538818359375
2024.101806640625
1992.60986328125
2088.437255859375
2088.17724609375
2072.259033203125
2064.19384765625
2058.322998046875
2057.891845703125
2097.489013671875
2132.141357421875
2148.052001953125
2177.030517578125
2210.58203125
2248.498291015625
2287.53515625
2335.806884765625
2413.5185546875
2524.58447265625
2664.369873046875
2830.656982421875
3021.368408203125
3236.1435546875
3473.132080078125
3729.30859375
4004.34423828125
4291.6533203125
4590.88818359375
4900.7939453125
5217.04296875
5547.806640625
5887.20703125
222.27870178222656
226.57069396972656
246.42086791992188
265.5317077636719
282.1827392578125
297.37860107421875
7131.74951171875
7662.49462890625
8091.1015625
8546.2451171875
8845.6787109375
9079.58984375
9335.2060546875
9615.8193359375
9934.896484375
10303.361328125
10722.7919921875
11198.5439453125
11714.3779296875
12260.3896484375
12827.5283203125
13413.9521484375
14022.4580078125
14050.552734375
14021.890625
13997.6142578125
13963.40234375
13917.3916015625
13860.998046875
13787.8037109375
13694.53125
13580.4501953125
13445.2685546875
13289.791015625
13115.3017578125
12924.330078125
12718.73828125
12500.169921875
12270.4794921875
12029.8447265625
11781.0546875
11527.337890625
11269.4287109375
11008.8818359375
10745.828125
10483.5419921875
10220.529296875
9953.0380859375
9695.619140625
9444.197265625
9198.28515625
8958.02734375
8723.3349609375
8494.8291015625
8271.8427734375
8055.7275390625
7847.02392578125
7645.6298828125
7451.40478515625
7264.26513671875
7083.73388671875
