2081.63671875
2053.291015625
2018.4681396484375
2001.3564453125
2035.82568359375
2057.635986328125
2074.0205078125
2079.31201171875
2079.38720703125
2087.376220703125
2087.356201171875
2087.079345703125
2102.436767578125
2118.17578125
2130.95703125
2144.65673828125
2159.72900390625
2176.001953125
2195.544921875
2215.7978515625
2238.90087890625
2267.273681640625
2295.73291015625
2333.05029296875
2378.533935546875
2435.188720703125
2524.868408203125
2636.8974609375
2754.010986328125
2867.663330078125
2984.83837890625
3115.917724609375
118.85914611816406
120.91185760498047
122.36459350585938
130.81768798828125
135.56431579589844
137.03460693359375
2764.36474609375
2861.5966796875
2969.872314453125
3204.69921875
3450.031005859375
3702.1455078125
3960.941162109375
4227.0712890625
4495.91552734375
4764.81005859375
5032.49169921875
5296.43212890625
5560.77490234375
5828.86376953125
6089.57666015625
6351.47314453125
6592.31298828125
6813.45751953125
7034.1025390625
7244.2626953125
7443.5615234375
7631.3369140625
7805.9716796875
7980.5244140625
8164.048828125
8331.974609375
8461.9765625
8583.7734375
8689.4453125
8780.5966796875
8870.3564453125
8934.1142578125
8936.029296875
8908.6181640625
8931.3369140625
9021.462890625
7736.3212890625
7221.4365234375
6635.595703125
6164.51953125
5831.4404296875
5520.06005859375
5244.96484375
4960.31787109375
4635.83544921875
4420.2177734375
4249.98388671875
4040.89404296875
3883.1943359375
3751.489990234375
3649.599365234375
3542.429931640625
3450.296142578125
3362.533935546875
3280.696044921875
