2040.8472900390625
2000.8575439453125
2112.302734375
2103.14404296875
2067.691162109375
2073.365478515625
2121.18701171875
2142.531005859375
2173.308837890625
2205.29931640625
2236.46337890625
2287.314697265625
2347.32763671875
2405.088134765625
2468.52490234375
2553.557373046875
2670.095947265625
2825.9560546875
3020.37451171875
3249.71337890625
3508.4267578125
3790.04248046875
4093.488037109375
4415.07373046875
4746.13427734375
5084.115234375
5429.630859375
5604.37548828125
5784.59423828125
6161.84521484375
6553.7744140625
6977.2783203125
7475.212890625
270.7005310058594
289.6291198730469
323.6461486816406
351.0126647949219
371.4610900878906
389.10498046875
9846.01171875
10835.0888671875
11093.208984375
11291.0576171875
11410.873046875
11555.046875
11946.5068359375
12056.09375
12048.7431640625
12085.162109375
12135.29296875
12184.607421875
12225.208984375
12249.6806640625
12254.78125
12254.947265625
12244.3203125
12218.0224609375
12175.0966796875
12112.8125
12030.5478515625
11929.5400390625
11811.498046875
11746.951171875
11676.708984375
11524.8212890625
11358.7333984375
11179.4638671875
10991.8388671875
10792.8828125
10587.896484375
10378.7724609375
10156.953125
9942.49609375
9727.0263671875
9513.8125
9307.7578125
9104.7275390625
8906.6767578125
8711.435546875
8518.009765625
8327.2685546875
8138.7734375
7956.91845703125
7779.2158203125
7605.72265625
7436.650390625
7271.8515625
7110.81201171875
6953.31298828125
6800.17724609375
6652.10791015625
6508.23681640625
6366.68115234375
6228.2041015625
6093.13427734375
5961.54736328125
