2040.4337158203125
1996.2447509765625
2126.11181640625
2102.69140625
2067.35546875
2076.677490234375
2124.74658203125
2148.71630859375
2179.863037109375
2211.568359375
2244.79296875
2301.5205078125
2362.094970703125
2425.360107421875
2498.792724609375
2592.08740234375
2718.73974609375
2876.552490234375
3062.249267578125
3274.71923828125
3508.663818359375
3760.3486328125
4028.90673828125
4315.349609375
4617.25146484375
4929.3349609375
5256.646484375
5422.64697265625
5593.57275390625
5943.76611328125
6306.3369140625
6684.13916015625
7082.59228515625
244.53097534179688
258.9272766113281
290.35577392578125
316.042724609375
336.06365966796875
351.71258544921875
8851.1201171875
9807.9111328125
10254.099609375
10427.8212890625
10588.310546875
10744.5888671875
10906.357421875
11295.4765625
11431.2978515625
11369.515625
11350.7783203125
11345.064453125
11342.2421875
11335.1376953125
11316.349609375
11284.3603515625
11239.2666015625
11181.1533203125
11109.115234375
11022.5400390625
10921.4580078125
10807.154296875
10678.8515625
10537.625
10385.6708984375
10223.9619140625
10056.8173828125
9884.0712890625
9706.5400390625
9522.9892578125
9335.8681640625
9146.2138671875
8954.478515625
8761.1025390625
8570.2041015625
8475.9716796875
8382.4228515625
8201.005859375
8022.7900390625
7842.68017578125
7670.93310546875
7506.19677734375
7348.4150390625
7194.1923828125
7043.28515625
6895.2578125
6748.8115234375
6604.75634765625
6463.12451171875
6324.37255859375
6188.87109375
6056.2958984375
5926.89794921875
5801.0087890625
5678.37255859375
5558.91455078125
5442.4697265625
