2077.12353515625
2046.0472412109375
2012.0653076171875
1988.53857421875
2094.268798828125
2126.697265625
2230.695068359375
2321.00341796875
2392.130126953125
2452.196044921875
2493.052490234375
2515.655029296875
2525.6513671875
2527.094482421875
2523.352294921875
2520.21044921875
2519.686767578125
2530.760009765625
2550.15673828125
2581.83740234375
2633.13623046875
2706.253662109375
2803.987548828125
2920.909423828125
3060.83935546875
3225.83935546875
3410.252685546875
3506.4921875
3605.81787109375
3818.48828125
4047.560791015625
4291.50537109375
4551.96728515625
177.42955017089844
152.9893035888672
143.55111694335938
140.58766174316406
140.13427734375
140.12277221679688
3641.053466796875
4244.48486328125
4677.3603515625
4865.033203125
5031.8125
5185.7197265625
5334.66455078125
5603.224609375
5887.2177734375
6185.35400390625
6501.05908203125
6854.3662109375
7185.49365234375
7516.23193359375
7805.29248046875
8078.74365234375
8325.646484375
8554.115234375
8767.529296875
8948.0791015625
9090.54296875
9225.740234375
9330.552734375
9393.4609375
9439.2470703125
9491.298828125
9559.341796875
9575.6044921875
9103.1943359375
8702.0224609375
8339.2626953125
7998.77978515625
7682.88330078125
7388.4921875
7113.41748046875
6980.26904296875
6851.34716796875
6595.53955078125
6353.84765625
6127.94580078125
5913.3642578125
5706.47607421875
5509.7041015625
5325.87646484375
5151.48388671875
4984.97900390625
4821.16064453125
4659.01708984375
4499.41748046875
4342.04345703125
4187.69580078125
4039.3251953125
3891.5068359375
3747.474853515625
3613.80712890625
3490.035400390625
3374.01171875
