2070.147216796875
2030.3089599609375
1983.476318359375
2115.246826171875
2141.569091796875
2103.791259765625
2083.927001953125
2086.143310546875
2082.059814453125
2098.248046875
2120.564453125
2157.688720703125
2182.0927734375
2196.489501953125
2207.818115234375
2221.85546875
2235.156494140625
2252.68212890625
2281.365234375
2313.646728515625
2341.58740234375
2372.997802734375
2421.216064453125
2483.860107421875
2556.307373046875
2641.72412109375
2741.35205078125
2854.436767578125
2980.213623046875
3113.8896484375
3256.89892578125
3411.201171875
114.27699279785156
117.80023956298828
118.90277862548828
119.58568572998047
119.99236297607422
120.16938781738281
1977.956298828125
2662.34765625
3010.64306640625
3361.199462890625
3614.869140625
3849.5439453125
4120.140625
4435.35107421875
4784.23583984375
5171.26318359375
5298.5087890625
5201.1083984375
5111.7109375
5040.18310546875
4964.6298828125
4881.2373046875
4789.33203125
4693.2802734375
4593.70458984375
4491.44140625
4388.1494140625
4302.69873046875
4211.6591796875
4113.58544921875
4010.474609375
3906.366455078125
3801.78857421875
3698.057861328125
3594.89013671875
3491.99462890625
3390.852294921875
3289.57080078125
3186.459228515625
3081.531494140625
2975.58984375
2868.21533203125
2759.8115234375
2653.7373046875
2551.810791015625
2458.2900390625
2377.059326171875
2304.34228515625
2237.65576171875
2175.46337890625
2116.745361328125
2060.392333984375
2006.16015625
1954.25
1904.4718017578125
1856.2899169921875
1809.5882568359375
1764.6978759765625
1722.572998046875
1682.555908203125
1644.8209228515625
