2045.090576171875
1995.2041015625
2606.0498046875
2607.02197265625
2327.314697265625
2177.7861328125
2144.2548828125
2179.940185546875
2199.88671875
2202.538818359375
2211.919921875
2235.09375
2285.34326171875
2422.752197265625
2630.57958984375
2738.341552734375
2863.24169921875
3001.68896484375
3148.885498046875
3292.7109375
3422.19970703125
3530.627685546875
3623.64990234375
3699.10107421875
3756.733642578125
3845.383056640625
3928.729248046875
4004.793701171875
4082.4501953125
4133.474609375
4161.931640625
4155.5830078125
4120.15380859375
4062.366943359375
633.2338256835938
672.7890625
731.5296630859375
772.7830200195312
778.2801513671875
758.4789428710938
3908.88671875
3613.59765625
3471.03564453125
3329.9111328125
3222.98486328125
3117.355224609375
3009.663818359375
2902.65576171875
2799.39892578125
2700.96240234375
2605.5205078125
2513.9375
2426.401123046875
2340.32568359375
2254.216796875
2168.987060546875
2086.32275390625
2007.8990478515625
1932.1458740234375
1859.622314453125
1789.5419921875
1721.4293212890625
1655.2760009765625
1590.9473876953125
1528.557861328125
1468.0245361328125
1409.6341552734375
1353.493408203125
1299.3016357421875
1246.7445068359375
1195.93017578125
1146.978515625
1099.92724609375
1054.9739990234375
1012.1494750976562
971.1835327148438
931.997314453125
895.4784545898438
860.8223876953125
827.74267578125
796.7242431640625
768.1806030273438
741.2388305664062
715.937744140625
691.0541381835938
666.421630859375
641.7735595703125
617.3132934570312
593.2821655273438
570.0890502929688
547.8916015625
526.8325805664062
506.8779296875
487.84002685546875
469.59564208984375
