2085.053466796875
2068.24267578125
2036.149658203125
2012.183837890625
2004.06103515625
2024.5355224609375
2047.3424072265625
2050.81982421875
2061.34326171875
2059.138916015625
2057.875732421875
2063.443359375
2066.7998046875
2070.155029296875
2072.197265625
2073.0712890625
2073.57421875
2076.33837890625
2087.526611328125
2102.54296875
2114.17626953125
2121.740478515625
2127.671630859375
2138.218505859375
2152.376708984375
2173.593994140625
2195.290771484375
2217.712646484375
2246.4072265625
2282.21484375
2319.625244140625
2364.830078125
125.40412139892578
126.90667724609375
127.55050659179688
127.87564086914062
128.01141357421875
128.1141815185547
1891.47216796875
2235.538330078125
2414.40087890625
2560.632568359375
2692.74462890625
2817.95166015625
2945.347900390625
3081.0830078125
3230.109619140625
3393.216064453125
3568.047119140625
3749.146728515625
3935.822265625
4125.208984375
4317.21875
4508.93359375
4699.064453125
4886.7880859375
5072.5322265625
5258.1943359375
5445.234375
5637.7998046875
5830.17431640625
6025.27783203125
6214.5361328125
6417.48291015625
6612.1435546875
6803.25927734375
6997.51123046875
7179.419921875
7335.26904296875
7471.38916015625
7603.39306640625
7741.0458984375
7882.3837890625
8010.4619140625
8127.2919921875
8212.8984375
8285.322265625
8372.8779296875
8453.12890625
8542.3935546875
8625.4482421875
8657.2646484375
8660.1865234375
8680.1396484375
8711.7705078125
8746.7646484375
8773.1826171875
8756.01171875
8665.7900390625
8718.73046875
8722.8310546875
8100.5703125
