1842.504150390625
1454.870849609375
1123.039794921875
929.1052856445312
880.3869018554688
847.22900390625
813.4537963867188
782.1572265625
753.348388671875
726.7073364257812
701.2197875976562
675.9656982421875
651.1328735351562
635.1620483398438
618.9686889648438
602.6026611328125
590.896728515625
576.6388549804688
559.4351196289062
539.9387817382812
521.3853149414062
504.281005859375
487.2684326171875
470.6846618652344
454.6785888671875
439.34075927734375
429.1439208984375
426.03814697265625
421.2302551269531
416.2984313964844
410.9476623535156
405.4120178222656
122.85822296142578
124.77775573730469
126.06620025634766
126.66228485107422
126.95068359375
127.23140716552734
407.3924865722656
347.8302917480469
385.802734375
401.5887756347656
414.8079528808594
413.1964416503906
401.63531494140625
385.1227111816406
367.4010925292969
351.4405212402344
339.40283203125
329.7595520019531
322.9881896972656
320.25390625
323.2828369140625
329.17376708984375
334.6058654785156
339.5780334472656
343.3995361328125
346.19158935546875
349.5050048828125
355.3556213378906
364.0910949707031
373.5022277832031
383.4640197753906
395.8068542480469
410.5138854980469
427.95635986328125
448.5317687988281
471.3128662109375
495.95648193359375
523.3905639648438
552.503662109375
581.6126098632812
608.8873901367188
634.0918579101562
657.6416015625
679.8047485351562
700.8954467773438
720.7332153320312
739.2140502929688
755.858642578125
770.2348022460938
782.1734008789062
791.721435546875
798.99267578125
804.1029663085938
806.2387084960938
807.6995849609375
808.894287109375
808.6427001953125
807.0913696289062
804.2537841796875
800.27783203125
795.273193359375
