2071.937744140625
2044.322021484375
2004.15625
2060.067626953125
2119.177978515625
2196.420166015625
2218.545654296875
2198.89892578125
2173.65869140625
2159.054443359375
2168.316650390625
2193.91455078125
2218.193359375
2239.80908203125
2254.439697265625
2258.326171875
2255.51904296875
2251.750244140625
2249.202392578125
2251.557861328125
2257.98388671875
2266.23828125
2276.69482421875
2288.8388671875
2301.594970703125
2315.642333984375
2334.411865234375
2357.939697265625
2388.1884765625
2425.87939453125
2474.1494140625
2535.413818359375
120.70545196533203
121.85861206054688
122.17896270751953
122.39591979980469
122.40634155273438
122.47891998291016
1796.4593505859375
2032.8236083984375
2606.398681640625
2891.026611328125
3057.53857421875
3185.935791015625
3310.041748046875
3442.8740234375
3588.784912109375
3747.16064453125
3917.25146484375
4098.1279296875
4288.66162109375
4487.41943359375
4693.6416015625
4907.7548828125
5126.51513671875
5349.91552734375
5582.15966796875
5859.640625
6157.53955078125
6449.5556640625
6745.24365234375
7035.6826171875
7329.76708984375
7652.1181640625
7975.2529296875
8296.470703125
8616.2236328125
8938.6943359375
9208.4248046875
9141.357421875
9107.130859375
9100.7822265625
9093.328125
9081.59375
9062.7822265625
9034.912109375
8998.259765625
8951.5322265625
8894.958984375
8820.5927734375
8732.822265625
8632.890625
8521.5595703125
8401.9375
8276.427734375
8145.71142578125
8009.5048828125
7869.13671875
7725.82373046875
7579.57470703125
7430.62548828125
7279.4453125
