2042.587158203125
1996.8106689453125
2267.493408203125
2381.117919921875
2394.567138671875
2391.91845703125
2360.56884765625
2330.377197265625
2304.68505859375
2286.966064453125
2274.922119140625
2268.2900390625
2270.955810546875
2281.494140625
2295.960693359375
2312.697021484375
2331.101318359375
2346.82470703125
2366.97900390625
2394.93359375
2434.470947265625
2486.51025390625
2552.59375
2634.5625
2733.72802734375
2849.528076171875
2981.27685546875
3127.243408203125
3285.198486328125
3454.49951171875
3635.333984375
3827.71435546875
147.33441162109375
128.0931396484375
123.62801361083984
123.00536346435547
123.23616027832031
123.85214233398438
2707.625244140625
4408.42919921875
5199.50146484375
5566.45263671875
5786.24072265625
5965.71044921875
5914.1240234375
5919.46826171875
5960.720703125
6037.177734375
6117.19091796875
6208.75390625
6312.02099609375
6440.42822265625
6589.0400390625
6747.33935546875
6909.25830078125
7070.919921875
7229.85888671875
7384.400390625
7527.8349609375
7660.99072265625
7785.19140625
7896.6416015625
7993.0078125
8074.11181640625
8138.81103515625
8187.328125
8220.228515625
8238.3486328125
8241.7080078125
8230.8408203125
8206.61328125
8170.09814453125
8122.5595703125
8065.5537109375
8000.1669921875
7927.1044921875
7846.17724609375
7756.76806640625
7659.91552734375
7556.68115234375
7447.86279296875
7334.08056640625
7216.18017578125
7094.82763671875
6970.6474609375
6844.3017578125
6716.31005859375
6587.15478515625
6457.8955078125
6328.87890625
6200.2578125
6072.08251953125
