2061.080078125
2023.760498046875
2070.68994140625
2324.177734375
2274.330810546875
2192.056396484375
2164.304931640625
2187.403076171875
2210.058837890625
2235.826171875
2254.171630859375
2275.191650390625
2303.10205078125
2341.79736328125
2389.60791015625
2444.329345703125
2505.85009765625
2577.5244140625
2664.049072265625
2766.5361328125
2884.450439453125
3016.497314453125
3161.51123046875
3318.0400390625
3484.8974609375
3660.8173828125
3844.563232421875
4035.81787109375
4234.32958984375
4439.75830078125
4646.1708984375
4858.8916015625
158.82728576660156
137.37872314453125
134.40301513671875
135.25198364257812
137.1455078125
139.35577392578125
4084.421630859375
5596.7333984375
6042.38037109375
6224.3408203125
6361.00048828125
6512.359375
6689.89404296875
6896.45068359375
7165.2421875
7435.99609375
7741.6533203125
8069.5703125
8409.8994140625
8783.7607421875
9199.984375
9339.3759765625
9356.71484375
9396.0966796875
9436.1103515625
9472.7392578125
9501.0166015625
9517.2109375
9521.986328125
9513.09375
9491.3544921875
9457.4501953125
9408.77734375
9344.9716796875
9267.9521484375
9179.044921875
9083.6513671875
8983.1630859375
8877.142578125
8766.109375
8650.4443359375
8530.76953125
8407.4228515625
8281.029296875
8152.1181640625
8021.01953125
7888.0009765625
7753.18115234375
7617.58203125
7481.6748046875
7345.37744140625
7208.9443359375
7072.833984375
6936.81396484375
6801.0029296875
6665.427734375
6530.177734375
6462.4921875
6394.8544921875
6260.9794921875
6127.564453125
