2077.5576171875
2050.80517578125
2007.0819091796875
1991.44580078125
2103.80029296875
2109.98291015625
2089.327880859375
2075.822265625
2066.419189453125
2060.2255859375
2063.05517578125
2062.564453125
2059.736083984375
2067.158447265625
2088.829345703125
2115.107666015625
2142.146728515625
2162.389892578125
2173.55517578125
2183.099853515625
2196.19140625
2210.593505859375
2224.50341796875
2244.226806640625
2274.48095703125
2309.798095703125
2347.860107421875
2387.738037109375
2433.724609375
2493.63427734375
2570.359619140625
2662.825927734375
120.90824890136719
123.6938247680664
123.8171615600586
123.89601135253906
123.96627044677734
124.02951049804688
1788.344970703125
2161.919189453125
2551.730224609375
2811.36962890625
3012.154541015625
3190.6865234375
3366.992431640625
3547.355224609375
3733.291259765625
3928.40185546875
4135.38427734375
4360.4814453125
4588.23388671875
4826.9248046875
5076.43115234375
5316.11474609375
5542.97265625
5764.79345703125
5718.9130859375
5619.27001953125
5531.1279296875
5454.443359375
5386.5029296875
5315.16748046875
5239.04052734375
5160.03173828125
5078.58544921875
4995.44189453125
4913.05419921875
4829.58154296875
4759.1279296875
4687.38916015625
4608.017578125
4523.7841796875
4435.85009765625
4344.41748046875
4250.2392578125
4154.0859375
4056.97119140625
3961.506591796875
3865.808349609375
3769.807861328125
3673.51416015625
3576.757568359375
3480.0166015625
3382.6796875
3285.138916015625
3188.345458984375
3094.173828125
3002.93310546875
2913.74365234375
2869.789794921875
2826.0654296875
2738.998291015625
2652.273193359375
