1976.2470703125
1501.50439453125
1163.2054443359375
979.498046875
884.4874267578125
877.8723754882812
858.26171875
834.270751953125
809.4512329101562
784.6089477539062
759.6346435546875
733.9158325195312
708.9216918945312
685.2242431640625
659.3084716796875
636.1564331054688
613.333251953125
587.7470092773438
560.19970703125
531.5734252929688
503.0308532714844
477.8477478027344
457.0423278808594
438.0416259765625
422.2699279785156
422.9912109375
422.6964416503906
419.988037109375
415.8232421875
412.3890686035156
413.0671081542969
409.9807434082031
124.38470458984375
126.47025299072266
127.99081420898438
128.86900329589844
129.05296325683594
129.25369262695312
453.7061767578125
356.033935546875
402.2567138671875
435.9288635253906
429.92596435546875
406.7065124511719
385.0572814941406
370.63385009765625
360.5226745605469
350.9996643066406
341.8268127441406
334.0819091796875
328.37139892578125
324.3214111328125
321.9141845703125
320.6905822753906
319.9908142089844
319.2662658691406
318.1915588378906
316.7857666015625
315.5093688964844
316.5747985839844
320.91357421875
325.179931640625
328.1141662597656
330.0147705078125
331.1321716308594
332.61968994140625
335.6982116699219
340.3719787597656
347.4585876464844
356.03399658203125
364.02130126953125
370.76385498046875
377.2232666015625
383.25384521484375
390.42901611328125
401.2508850097656
415.8977355957031
433.7505798339844
454.1796569824219
476.5260009765625
499.34490966796875
521.551025390625
543.0242919921875
563.555908203125
583.0972900390625
601.3419799804688
618.0217895507812
633.0996704101562
646.788818359375
659.694580078125
672.0288696289062
683.6146240234375
