2080.915283203125
2053.042236328125
2018.114990234375
2015.4776611328125
2088.852783203125
2071.84033203125
2061.75341796875
2057.876220703125
2052.696533203125
2047.7891845703125
2047.4464111328125
2045.515625
2047.3907470703125
2062.00439453125
2063.42236328125
2061.31396484375
2069.436767578125
2070.669677734375
2079.33203125
2093.16259765625
2105.0498046875
2111.021728515625
2115.515869140625
2124.81884765625
2134.629638671875
2144.3232421875
2162.971435546875
2188.5966796875
2215.6806640625
2245.318359375
2274.94384765625
2303.307373046875
118.35836029052734
118.92706298828125
119.42811584472656
119.88903045654297
120.3168716430664
120.72431945800781
1783.181396484375
1956.838623046875
2162.73876953125
2329.37548828125
2480.230712890625
2599.858154296875
2719.566650390625
2866.54296875
3034.075927734375
3208.56298828125
3317.891357421875
3244.623291015625
3180.68505859375
3113.49951171875
3038.919677734375
2955.655517578125
2864.26025390625
2764.072265625
2698.11962890625
2738.056884765625
2773.36181640625
2796.80908203125
2811.08935546875
2815.4111328125
2808.843994140625
2805.819580078125
2811.120849609375
2818.351806640625
2824.425537109375
2828.39501953125
2827.579833984375
2819.6376953125
2803.950927734375
2780.3203125
2748.193359375
2709.989501953125
2669.984375
2628.38232421875
2589.242919921875
2554.9697265625
2524.595458984375
2496.137939453125
2467.615234375
2437.283203125
2403.787353515625
2366.990478515625
2330.472412109375
2292.4921875
2252.583251953125
2212.80859375
2175.0126953125
2140.520263671875
2109.39013671875
2081.0166015625
