2029.78857421875
2550.755859375
3237.114501953125
2926.80517578125
2647.478759765625
2534.520263671875
2483.555908203125
2441.6396484375
2396.929443359375
2359.589599609375
2330.76953125
2312.64794921875
2304.95068359375
2306.363525390625
2311.23974609375
2311.455078125
2307.361328125
2304.16552734375
2304.214111328125
2308.476318359375
2315.51123046875
2323.738525390625
2331.767822265625
2337.479248046875
2341.516845703125
2344.665283203125
2332.350830078125
2303.800537109375
2286.32177734375
2277.505126953125
2271.4287109375
2267.73046875
99.55593872070312
85.76878356933594
87.02071380615234
86.40901947021484
86.11328887939453
86.41941833496094
1361.7674560546875
1532.6580810546875
2218.115478515625
2375.8896484375
2507.99755859375
2481.40380859375
2504.220458984375
2534.40380859375
2560.9404296875
2586.114501953125
2613.166015625
2643.49462890625
2676.38525390625
2710.062744140625
2743.564208984375
2776.5341796875
2808.951171875
2840.424560546875
2870.228271484375
2897.479248046875
2921.17578125
2947.845703125
2970.966064453125
2993.747314453125
3012.04296875
3026.926025390625
3041.025390625
3054.334716796875
3064.04833984375
3073.781982421875
3081.519775390625
3084.9296875
3086.001708984375
3080.308837890625
3073.9765625
3057.88916015625
3031.599853515625
3000.770263671875
2969.346923828125
2931.2548828125
2882.738037109375
2827.40283203125
2773.825927734375
2723.21484375
2674.005859375
2625.31494140625
2583.783447265625
2543.6767578125
2501.9384765625
2459.10107421875
2400.306640625
2334.465087890625
2269.503173828125
2207.608642578125
