2085.007080078125
2072.04248046875
2041.903076171875
2015.14892578125
1999.2935791015625
2061.126953125
2074.8203125
2093.560302734375
2093.65234375
2099.10986328125
2110.463623046875
2132.295166015625
2141.76904296875
2155.537109375
2171.017333984375
2193.098388671875
2203.31884765625
2204.837646484375
2218.16748046875
2222.0791015625
2225.6357421875
2232.342529296875
2240.887451171875
2252.168212890625
2269.195556640625
2295.900146484375
2330.27685546875
2371.755615234375
2422.302978515625
2485.715087890625
2569.955810546875
2672.87939453125
117.48949432373047
110.53629302978516
107.28839874267578
106.75918579101562
106.71747589111328
106.82183837890625
1631.1683349609375
1628.2587890625
2130.26416015625
3657.74755859375
3830.472900390625
3724.7734375
3621.11962890625
3575.470947265625
3598.3662109375
3675.931396484375
3787.083740234375
3903.598876953125
4028.231201171875
4144.35546875
4277.2900390625
4432.29833984375
4613.90869140625
4470.0546875
4386.95751953125
4345.5087890625
4317.3212890625
4301.712890625
4305.55712890625
4332.83984375
4381.5498046875
4446.47998046875
4514.2861328125
4573.92626953125
4620.20458984375
4652.23486328125
4672.9775390625
4686.51123046875
4699.01025390625
4713.65380859375
4733.126953125
4754.4326171875
4774.5888671875
4789.53466796875
4795.6171875
4790.962890625
4775.228515625
4748.90185546875
4713.2314453125
4669.77001953125
4618.1357421875
4562.193359375
4502.078125
4438.82861328125
4374.021484375
4308.57861328125
4242.62744140625
4175.5517578125
4107.60009765625
4039.2255859375
