2084.60400390625
2063.34326171875
2039.0526123046875
2020.7528076171875
2021.9661865234375
2012.132568359375
2002.578125
1993.5538330078125
2019.402099609375
2036.010498046875
2063.698974609375
2099.8388671875
2124.769287109375
2132.271484375
2140.596435546875
2156.659423828125
2177.136474609375
2206.28759765625
2247.595458984375
2298.020751953125
2365.869873046875
2449.51416015625
2546.766357421875
2658.167724609375
2783.73193359375
2921.761962890625
3071.223876953125
3231.0205078125
3401.35107421875
3580.944091796875
3769.34326171875
3968.2744140625
198.3437042236328
188.74148559570312
187.2661895751953
190.66610717773438
194.63272094726562
197.7036895751953
3944.92919921875
4279.958984375
4505.0751953125
4778.81494140625
4978.76220703125
5156.87451171875
5339.765625
5539.09765625
5759.0595703125
6003.53955078125
6272.2470703125
6564.79296875
6879.88232421875
7237.82080078125
7619.34033203125
7990.38134765625
8419.0322265625
8857.658203125
9274.046875
9701.8125
10130.6025390625
10559.421875
10986.333984375
11409.9794921875
11832.162109375
12254.111328125
12673.025390625
13088.8173828125
13501.7705078125
13911.2509765625
14318.9169921875
14721.0537109375
15116.2138671875
15503.685546875
15884.06640625
16256.3994140625
16619.03515625
16970.943359375
17308.1875
17631.541015625
17941.439453125
18235.765625
18512.876953125
18772.625
18897.5859375
19009.916015625
19198.392578125
19350.7265625
19479.53515625
19579.015625
19652.37109375
19697.494140625
19738.51171875
19736.5234375
19697.958984375
19646.21484375
