1500.0
1500.0
1500.0
1500.0
1500.0
1500.0
1500.0
1500.0
1500.0
1500.0
1500.0
1499.999755859375
1499.9998779296875
1500.0
1500.0
1500.0
1500.0
1500.0
1500.0
1500.0
1500.0
1500.0
1500.0
1500.0
1500.0
1500.0
1500.0
1500.0
1500.0
1500.0
1499.9998779296875
1500.0
100.0
100.0
100.0
100.0
100.0
100.0
1500.0
1492.5098876953125
1499.2978515625
1400.02587890625
1251.19970703125
1122.9454345703125
1017.3262329101562
943.298095703125
894.0623779296875
848.2022705078125
812.9894409179688
785.4201049804688
758.582275390625
732.4102783203125
707.1647338867188
683.1657104492188
661.0584716796875
639.75146484375
618.710693359375
597.6149291992188
576.5374755859375
555.58740234375
535.247802734375
515.8392333984375
497.18695068359375
478.7767333984375
460.50286865234375
442.6228942871094
425.3306579589844
408.7372131347656
393.3367919921875
378.8293762207031
365.14361572265625
352.24798583984375
339.98419189453125
328.226318359375
316.8521728515625
305.89642333984375
295.341552734375
285.20782470703125
275.5437316894531
266.38275146484375
257.7936706542969
249.70262145996094
242.2026824951172
235.08016967773438
228.33917236328125
221.9744110107422
215.9566650390625
210.2720489501953
204.90887451171875
199.85586547851562
195.1058349609375
190.73870849609375
186.7218017578125
