2314.76611328125
2541.361083984375
2469.556884765625
2441.03955078125
2408.296630859375
2379.214599609375
2329.94921875
2283.979736328125
2263.601806640625
2256.7705078125
2260.28125
2269.162841796875
2280.122802734375
2290.797119140625
2296.885498046875
2317.02880859375
2333.751953125
2351.322509765625
2368.950927734375
2349.014892578125
2328.41357421875
2312.210693359375
2301.13525390625
2301.716064453125
2311.803466796875
2334.418701171875
2368.8466796875
2411.3466796875
2459.687744140625
2512.587646484375
2568.173095703125
2623.85791015625
98.37918090820312
98.23027801513672
99.78958129882812
103.06940460205078
105.1088638305664
106.95539093017578
2485.895751953125
2638.4326171875
2708.320068359375
2774.305908203125
2825.59814453125
2870.769775390625
2913.2216796875
2953.395263671875
2990.661376953125
3027.998779296875
3058.924560546875
3083.78125
3102.28857421875
3122.716064453125
3138.5126953125
3153.265625
3162.62255859375
3167.988037109375
3177.8662109375
3189.291748046875
3197.93798828125
3189.7783203125
3175.622314453125
3149.144287109375
3111.115234375
3066.114013671875
3016.264892578125
2962.46142578125
2905.1142578125
2843.708740234375
2778.741455078125
2711.052490234375
2641.11279296875
2568.82666015625
2495.041259765625
2420.311767578125
2345.37353515625
2271.641845703125
2199.325927734375
2128.828369140625
2060.18115234375
1992.7528076171875
1970.6156005859375
1926.197998046875
1899.09716796875
1861.1552734375
1799.2174072265625
1739.7103271484375
1682.4539794921875
1627.740234375
1576.20947265625
1527.7108154296875
1481.9393310546875
1438.48193359375
1396.889404296875
1356.9666748046875
