0.02418629825115204
0.02665816619992256
0.030426697805523872
0.03333181142807007
0.03403598815202713
0.03423069417476654
0.03452887013554573
0.03470827639102936
0.034867554903030396
0.035067904740571976
0.03522638976573944
0.035404037684202194
0.03562377393245697
0.03586865961551666
0.03614189103245735
0.036433011293411255
0.036728158593177795
0.03703848272562027
0.03738732635974884
0.03781646862626076
0.038324251770973206
0.038900092244148254
0.039532024413347244
0.040212251245975494
0.04095335677266121
0.04173688590526581
0.04255598038434982
0.04340668395161629
0.04428859427571297
0.045202914625406265
0.04614874720573425
0.04712635278701782
0.0026493563782423735
0.0024939326103776693
0.0024528242647647858
0.0024443198926746845
0.002447082893922925
0.002453720662742853
0.04397795349359512
0.04685382917523384
0.04845000058412552
0.04958385229110718
0.05059371516108513
0.05164732784032822
0.05282343551516533
0.05411149561405182
0.05551861971616745
0.056853655725717545
0.058064866811037064
0.059298910200595856
0.06052625924348831
0.061746399849653244
0.06295189261436462
0.06412652134895325
0.06528125703334808
0.06640701740980148
0.06752419471740723
0.06862696260213852
0.06971770524978638
0.07080481946468353
0.07195150852203369
0.07243132591247559
0.06963907182216644
0.06714406609535217
0.06478723138570786
0.06248551979660988
0.06021403148770332
0.057976312935352325
0.055769599974155426
0.0535903200507164
0.051455382257699966
0.04941613972187042
0.04747185856103897
0.045599743723869324
0.04377434775233269
0.0422152504324913
0.04082783684134483
0.039537038654088974
0.03831196576356888
0.03713659197092056
0.03600245714187622
0.03491479530930519
0.03388995677232742
0.032922882586717606
0.03200475499033928
0.031122328713536263
0.03027242422103882
0.029458094388246536
0.02867828868329525
0.02793055959045887
0.02721387706696987
0.026524601504206657
