-0.0
-0.0
-0.0
-0.0
-0.0
-0.0
-0.0
-0.0
-0.0
-0.0
-0.0
-0.0
-0.0
-0.0
-0.0
-0.0
-0.0
-0.0
-0.0
-0.0
-0.0
-0.0
-0.0
-0.0
-0.0
-0.0
-0.0
-0.0
-0.0
-0.0
-0.0
-0.0
-0.0
-0.0
-0.0
-0.0
-0.0
-0.0
-0.0
-0.0
-0.0
-0.0
-0.0
-0.0
-0.0
-0.0
-0.0
-0.0
-0.0
-0.0
-0.0
-0.0
-0.0
-0.0
-0.0
-0.0
-0.0
-0.0
-0.0
-0.0
-0.0
-0.0
-0.0
-0.0
-0.0
-0.0
-0.0
-0.0
-0.0
-0.0
-0.0
-0.0
-0.0
-0.0
-0.0
-0.0
7.655343097212608e-07
1.7866796042653732e-06
2.694658178370446e-06
3.4995337045984343e-06
4.2037399907712825e-06
4.825292307941709e-06
5.374695774662541e-06
5.857259111508029e-06
6.279062290559523e-06
6.646075235039461e-06
6.964147814869648e-06
7.238302259793272e-06
7.473578079952858e-06
7.67358324083034e-06
7.84153144195443e-06
7.98003839008743e-06
8.09351695352234e-06
8.183899808500428e-06
