9.91063404083252
12.975265502929688
10.198823928833008
8.474202156066895
7.8888020515441895
7.654543876647949
7.497039794921875
7.345211982727051
7.215630531311035
7.103505611419678
6.939052104949951
6.752635955810547
6.612117290496826
6.523253440856934
6.484260559082031
6.4968581199646
6.5540080070495605
6.6449995040893555
6.745848655700684
6.8567795753479
6.97255277633667
7.09777307510376
7.237139701843262
7.396449565887451
7.583015441894531
7.80499792098999
8.072718620300293
8.402656555175781
8.814973831176758
9.338959693908691
9.962553024291992
10.684839248657227
0.9072656035423279
0.9169284105300903
0.9721333980560303
1.0161347389221191
1.0732094049453735
1.1330116987228394
17.50272560119629
17.610233306884766
17.38251495361328
18.206356048583984
19.660921096801758
21.257780075073242
22.950714111328125
24.716541290283203
26.604406356811523
28.594154357910156
30.485950469970703
32.289772033691406
33.998138427734375
35.538150787353516
36.90333557128906
38.11138153076172
39.19938659667969
40.19649124145508
41.11808776855469
41.97574234008789
42.765018463134766
43.4861946105957
44.13338088989258
44.78825759887695
45.33015060424805
45.78443145751953
46.13576889038086
46.39086151123047
46.563316345214844
46.66266632080078
46.708946228027344
46.723411560058594
46.72441482543945
46.7177619934082
46.71288299560547
46.71315383911133
46.73031234741211
46.768577575683594
46.773807525634766
46.74916458129883
46.72782516479492
46.71950149536133
46.73739242553711
46.7789306640625
46.8397102355957
47.03041076660156
47.22107696533203
47.3914909362793
47.55082702636719
47.70476150512695
47.854957580566406
47.998538970947266
48.136505126953125
48.269737243652344
48.39875793457031
48.526554107666016
