3.965467929840088
4.73364782333374
6.114378929138184
6.885715484619141
6.644711494445801
6.5979743003845215
6.666275501251221
6.889105796813965
7.219322681427002
7.63053560256958
8.16033935546875
8.75393295288086
8.727006912231445
8.740033149719238
8.870149612426758
9.076621055603027
9.328904151916504
9.570544242858887
9.844902038574219
10.14216423034668
10.401471138000488
10.636757850646973
10.89921760559082
11.20035171508789
11.543858528137207
11.942694664001465
12.413352966308594
12.975787162780762
13.642889022827148
14.38763427734375
15.207677841186523
16.105775833129883
0.5230528116226196
0.4955269694328308
0.5164915919303894
0.5403487086296082
0.5663291811943054
0.5929396748542786
21.917713165283203
23.197471618652344
24.191930770874023
25.549116134643555
27.30677032470703
29.443525314331055
31.880765914916992
34.49936294555664
37.18186950683594
39.824459075927734
42.411956787109375
45.08489227294922
47.570030212402344
49.92683029174805
52.13167953491211
54.18761444091797
56.101951599121094
57.9202766418457
59.64579772949219
61.27579879760742
62.763885498046875
64.12012481689453
65.34412384033203
66.4150619506836
67.35716247558594
68.19048309326172
68.93406677246094
69.61695098876953
70.37201690673828
71.28765106201172
72.16442108154297
72.96823120117188
73.6259994506836
74.15966796875
74.59620666503906
74.95269012451172
75.2275619506836
75.42597961425781
75.57527160644531
75.716552734375
75.88294982910156
76.08021545410156
76.34514617919922
76.64404296875
76.96852111816406
77.30259704589844
77.63723754882812
77.97023010253906
78.30772399902344
78.65071868896484
78.9972915649414
79.34185791015625
79.7511978149414
80.17613220214844
