1500.0
1500.0
1500.000244140625
1500.0
1500.0
1499.9998779296875
1500.0
1500.0
1500.0
1500.0
1500.0
1500.0
1500.0
1500.0
1500.0
1500.0
1500.0
1500.0
1500.0
1500.0
1500.0
1499.999755859375
1500.0
1500.0
1500.0
1500.0
1500.0
1500.0
1500.0
1500.0
1500.0
1500.0
100.0
100.0
100.0
100.0
100.0
100.0
1500.0
1500.0
1500.0
1500.0
1500.0
1500.0
1500.0
1500.0
1500.0
1500.0
1500.0
1500.0
1500.0
1500.0
1500.0
1500.0
1500.0
1500.0
1500.0
1500.0
1500.0
1500.0
1500.0
1500.0
1500.0
1500.0
1500.0
1500.0
1500.0
1500.0
1500.0
1500.0
1500.0
1500.0
1500.0
1500.0
1482.3531494140625
1417.81787109375
1367.5810546875
1324.53515625
1282.69921875
1240.083984375
1197.03515625
1153.1363525390625
1108.5067138671875
1063.4779052734375
1019.847412109375
978.4183959960938
938.682373046875
900.9391479492188
862.7052612304688
828.6151733398438
796.704345703125
764.6810302734375
