1499.9998779296875
1500.356201171875
1500.0
1500.0
1499.998779296875
1500.0
1500.0
1500.0
1500.0
1500.0
1500.0
1500.0
1500.0
1500.0
1500.0
1500.0
1500.0
1500.0
1500.0
1500.0
1500.0
1500.0
1500.0
1500.0
1500.0
1500.0
1488.5794677734375
1479.165771484375
1470.0374755859375
1460.5296630859375
1450.3504638671875
1439.1534423828125
100.0
99.9998550415039
99.99991607666016
100.0
100.0
100.0
1500.0
1500.0
1500.0
1500.0
1500.0
1447.60693359375
1393.889404296875
1353.9886474609375
1321.1842041015625
1292.4771728515625
1266.084716796875
1240.998291015625
1216.7021484375
1192.9913330078125
1169.734619140625
1146.779541015625
1124.011474609375
1101.375
1078.843994140625
1056.46435546875
1034.226806640625
1011.2335815429688
989.3406982421875
967.9097290039062
946.3464965820312
924.5421142578125
902.9544067382812
881.468994140625
859.840576171875
838.322509765625
816.7535400390625
795.0538940429688
773.2013549804688
751.0077514648438
728.96923828125
707.5633544921875
686.8009033203125
666.3639526367188
646.2875366210938
626.3713989257812
607.9083251953125
590.753662109375
574.3457641601562
558.7372436523438
543.9041137695312
529.6256103515625
515.693603515625
502.1495361328125
489.1436462402344
476.4950866699219
464.0121154785156
451.4808044433594
438.03472900390625
423.40631103515625
