0.03794816508889198
0.040652792900800705
0.04480485990643501
0.049206510186195374
0.052100978791713715
0.0525146946310997
0.05269045755267143
0.05281595513224602
0.053010981529951096
0.05324823409318924
0.053489670157432556
0.05369017273187637
0.053859081119298935
0.054096926003694534
0.0543268658220768
0.05453606694936752
0.05472998321056366
0.05491981655359268
0.055129267275333405
0.055366769433021545
0.05561244487762451
0.05583886429667473
0.05606836825609207
0.05634467676281929
0.05669328570365906
0.05715641751885414
0.057710256427526474
0.058330390602350235
0.059004396200180054
0.05973093584179878
0.060513198375701904
0.06135311722755432
0.0034096508752554655
0.0031986297108232975
0.0031170060392469168
0.0030774595215916634
0.0030581997707486153
0.003046866040676832
0.05700789391994476
0.05999626964330673
0.06155851110816002
0.06277292966842651
0.06399255245923996
0.06526562571525574
0.06658840924501419
0.06795727461576462
0.06936461478471756
0.07080745697021484
0.07227876782417297
0.07377525418996811
0.07529609650373459
0.07690916210412979
0.0785723403096199
0.08005684614181519
0.08153535425662994
0.083046093583107
0.0845923200249672
0.0862036645412445
0.08794866502285004
0.08979376405477524
0.09154269844293594
0.09310577064752579
0.0946592316031456
0.09669052064418793
0.09861310571432114
0.10046690702438354
0.10224314779043198
0.10437283664941788
0.1065462976694107
0.1086207702755928
0.11065427958965302
0.11254377663135529
0.11429963260889053
0.11588882654905319
0.11740584671497345
0.11885501444339752
0.12008523941040039
0.12027249485254288
0.11672746390104294
0.11343342065811157
0.11029630899429321
0.10727053880691528
0.10577841848134995
0.10431394726037979
0.10146040469408035
0.09866909682750702
0.09596425294876099
0.09336403757333755
0.0908687636256218
0.08847513049840927
0.0861731767654419
0.0839499905705452
0.08178696036338806
