0.4876512587070465
0.5286176800727844
0.9009087085723877
0.9954407215118408
0.999489426612854
1.0026956796646118
1.0063787698745728
1.010901927947998
1.0183676481246948
1.0278311967849731
1.0395574569702148
1.051092505455017
1.0633294582366943
1.0750752687454224
1.0865260362625122
1.0993620157241821
1.1086117029190063
1.1180380582809448
1.1284593343734741
1.1389168500900269
1.1517221927642822
1.1680344343185425
1.1834447383880615
1.198188304901123
1.214805245399475
1.2349852323532104
1.2591726779937744
1.2841758728027344
1.310005784034729
1.3382673263549805
1.3711514472961426
1.409433126449585
0.03281499817967415
0.0327424481511116
0.03270355612039566
0.03267425298690796
0.032651372253894806
0.03265753388404846
1.1232610940933228
1.2384614944458008
1.3759431838989258
1.5071723461151123
1.636237621307373
1.7695852518081665
1.915421962738037
2.0811526775360107
2.1399688720703125
2.139601230621338
2.139564037322998
2.1418185234069824
2.1460657119750977
2.1521928310394287
2.160508871078491
2.1717770099639893
2.176804780960083
2.157886266708374
4.8253960609436035
7.1865925788879395
8.857905387878418
10.243430137634277
11.479384422302246
12.756715774536133
14.65392780303955
16.66950035095215
19.320531845092773
22.873306274414062
26.516695022583008
30.127477645874023
33.82878875732422
37.8497200012207
42.10896301269531
46.55295944213867
51.203834533691406
56.144371032714844
61.081787109375
65.8919906616211
70.69189453125
75.43216705322266
79.95103454589844
84.2636947631836
88.39202117919922
92.32707977294922
96.15058135986328
100.04621124267578
103.76445007324219
107.15409851074219
110.05033111572266
112.49560546875
114.52256774902344
116.17432403564453
117.5011215209961
118.56242370605469
