0.007937479764223099
0.008817357942461967
0.00983542948961258
0.010936103761196136
0.011525014415383339
0.011617835611104965
0.011667228303849697
0.01171456091105938
0.01177321095019579
0.011842276901006699
0.011917673982679844
0.011993881314992905
0.012110883370041847
0.012206641025841236
0.012291018851101398
0.012384090572595596
0.01248190924525261
0.012589458376169205
0.012722555547952652
0.012891838327050209
0.013105249032378197
0.013357101939618587
0.013635831885039806
0.013934999704360962
0.014252923429012299
0.014585208147764206
0.01488895621150732
0.01517821941524744
0.015476561151444912
0.015783118084073067
0.01609901711344719
0.016424302011728287
0.0009168831747956574
0.0009197020553983748
0.000936087453737855
0.0009496782440692186
0.0009595250594429672
0.0009666151599958539
0.01665576919913292
0.016932575032114983
0.01707378216087818
0.017276598140597343
0.01752685382962227
0.01783953793346882
0.018205557018518448
0.018608910962939262
0.01903698407113552
0.019495008513331413
0.01998293399810791
0.020499534904956818
0.021042892709374428
0.021562691777944565
0.022006560117006302
0.022475194185972214
0.022960765287280083
0.023454558104276657
0.023960066959261894
0.024479275569319725
0.025001177564263344
0.02552439458668232
0.026052109897136688
0.026571067050099373
0.027086347341537476
0.027602272108197212
0.02812032587826252
0.028640268370509148
0.029161853715777397
0.029686214402318
0.030210327357053757
0.030730057507753372
0.03123980574309826
0.031749870628118515
0.03226484730839729
0.03276463970541954
0.033246077597141266
0.03371021896600723
0.03415060043334961
0.0345628522336483
0.03495403006672859
0.03531956672668457
0.03501768037676811
0.033937785774469376
0.03293726593255997
0.031981635838747025
0.031061341986060143
0.030173400416970253
0.029315076768398285
0.0284844059497118
0.027679668739438057
0.026900237426161766
0.026146912947297096
0.025419002398848534
0.024722382426261902
