0.03794343024492264
0.041130777448415756
0.04655870795249939
0.05111122131347656
0.052389614284038544
0.05268661677837372
0.052892111241817474
0.05310341343283653
0.05328484997153282
0.05343560501933098
0.053593989461660385
0.053819794207811356
0.05399522930383682
0.05421225726604462
0.05449914559721947
0.05476602166891098
0.05499269813299179
0.055182065814733505
0.055344294756650925
0.05549214407801628
0.05565142631530762
0.05587848275899887
0.056201640516519547
0.05658551678061485
0.05701301991939545
0.0574769601225853
0.05798020586371422
0.058524616062641144
0.05911172181367874
0.059761520475149155
0.060478925704956055
0.06126243248581886
0.0036428202874958515
0.0033396726939827204
0.003210203256458044
0.003137364285066724
0.0030951027292758226
0.003070367267355323
0.05637214332818985
0.059745289385318756
0.06159285828471184
0.06301255524158478
0.06431063264608383
0.06561911106109619
0.0669882521033287
0.06842388957738876
0.06990980356931686
0.07143869251012802
0.07300074398517609
0.07459164410829544
0.07619209587574005
0.07779725641012192
0.07944545894861221
0.08095507323741913
0.08242647349834442
0.08392063528299332
0.08544725179672241
0.08705433458089828
0.0886799693107605
0.09031911194324493
0.0915934294462204
0.09278066456317902
0.0938863605260849
0.09490104764699936
0.09590967744588852
0.09707670658826828
0.0981452614068985
0.09924701601266861
0.10036374628543854
0.10152413696050644
0.10271678119897842
0.10433575510978699
0.1057744026184082
0.10707493126392365
0.10824765264987946
0.10907332599163055
0.10971185564994812
0.11033184081315994
0.10906624048948288
0.10589589923620224
0.10284481197595596
0.09987805783748627
0.09695754200220108
0.09407214820384979
0.0912189781665802
0.08841413259506226
0.08564833551645279
0.08292096108198166
0.08022196590900421
0.07759420573711395
0.0751727968454361
0.07300678640604019
