0.1682116687297821
0.16915038228034973
0.18325628340244293
0.202000692486763
0.21723584830760956
0.23138801753520966
0.2356739342212677
0.23760023713111877
0.2393784075975418
0.2406853586435318
0.24198544025421143
0.243135005235672
0.244058758020401
0.24486574530601501
0.2457970678806305
0.2464703619480133
0.24692685902118683
0.2472795993089676
0.24793817102909088
0.24849934875965118
0.24913594126701355
0.24969172477722168
0.2501525580883026
0.2506133019924164
0.2511526048183441
0.2517838478088379
0.2528771162033081
0.2543361783027649
0.2560727298259735
0.25808462500572205
0.26039156317710876
0.2629110813140869
0.022951481863856316
0.022316547110676765
0.020847298204898834
0.018833667039871216
0.017807109281420708
0.017293769866228104
0.23232677578926086
0.24853269755840302
0.2566944360733032
0.2726675868034363
0.2865513861179352
0.2990233898162842
0.3112233579158783
0.3240489363670349
0.3372249901294708
0.3503264784812927
0.36336609721183777
0.3765193521976471
0.3900899291038513
0.4042525589466095
0.41917163133621216
0.43708866834640503
0.45580536127090454
0.47613173723220825
0.49809542298316956
0.5198209881782532
0.5408124327659607
0.5615330934524536
0.580560028553009
0.5989729762077332
0.6152747273445129
0.6650629043579102
0.7386137247085571
0.8374623656272888
0.9715913534164429
1.1536247730255127
1.3015893697738647
1.493622064590454
14.064435958862305
37.75570297241211
52.29606246948242
63.361392974853516
73.08882141113281
82.15846252441406
89.52684783935547
94.85366821289062
99.84741973876953
104.3593521118164
108.7491455078125
112.77392578125
117.06132507324219
120.91773223876953
124.28076171875
127.03958892822266
129.2637176513672
131.088134765625
132.5935516357422
133.8253173828125
134.79930114746094
135.55181884765625
136.1299591064453
