0.00881457794457674
0.00844649039208889
0.008063304238021374
0.007781189400702715
0.007632022257894278
0.00754234753549099
0.007470203097909689
0.007405090611428022
0.00734332762658596
0.007283113896846771
0.00722488621249795
0.007167793810367584
0.007113678380846977
0.0070635247975587845
0.007014212664216757
0.006968220695853233
0.006925082765519619
0.006885170005261898
0.006848535966128111
0.006813975051045418
0.006780203431844711
0.006745952181518078
0.00670996168628335
0.006671374663710594
0.006626474671065807
0.0065804654732346535
0.006533054634928703
0.0064843217842280865
0.006432874593883753
0.006377911660820246
0.006318891886621714
0.006256141699850559
0.0009310442837886512
0.0009326506988145411
0.0009478707215748727
0.00096321472665295
0.0009778847452253103
0.0009919597068801522
0.006258034612983465
0.006222737953066826
0.006120092701166868
0.0060012079775333405
0.0059112305752933025
0.005825940519571304
0.005738713312894106
0.0056492420844733715
0.005556757561862469
0.0054596965201199055
0.005358128342777491
0.005252191796898842
0.005142364650964737
0.005028635263442993
0.004911644849926233
0.004792349878698587
0.004671783186495304
0.0045512281358242035
0.004432153422385454
0.004314064513891935
0.004255230538547039
0.004196267109364271
0.004078321158885956
0.003960838541388512
0.0038441435899585485
0.003728855401277542
0.0036154885310679674
0.0035044567193835974
0.003396064043045044
0.0032907105050981045
0.003188645699992776
0.003138469997793436
0.0030889599584043026
0.00299298414029181
0.0029001843649894
0.0028105759993195534
0.002724926918745041
0.0026418007910251617
0.002561737084761262
0.0024847928434610367
0.0024110034573823214
0.0023402173537760973
0.002272204030305147
0.0022067944519221783
0.0021438770927488804
0.0020832514856010675
0.0020248291548341513
0.0019686282612383366
0.001914568361826241
0.0018624808872118592
0.0018122681649401784
0.0017638372955843806
0.0017171052750200033
0.0016719797858968377
0.001628400757908821
0.0015863321023061872
0.0015457483241334558
