9.781676292419434
13.258726119995117
10.514782905578613
8.556008338928223
7.655076503753662
7.2513298988342285
7.094300746917725
6.964346408843994
6.861623287200928
6.780693054199219
6.71608829498291
6.667422294616699
6.605968475341797
6.525404453277588
6.463229656219482
6.398000240325928
6.356893539428711
6.34958028793335
6.37432861328125
6.427104949951172
6.503862380981445
6.600587844848633
6.706310749053955
6.823065757751465
6.948772430419922
7.083304405212402
7.227563381195068
7.370911121368408
7.520690441131592
7.682350158691406
7.867295742034912
8.08954906463623
0.5335446000099182
0.44235625863075256
0.41732481122016907
0.42171159386634827
0.4329816997051239
0.44726765155792236
10.004907608032227
10.596556663513184
10.990612030029297
11.500158309936523
12.091747283935547
12.713990211486816
13.397490501403809
14.191007614135742
15.1710844039917
16.305753707885742
17.555641174316406
18.88960075378418
20.274890899658203
21.661876678466797
23.046066284179688
24.444860458374023
25.82908058166504
27.256982803344727
28.67508888244629
30.037578582763672
31.350847244262695
32.609989166259766
33.845909118652344
35.022335052490234
36.12436294555664
37.16383361816406
38.155216217041016
39.11557388305664
40.036766052246094
40.90165328979492
41.7017936706543
42.4433708190918
43.140235900878906
43.89362335205078
44.630958557128906
45.33217239379883
45.99187088012695
46.591800689697266
47.12040710449219
47.56871795654297
47.91050720214844
48.162960052490234
48.360939025878906
48.51262664794922
48.632686614990234
48.70410919189453
48.72235107421875
48.73493576049805
48.751060485839844
48.77617263793945
48.81260681152344
48.86057662963867
48.92066192626953
49.03807067871094
