0.008003192953765392
0.008933093398809433
0.009999175556004047
0.011193470098078251
0.011570867151021957
0.011665038764476776
0.0117253502830863
0.01179507002234459
0.011879618279635906
0.011978235095739365
0.012103752233088017
0.012218245305120945
0.012321445159614086
0.01242388691753149
0.012543050572276115
0.01270164642482996
0.01291812676936388
0.01318632997572422
0.013499255292117596
0.013847949914634228
0.014229853637516499
0.014637288637459278
0.01501341164112091
0.015401802025735378
0.01581116020679474
0.016243161633610725
0.016700517386198044
0.017192186787724495
0.017720945179462433
0.018273083493113518
0.01884119212627411
0.019420916214585304
0.0010925307869911194
0.001097046653740108
0.00111224630381912
0.0011247439542785287
0.001133945886977017
0.0011407533893361688
0.020039156079292297
0.020494865253567696
0.0206803809851408
0.02095065824687481
0.021247832104563713
0.021618735045194626
0.02202565409243107
0.02251606434583664
0.023060636594891548
0.023663843050599098
0.024309173226356506
0.02497963421046734
0.02566574141383171
0.026357490569353104
0.02704903669655323
0.02774510718882084
0.028442760929465294
0.029135026037693024
0.029814844951033592
0.030149398371577263
0.030475663021206856
0.031087877228856087
0.03167122229933739
0.03225115314126015
0.03279290348291397
0.033306434750556946
0.03378498926758766
0.03423531353473663
0.034671392291784286
0.035096604377031326
0.03399759158492088
0.03333131596446037
0.03269705921411514
0.031493328511714935
0.030347011983394623
0.029254654422402382
0.028211435303092003
0.027218850329518318
0.02628350257873535
0.025399796664714813
0.024562276899814606
0.023766033351421356
0.02300664596259594
0.022280605509877205
0.02158547006547451
0.020922204479575157
0.020287586376070976
0.01967984065413475
0.019096121191978455
0.018537012860178947
0.01800222508609295
0.017490491271018982
0.01700086146593094
0.016532985493540764
0.016086895018815994
0.01566198095679283
0.015257724560797215
