0.03791765496134758
0.039820779114961624
0.04361816123127937
0.047706570476293564
0.051051124930381775
0.05233817547559738
0.0526704378426075
0.052790284156799316
0.05290597304701805
0.053152069449424744
0.05336020141839981
0.053556401282548904
0.053754549473524094
0.05396849289536476
0.054158877581357956
0.05433960631489754
0.05456012487411499
0.05476698651909828
0.054965849965810776
0.055171165615320206
0.055388737469911575
0.05560002103447914
0.05579826235771179
0.056045107543468475
0.05635557323694229
0.0567174032330513
0.05712014436721802
0.05756640061736107
0.058071475476026535
0.05862737447023392
0.05924789234995842
0.05994407832622528
0.003532139351591468
0.0032678928691893816
0.003153295489028096
0.0030883722938597202
0.0030464555602520704
0.0030163556803017855
0.05509769916534424
0.05831746384501457
0.060047730803489685
0.061386317014694214
0.06260557472705841
0.06383940577507019
0.06510432809591293
0.06638658046722412
0.06767734885215759
0.06894785165786743
0.07019215822219849
0.07142365723848343
0.07265803962945938
0.07391075789928436
0.07518388330936432
0.07647602260112762
0.07779931277036667
0.07917706668376923
0.08063775300979614
0.08208591490983963
0.08344274014234543
0.08476854115724564
0.08607528358697891
0.08738696575164795
0.08870619535446167
0.0899798646569252
0.09099519997835159
0.09192515909671783
0.0928126871585846
0.0936228483915329
0.09435895830392838
0.09505731612443924
0.09574504941701889
0.09647377580404282
0.09736564010381699
0.0984129086136818
0.09929177910089493
0.10007686913013458
0.10080652683973312
0.1020042896270752
0.10364726930856705
0.10559409111738205
0.10784117132425308
0.11056425422430038
0.10796181112527847
0.1043243333697319
0.10113462805747986
0.09796901047229767
0.09482617676258087
0.09170468151569366
0.08862250298261642
0.08557532727718353
0.08255092054605484
0.07956496626138687
