0.007909765467047691
0.008734917268157005
0.00972902961075306
0.01075809821486473
0.011445057578384876
0.011582017876207829
0.011655018664896488
0.011708411388099194
0.011759196408092976
0.011829571798443794
0.011895306408405304
0.011969736777245998
0.012076424434781075
0.012170298025012016
0.0122583769261837
0.01234152726829052
0.01242885272949934
0.012522394768893719
0.012635533697903156
0.012786025181412697
0.012977048754692078
0.013200943358242512
0.013451923616230488
0.013723496347665787
0.014013390988111496
0.014320910908281803
0.01464082207530737
0.014936278574168682
0.015232504345476627
0.015546835958957672
0.015878377482295036
0.016226155683398247
0.0008951110066846013
0.0008928445749916136
0.000906305096577853
0.0009175514569506049
0.0009250002913177013
0.0009294949704781175
0.016350815072655678
0.01686309650540352
0.017152955755591393
0.017396118491888046
0.017665544524788857
0.017984451726078987
0.018356380984187126
0.01877797208726406
0.019243603572249413
0.019753610715270042
0.02030092291533947
0.020886478945612907
0.021489007398486137
0.021970055997371674
0.022470414638519287
0.022983500733971596
0.023505650460720062
0.024027986451983452
0.024550452828407288
0.025076255202293396
0.025600170716643333
0.0261159036308527
0.026621155440807343
0.02710869163274765
0.02759094163775444
0.028065215796232224
0.028528675436973572
0.028980795294046402
0.029422806575894356
0.029853355139493942
0.03026731126010418
0.030660321936011314
0.031027957797050476
0.03138446435332298
0.03172867000102997
0.03205522894859314
0.0323626771569252
0.03264562785625458
0.03291362524032593
0.03317072615027428
0.03341446444392204
0.03353407606482506
0.03365105763077736
0.033877238631248474
0.03380131721496582
0.03276069462299347
0.031804244965314865
0.030891533941030502
0.030013523995876312
0.02916540950536728
0.028346987441182137
0.027557389810681343
0.02679426036775112
0.02606331743299961
0.025365101173520088
