0.16069364547729492
0.17912691831588745
0.20354008674621582
0.20780760049819946
0.2086486518383026
0.2093723565340042
0.21006883680820465
0.21072867512702942
0.21132640540599823
0.21195831894874573
0.21281206607818604
0.2134961038827896
0.2142830491065979
0.21479995548725128
0.21528422832489014
0.2158772051334381
0.216566801071167
0.21757128834724426
0.2185610681772232
0.21944338083267212
0.22022098302841187
0.2210974544286728
0.22209316492080688
0.2232169657945633
0.22445076704025269
0.2257893830537796
0.2273513674736023
0.22932735085487366
0.23173975944519043
0.23458895087242126
0.23766793310642242
0.2408788502216339
0.01078302226960659
0.010668388567864895
0.010698574595153332
0.010699941776692867
0.010696619749069214
0.010691460222005844
0.21936717629432678
0.23312291502952576
0.23990383744239807
0.24603724479675293
0.2522786855697632
0.258644700050354
0.2651155889034271
0.2717209756374359
0.27855220437049866
0.2922009229660034
0.30592435598373413
0.3198619782924652
0.33492395281791687
0.35112038254737854
0.3685113787651062
0.3700632154941559
0.3630523383617401
0.3559262752532959
0.3486693501472473
0.3411502242088318
0.33350929617881775
0.32600831985473633
0.3187686502933502
0.3115841746330261
0.30436354875564575
0.29715296626091003
0.2898337244987488
0.2819340229034424
0.27410003542900085
0.2664777636528015
0.258951872587204
0.2514622211456299
0.2440212517976761
0.23662808537483215
0.22933723032474518
0.22225262224674225
0.2153676450252533
0.20858237147331238
0.20183132588863373
0.19514353573322296
0.18827208876609802
0.18126720190048218
0.1743648201227188
0.1676582396030426
0.16158320009708405
0.1560501605272293
0.1511649340391159
0.14663051068782806
0.14247091114521027
0.14274819195270538
0.14612044394016266
0.153287872672081
0.16366295516490936
0.17650212347507477
