0.4913623034954071
0.5507544875144958
0.7093492150306702
0.8907002210617065
1.013462781906128
1.0235975980758667
1.0306105613708496
1.0395451784133911
1.0494611263275146
1.0613434314727783
1.0762945413589478
1.093408465385437
1.1093376874923706
1.1231260299682617
1.1352373361587524
1.1447861194610596
1.1565300226211548
1.1701942682266235
1.1820745468139648
1.1942437887191772
1.210982322692871
1.2317825555801392
1.2565025091171265
1.2811450958251953
1.3069921731948853
1.3368231058120728
1.3697248697280884
1.4075732231140137
1.4538227319717407
1.5069055557250977
1.5654418468475342
1.633507490158081
1.729109525680542
0.03327073156833649
0.033153142780065536
0.0330907441675663
0.03304089978337288
0.03454340621829033
0.03454624116420746
0.7028778791427612
1.1843476295471191
1.3796441555023193
1.722342848777771
2.0489280223846436
2.043490171432495
2.0289876461029053
2.0186140537261963
2.010422945022583
2.0043601989746094
1.9990428686141968
1.9941195249557495
1.969489574432373
1.9365344047546387
1.9041998386383057
1.8784526586532593
1.861343502998352
1.8475819826126099
1.8337796926498413
3.281569480895996
5.205348491668701
7.045299530029297
8.76990032196045
10.393966674804688
11.9225492477417
13.367593765258789
14.767762184143066
16.19168472290039
17.87674331665039
20.471969604492188
23.310314178466797
26.13718032836914
28.93108367919922
31.611738204956055
34.13680648803711
36.52912521362305
38.811614990234375
40.995079040527344
43.319252014160156
45.60580825805664
47.82356643676758
50.032440185546875
52.27797317504883
54.42079162597656
56.406532287597656
58.24162292480469
59.946529388427734
61.531394958496094
63.00459671020508
64.36808013916016
65.62483215332031
66.78449249267578
67.84806060791016
69.00900268554688
70.06849670410156
