9.211033821105957
13.521782875061035
11.05702018737793
9.00897216796875
8.080418586730957
7.666301250457764
7.4291863441467285
7.297545433044434
7.216553211212158
7.127023220062256
7.0530009269714355
6.993086814880371
6.946447372436523
6.910217761993408
6.877713680267334
6.821259498596191
6.742517948150635
6.671515464782715
6.6167097091674805
6.559314727783203
6.5161333084106445
6.499218463897705
6.509631156921387
6.5444722175598145
6.601130962371826
6.6734089851379395
6.758312702178955
6.8512282371521
6.951707363128662
7.057798385620117
7.170734405517578
7.292326927185059
0.4354903995990753
0.35287240147590637
0.31154102087020874
0.304286390542984
0.30613723397254944
0.31080305576324463
8.0164213180542
8.480090141296387
8.66773509979248
8.827372550964355
8.995585441589355
9.201427459716797
9.463736534118652
9.788344383239746
10.17518138885498
10.626241683959961
11.135656356811523
11.669169425964355
12.22110366821289
12.800063133239746
13.420378684997559
14.1305570602417
14.940377235412598
15.83522891998291
16.79214096069336
17.7939453125
18.829471588134766
19.887487411499023
20.946495056152344
22.005258560180664
23.08234214782715
24.149988174438477
25.199480056762695
26.305641174316406
27.422422409057617
28.48499298095703
29.496288299560547
30.458084106445312
31.3901424407959
32.30807113647461
33.194244384765625
34.044761657714844
34.85663604736328
35.61845016479492
36.321556091308594
36.98122024536133
37.61389923095703
38.2200813293457
38.806861877441406
39.37689208984375
39.93071746826172
40.46651840209961
40.96956253051758
41.4807243347168
41.944419860839844
42.32309341430664
42.633968353271484
42.8923225402832
43.10947036743164
43.29539108276367
