0.008091863244771957
0.008661214262247086
0.00820266455411911
0.007914843037724495
0.007757864892482758
0.0076560452580451965
0.007580513134598732
0.007524207234382629
0.007474035024642944
0.007425353862345219
0.00737854465842247
0.007333498913794756
0.0072891926392912865
0.007246998604387045
0.007206595968455076
0.007167541887611151
0.00713012833148241
0.007093536201864481
0.007057757582515478
0.00702286371961236
0.006988963112235069
0.006957025732845068
0.0069274259731173515
0.006898798048496246
0.006871343590319157
0.006846199277788401
0.006822796538472176
0.006799765862524509
0.0067762513644993305
0.006751689128577709
0.006725932937115431
0.006698917597532272
0.0006274071638472378
0.0005302896606735885
0.000516179425176233
0.0005187547649256885
0.0005228709778748453
0.0005274982540868223
0.006953405681997538
0.006830952595919371
0.00667102774605155
0.0065847234800457954
0.006532460916787386
0.006493750028312206
0.006459239404648542
0.006424773018807173
0.0063887001015245914
0.006350461393594742
0.006309940945357084
0.00626720767468214
0.006222340278327465
0.006175632122904062
0.006127799861133099
0.006079025566577911
0.006029041949659586
0.005972490645945072
0.00590664055198431
0.005839685909450054
0.005772083532065153
0.005704449024051428
0.00563501613214612
0.005563945509493351
0.005489295814186335
0.005412805359810591
0.0053352233953773975
0.005256365519016981
0.005176544189453125
0.005095294211059809
0.005012636072933674
0.004928892012685537
0.004844701383262873
0.004760178737342358
0.0046754395589232445
0.004591078497469425
0.004507810343056917
0.004425933118909597
0.004344678483903408
0.004263547249138355
0.004182583652436733
0.004101641941815615
0.0040209004655480385
0.003940555267035961
0.003860811935737729
0.003781702136620879
0.003703261259943247
0.0036260075867176056
0.003550163237378001
0.0034754613880068064
0.0034019132144749165
0.0033296956680715084
0.003258866723626852
0.00318933860398829
