0.09737557917833328
0.11245441436767578
0.12202069908380508
0.12995103001594543
0.13498760759830475
0.13645368814468384
0.13741357624530792
0.13834327459335327
0.13934990763664246
0.14003124833106995
0.14050479233264923
0.1409834623336792
0.14142942428588867
0.14183595776557922
0.14235438406467438
0.14282487332820892
0.14325392246246338
0.14378736913204193
0.14440666139125824
0.14500921964645386
0.14552359282970428
0.14599069952964783
0.1465390920639038
0.14717166125774384
0.14778044819831848
0.14840665459632874
0.14947010576725006
0.1509161740541458
0.152662456035614
0.15473203361034393
0.15708982944488525
0.1596146672964096
0.010058094747364521
0.006180546712130308
0.005848364904522896
0.005948320031166077
0.006680769380182028
0.006935909390449524
0.13457602262496948
0.14712868630886078
0.15651436150074005
0.16513895988464355
0.17187336087226868
0.17749805748462677
0.18257948756217957
0.18747234344482422
0.19254575669765472
0.19769404828548431
0.20293006300926208
0.20837382972240448
0.2142251878976822
0.22050271928310394
0.227242112159729
0.23457764089107513
0.24310433864593506
0.25359046459198
0.26492831110954285
0.2761814594268799
0.2874450981616974
0.30072641372680664
0.3159244954586029
0.3314328193664551
0.33611464500427246
0.3246041238307953
0.3148776590824127
0.30595991015434265
0.2981392741203308
0.2910695970058441
0.28487300872802734
0.27935150265693665
0.27432259917259216
0.26967519521713257
0.26532062888145447
0.2612379193305969
0.2575148940086365
0.25374531745910645
0.24997463822364807
0.24631740152835846
0.24278797209262848
0.23948626220226288
0.23789750039577484
0.23631389439105988
0.23345182836055756
0.23084712028503418
0.22834305465221405
0.2263144552707672
0.22464092075824738
0.22323475778102875
0.2220367193222046
0.22097137570381165
0.21997545659542084
0.2190188318490982
0.21816329658031464
