2044.672119140625
2005.931396484375
2113.239990234375
2261.866943359375
2376.707763671875
2387.3212890625
2382.13623046875
2373.54736328125
2378.123291015625
2357.9462890625
2333.048583984375
2314.515625
2296.077392578125
2284.04541015625
2279.865478515625
2282.598876953125
2290.3525390625
2301.066162109375
2315.398681640625
2333.950439453125
2352.591064453125
2373.603759765625
2398.144775390625
2426.840576171875
2466.513916015625
2522.1689453125
2595.1865234375
2684.98779296875
2791.075439453125
2913.529052734375
3052.228271484375
3206.837158203125
131.94715881347656
123.4567642211914
121.11219787597656
121.27469635009766
121.76029205322266
122.06645965576172
2401.507080078125
3449.884521484375
4280.89892578125
4827.84228515625
5144.6572265625
5353.7314453125
5518.2529296875
5671.20849609375
5827.7900390625
5998.26953125
6186.33447265625
6287.41015625
6354.35888671875
6440.34765625
6540.615234375
6651.654296875
6783.0556640625
6919.72802734375
7079.93798828125
7231.37939453125
7395.9775390625
7557.0126953125
7712.56103515625
7865.74609375
8012.14892578125
8146.5361328125
8269.5087890625
8380.0029296875
8478.0771484375
8562.6728515625
8632.8544921875
8689.3544921875
8732.568359375
8762.056640625
8777.54296875
8780.005859375
8769.7470703125
8747.4755859375
8713.6748046875
8669.388671875
8615.9013671875
8554.1240234375
8484.931640625
8408.1171875
8323.6806640625
8231.98046875
8132.97802734375
8027.04541015625
7915.51123046875
7798.88916015625
7678.12109375
7553.77587890625
7426.5029296875
7296.55517578125
