1801.17919921875
1397.72216796875
1107.3280029296875
934.3976440429688
905.2081298828125
868.666748046875
835.1907348632812
805.2100219726562
778.0360717773438
752.9286499023438
728.0155029296875
703.0755004882812
681.1547241210938
661.3433227539062
639.9488525390625
617.7274169921875
598.4564208984375
588.7716064453125
578.9033813476562
566.2894897460938
551.5650634765625
535.057373046875
516.8449096679688
497.4753112792969
477.6611022949219
461.0996398925781
446.31298828125
431.6392822265625
421.438232421875
417.7975158691406
414.28680419921875
411.8082580566406
122.41339111328125
124.40697479248047
125.60493469238281
126.226318359375
126.5200424194336
126.80467224121094
394.6384582519531
387.0182800292969
427.34124755859375
421.5914306640625
419.01116943359375
417.5572509765625
412.3716125488281
405.5376281738281
398.0857849121094
395.85418701171875
396.5997314453125
397.0989990234375
395.771728515625
395.05731201171875
397.3220520019531
402.52655029296875
410.3719787597656
421.554443359375
436.8433837890625
458.0804748535156
481.671630859375
508.4623107910156
536.59765625
565.088623046875
593.6077880859375
621.7369384765625
649.1224365234375
675.3129272460938
700.3416137695312
724.0422973632812
745.68603515625
765.66162109375
783.6477661132812
799.414306640625
812.8600463867188
823.9718017578125
832.7501220703125
839.3451538085938
843.8612670898438
846.3566284179688
846.8919677734375
845.4910278320312
842.4844360351562
838.0938720703125
832.578857421875
826.145263671875
818.9266967773438
811.0199584960938
802.6389770507812
793.8780517578125
784.7523193359375
775.388671875
765.8433837890625
756.077392578125
746.1038208007812
