2084.55810546875
2063.46826171875
2039.26513671875
2021.0028076171875
2008.5228271484375
2009.56640625
2007.9381103515625
1998.2625732421875
2030.143798828125
2051.599365234375
2093.90869140625
2130.272216796875
2147.859619140625
2158.337646484375
2172.54833984375
2196.8857421875
2231.6845703125
2277.0791015625
2335.300048828125
2418.376953125
2524.85400390625
2651.64697265625
2796.782958984375
2956.14453125
3127.035888671875
3307.09521484375
3492.966064453125
3684.224609375
3882.30712890625
4091.44873046875
4312.9697265625
4545.64990234375
218.5215606689453
225.84176635742188
227.49147033691406
230.39402770996094
232.92422485351562
234.3094482421875
234.86256408691406
4428.38037109375
4875.3701171875
5144.947265625
5345.44091796875
5530.8251953125
5728.63818359375
5949.1572265625
6194.40771484375
6465.1923828125
6772.4189453125
7141.78857421875
7552.86767578125
7956.63134765625
8421.00390625
8882.986328125
9311.8291015625
9739.6103515625
10162.9638671875
10574.7353515625
10971.115234375
11350.2158203125
11714.693359375
12065.30078125
12404.974609375
12732.576171875
13046.033203125
13345.515625
13631.880859375
13903.6572265625
14159.3818359375
14397.1953125
14615.9560546875
14814.5830078125
14993.009765625
15149.7822265625
15287.1025390625
15401.96484375
15454.7802734375
15503.4326171875
15581.0390625
15640.1552734375
15671.5224609375
15667.015625
15631.3212890625
15561.4599609375
15459.361328125
15327.3828125
15170.1455078125
14991.0400390625
14792.5361328125
14576.9013671875
14345.6318359375
14098.724609375
13840.97265625
13573.658203125
