2084.999755859375
2068.878662109375
2031.2786865234375
2003.130615234375
2028.2728271484375
2111.280029296875
2093.818115234375
2086.239990234375
2081.87890625
2083.755126953125
2082.208251953125
2081.729736328125
2081.244873046875
2082.9287109375
2070.13134765625
2004.2034912109375
1944.8612060546875
1916.901611328125
1892.8807373046875
1863.7686767578125
1834.7642822265625
1810.0494384765625
1785.1910400390625
1765.5272216796875
1747.3009033203125
1733.8016357421875
1722.23291015625
1708.281982421875
1697.8292236328125
1688.7952880859375
1676.924560546875
1667.5289306640625
116.65471649169922
116.93952178955078
117.23080444335938
117.47148895263672
117.7105712890625
117.94694519042969
1582.50439453125
1655.9808349609375
1705.155517578125
1692.7781982421875
1673.33154296875
1660.2481689453125
1667.346923828125
1676.888916015625
1729.4505615234375
1785.7906494140625
1841.879638671875
1902.096435546875
1961.919921875
2015.5457763671875
2065.6728515625
2111.96240234375
2155.41845703125
2197.377685546875
2237.46240234375
2275.18017578125
2310.126953125
2342.625244140625
2373.46533203125
2402.126220703125
2426.968505859375
2447.78076171875
2464.2099609375
2476.33935546875
2484.311767578125
2487.949462890625
2487.2666015625
2482.458984375
2474.42919921875
2463.37890625
2450.328857421875
2436.032958984375
2421.386962890625
2407.492431640625
2393.2421875
2377.910888671875
2361.207275390625
2343.04541015625
2323.42919921875
2302.204833984375
2279.4833984375
2255.334716796875
2229.911865234375
2203.365234375
2189.8857421875
2176.031982421875
2147.54296875
2118.480712890625
2088.888916015625
2059.03662109375
2028.90283203125
