2083.790771484375
2064.41650390625
2039.35888671875
2020.7093505859375
2015.561767578125
2015.747314453125
2007.057373046875
2015.6331787109375
2024.7850341796875
2038.0621337890625
2053.968017578125
2058.647216796875
2065.525146484375
2072.5751953125
2078.516357421875
2090.367431640625
2103.266845703125
2112.66552734375
2119.583984375
2131.064453125
2146.876708984375
2168.4951171875
2192.470947265625
2218.26806640625
2246.53564453125
2282.4384765625
2325.75244140625
2372.0869140625
2425.57177734375
2489.292236328125
2563.194580078125
2646.2470703125
126.64070892333984
127.58975219726562
127.97394561767578
128.16493225097656
128.31210327148438
128.4179229736328
2363.6005859375
2822.83056640625
2951.622314453125
3028.746826171875
3116.923095703125
3227.144775390625
3358.06396484375
3505.361572265625
3664.712158203125
3833.274658203125
4011.644775390625
4199.55517578125
4396.8857421875
4603.66259765625
4819.23583984375
5045.65673828125
5282.22509765625
5526.61328125
5780.00927734375
6043.12939453125
6316.33154296875
6611.50341796875
6920.61962890625
7250.71240234375
7627.75732421875
7999.96533203125
8367.2734375
8747.166015625
9099.0380859375
9452.984375
9795.1123046875
10137.333984375
10480.1181640625
10814.44140625
11142.2392578125
11463.7412109375
11779.849609375
12090.380859375
12395.703125
12696.779296875
12994.283203125
13288.3017578125
13579.541015625
13865.7822265625
14147.361328125
14424.2109375
14696.5322265625
14961.6982421875
15219.849609375
15472.5361328125
15718.4384765625
15958.123046875
16194.041015625
16425.44140625
