2076.593994140625
2045.2371826171875
2007.4835205078125
1991.316650390625
2064.7275390625
2049.96044921875
2089.299560546875
2117.807373046875
2124.365966796875
2121.77587890625
2123.443115234375
2137.5986328125
2164.041748046875
2191.72412109375
2206.307861328125
2212.4521484375
2217.49658203125
2228.953369140625
2243.487548828125
2260.43798828125
2286.850341796875
2324.736328125
2373.888671875
2436.080810546875
2510.125
2591.806396484375
2680.536865234375
2779.984375
2892.2744140625
3012.001953125
3136.739990234375
3268.89453125
119.46397399902344
121.3709716796875
122.42237091064453
122.4728775024414
122.55057525634766
122.62504577636719
2167.59619140625
3071.148681640625
3370.972900390625
3516.800048828125
3662.44873046875
3846.016845703125
4066.455078125
4312.8935546875
4569.63525390625
4827.59326171875
5078.9111328125
5320.81689453125
5537.71728515625
5731.99560546875
5918.4345703125
6094.89990234375
6278.57861328125
6459.4287109375
6621.52685546875
6783.8603515625
6958.5029296875
7142.6875
7320.78515625
7509.40234375
7683.00732421875
7837.00830078125
7971.4697265625
8086.57177734375
8170.44287109375
8231.4892578125
8287.986328125
8341.9443359375
8395.84765625
8421.9228515625
8452.1083984375
8509.96484375
8541.1904296875
8538.0078125
8522.5498046875
8507.5625
8518.4853515625
8560.490234375
8631.193359375
8691.2568359375
8743.58203125
8638.5556640625
8260.4150390625
7958.8154296875
7681.162109375
7413.8056640625
7154.61669921875
6899.64501953125
6650.8564453125
6417.1328125
6194.98583984375
