1706.6964111328125
1372.8402099609375
1089.1055908203125
955.8013305664062
909.5909423828125
868.3956298828125
833.5799560546875
803.7772827148438
777.6277465820312
754.2921752929688
733.0833129882812
713.3348388671875
694.2215576171875
675.5592651367188
657.4327392578125
642.0755615234375
631.7662963867188
623.6796264648438
615.9317626953125
612.4942626953125
606.4992065429688
598.391357421875
588.9052734375
578.4537353515625
569.3800659179688
560.050537109375
549.9414672851562
538.7821044921875
527.2963256835938
515.7118530273438
503.049560546875
489.8297424316406
127.44793701171875
129.37417602539062
130.35684204101562
130.7994384765625
131.197509765625
131.5511474609375
480.1009521484375
462.4110412597656
427.0314636230469
417.5299987792969
434.3839111328125
436.85302734375
428.01263427734375
415.430908203125
402.0850524902344
389.9632263183594
379.6990661621094
371.3309631347656
364.4300842285156
358.25
352.09771728515625
346.6186828613281
341.98956298828125
338.3515319824219
335.4780578613281
333.10906982421875
331.04632568359375
329.1533508300781
327.3218688964844
326.32855224609375
333.16912841796875
338.793212890625
341.19580078125
341.65277099609375
341.14691162109375
340.30328369140625
339.574462890625
338.9975280761719
341.90118408203125
347.7380065917969
355.6258850097656
365.11602783203125
374.9239501953125
384.2745056152344
393.87493896484375
404.5753479003906
419.7630920410156
439.52764892578125
457.73095703125
474.2955627441406
492.3112487792969
510.79620361328125
528.1925048828125
544.2428588867188
559.7152099609375
574.8604736328125
589.4871215820312
603.9043579101562
617.6975708007812
630.39892578125
