2070.800537109375
2037.7423095703125
2005.2808837890625
2003.666259765625
2095.8525390625
2085.203857421875
2080.08935546875
2145.15478515625
2229.869140625
2287.1328125
2342.860107421875
2420.154541015625
2525.356201171875
2682.284912109375
2884.29443359375
3117.46875
3376.58203125
3649.58447265625
3938.86865234375
4254.2958984375
4592.76220703125
4951.80126953125
5329.3876953125
5743.85546875
6202.90625
6649.75732421875
7107.0234375
7572.14453125
8116.81640625
8703.2412109375
9284.5693359375
9889.65625
437.2461242675781
416.8714904785156
422.8546142578125
434.4119873046875
447.370849609375
460.76898193359375
10151.6533203125
10855.6513671875
10371.140625
9865.7119140625
9502.6376953125
9206.2880859375
8941.2119140625
8691.0009765625
8438.9345703125
8173.9921875
7891.943359375
7595.08984375
7285.6708984375
6966.51025390625
6645.92578125
6338.06982421875
6044.60498046875
5765.5673828125
5500.77880859375
5249.4345703125
5010.66259765625
4783.86328125
4568.51123046875
4363.98388671875
4170.32958984375
3987.38427734375
3814.384033203125
3651.06103515625
3496.90185546875
3350.9228515625
3212.51025390625
3081.15966796875
2956.413818359375
2836.905517578125
2722.878662109375
2614.2763671875
2511.270263671875
2413.10693359375
2319.09716796875
2229.458251953125
2143.95458984375
2062.700927734375
1985.027099609375
1910.759033203125
1839.5302734375
1771.302001953125
1705.8583984375
1643.0859375
1582.936767578125
1525.412841796875
1470.3839111328125
1417.83935546875
1367.6690673828125
1319.676025390625
