2070.4013671875
2035.8355712890625
1998.1712646484375
2045.9696044921875
2106.607666015625
2093.28564453125
2073.43310546875
2073.01318359375
2073.100341796875
2075.13916015625
2083.619140625
2102.513427734375
2128.67333984375
2151.2763671875
2163.239990234375
2174.03955078125
2188.161376953125
2202.38623046875
2218.162353515625
2233.09716796875
2245.30419921875
2260.163330078125
2274.533447265625
2288.823974609375
2315.473876953125
2360.048828125
2422.15966796875
2504.2060546875
2600.921142578125
2706.2802734375
2816.763916015625
2929.357177734375
118.13665771484375
120.92961883544922
121.58271026611328
122.00645446777344
122.28125762939453
122.48823547363281
1853.6138916015625
2374.469970703125
2834.35693359375
3123.451904296875
3363.333251953125
3588.62158203125
3808.609619140625
4030.263916015625
4259.859375
4489.236328125
4723.95166015625
4956.80908203125
5189.2587890625
5391.353515625
5295.15869140625
5203.0419921875
5122.2890625
5041.85693359375
4973.1083984375
4906.22119140625
4837.27880859375
4760.28369140625
4674.3232421875
4581.974609375
4484.44287109375
4390.34716796875
4314.576171875
4228.22265625
4132.77880859375
4029.818603515625
3910.86474609375
3793.495361328125
3682.93017578125
3578.8251953125
3469.828857421875
3364.107421875
3261.95166015625
3161.783935546875
3065.498779296875
2970.857177734375
2876.51171875
2782.2177734375
2687.925537109375
2591.993408203125
2492.78759765625
2405.36865234375
2328.586669921875
2260.74755859375
2196.908935546875
2135.083740234375
2073.95556640625
2012.6036376953125
1955.1578369140625
1900.457275390625
