2006.424560546875
2408.026123046875
2242.162109375
2223.889892578125
2348.83251953125
2293.79150390625
2215.9111328125
2176.471435546875
2221.239501953125
2298.19580078125
2374.763671875
2435.8134765625
2503.55224609375
2579.661865234375
2685.86962890625
2827.757080078125
3007.467529296875
3220.34765625
3459.40234375
3715.756591796875
3989.662353515625
4131.626953125
4210.4931640625
4300.76953125
4391.84326171875
4486.583984375
4597.05224609375
4692.39990234375
4814.306640625
4919.24072265625
5016.29345703125
5080.79248046875
5137.29931640625
400.6412353515625
438.8561096191406
482.6322021484375
521.1600952148438
543.123046875
556.3742065429688
6017.98681640625
5566.3876953125
5460.10693359375
5404.19482421875
5314.5859375
5210.36083984375
5087.69921875
4947.55908203125
4787.63818359375
4605.919921875
4418.37109375
4225.8125
4027.52001953125
3840.7744140625
3664.3779296875
3493.4365234375
3327.965087890625
3170.75634765625
3021.88330078125
2880.27197265625
2745.679443359375
2617.849365234375
2495.86474609375
2379.263916015625
2269.98193359375
2168.696533203125
2074.650390625
1987.4774169921875
1905.925537109375
1829.0968017578125
1756.3876953125
1687.3017578125
1621.4891357421875
1558.664306640625
1498.63916015625
1441.2398681640625
1386.328857421875
1333.7781982421875
1283.4378662109375
1235.1263427734375
1188.7193603515625
1144.102294921875
1101.1031494140625
1059.633544921875
1019.699951171875
981.3690185546875
944.7573852539062
909.8316040039062
876.4320678710938
844.4356689453125
813.817626953125
784.4930419921875
756.3661499023438
729.4688110351562
703.6964721679688
