2070.855224609375
2032.2437744140625
1990.28662109375
2087.5615234375
2108.630615234375
2081.4384765625
2063.8740234375
2059.229736328125
2055.47607421875
2053.314453125
2047.874267578125
2058.360595703125
2076.3212890625
2094.2958984375
2105.71044921875
2121.099365234375
2136.188720703125
2165.203125
2195.09130859375
2220.10595703125
2243.400390625
2267.005126953125
2301.226318359375
2348.566650390625
2416.156005859375
2507.3173828125
2610.81103515625
2718.84033203125
2833.68798828125
2958.951416015625
3095.619873046875
3239.206298828125
118.09833526611328
120.46421813964844
121.6060791015625
122.23636627197266
122.67460632324219
123.02022552490234
2390.481689453125
2915.247314453125
3033.10791015625
3180.2294921875
3389.220947265625
3636.88427734375
3909.336669921875
4221.09326171875
4515.08447265625
4820.03662109375
5116.88818359375
5290.40966796875
5158.93359375
5043.82080078125
4936.712890625
4830.69482421875
4723.1298828125
4610.75048828125
4493.36279296875
4369.15673828125
4253.52880859375
4146.40966796875
4049.3515625
3953.303466796875
3838.038330078125
3713.794677734375
3586.06396484375
3461.361328125
3332.095458984375
3193.124267578125
3052.76416015625
2909.502197265625
2762.92724609375
2615.69921875
2467.094970703125
2320.09033203125
2174.77099609375
2048.26806640625
1933.9635009765625
1821.96875
1713.333740234375
1608.063720703125
1506.060791015625
1410.863037109375
1335.4991455078125
1269.677490234375
1210.966064453125
1156.880615234375
1106.118408203125
1058.0712890625
1011.6347045898438
967.496826171875
925.3504638671875
888.8418579101562
