2069.35498046875
2031.5699462890625
2001.231201171875
1982.17333984375
2086.16357421875
2079.47607421875
2073.453369140625
2072.66943359375
2090.52197265625
2111.676025390625
2148.19189453125
2184.725341796875
2211.40478515625
2224.568603515625
2246.677001953125
2278.20947265625
2311.048095703125
2354.21923828125
2396.34423828125
2433.9091796875
2476.23193359375
2543.8642578125
2636.7900390625
2740.166015625
2876.045166015625
3020.492431640625
2997.35791015625
2935.132568359375
2895.40625
2867.8486328125
2848.159423828125
2821.653076171875
2786.65966796875
99.6885986328125
100.86075592041016
101.62406158447266
102.21710205078125
102.7317886352539
103.23808288574219
1740.549072265625
2713.88720703125
2682.878662109375
2650.745361328125
2699.491455078125
2758.06494140625
2812.4072265625
2855.9755859375
2889.657958984375
2910.87890625
2925.076416015625
2926.668701171875
2913.104248046875
2888.7890625
2856.864013671875
2819.559326171875
2776.36962890625
2729.089111328125
2679.193603515625
2628.5419921875
2577.75390625
2527.229248046875
2477.756591796875
2428.61328125
2379.761962890625
2331.119140625
2306.80517578125
2283.26318359375
2236.641845703125
2190.06005859375
2144.84228515625
2100.91259765625
2058.065185546875
2016.354736328125
1975.950927734375
1937.256591796875
1900.2884521484375
1865.288330078125
1831.450927734375
1798.645751953125
1766.7451171875
1735.4815673828125
1704.699951171875
1674.5689697265625
1644.722900390625
1615.01025390625
1585.3472900390625
1555.734619140625
1526.215087890625
1496.7879638671875
1467.482177734375
1438.5908203125
1410.0537109375
1381.86376953125
1354.0771484375
