2073.768798828125
2039.243408203125
2000.9798583984375
2049.919921875
2078.052490234375
2061.062255859375
2052.063232421875
2049.84130859375
2049.3876953125
2047.3797607421875
2057.807373046875
2073.65185546875
2075.3310546875
2081.911865234375
2091.54443359375
2103.7861328125
2107.054931640625
2109.186279296875
2110.070068359375
2115.1611328125
2122.635009765625
2140.471435546875
2161.1748046875
2180.7763671875
2199.87255859375
2218.829345703125
2241.189208984375
2265.5234375
2291.88720703125
2332.2080078125
2397.385009765625
2469.727294921875
112.91693115234375
113.56298065185547
114.0826187133789
114.57180786132812
115.05349731445312
115.52940368652344
1750.9437255859375
1797.5550537109375
2273.64013671875
2690.869140625
2930.382080078125
3135.011474609375
3330.007568359375
3275.438720703125
3244.863037109375
3229.15478515625
3219.69287109375
3211.408203125
3200.710205078125
3185.062744140625
3163.784912109375
3136.656005859375
3104.885498046875
3068.80712890625
3045.601318359375
3064.17578125
3067.88916015625
3059.90185546875
3046.734619140625
3037.252685546875
3029.04931640625
3019.324462890625
3003.746337890625
2980.864990234375
2953.501220703125
2918.811279296875
2887.991455078125
2857.204833984375
2824.114990234375
2788.052490234375
2748.273193359375
2705.875
2663.02197265625
2620.317138671875
2575.892578125
2532.21728515625
2492.228515625
2454.944091796875
2418.864013671875
2383.61376953125
2348.8740234375
2313.898681640625
2278.126708984375
2241.23828125
2203.104736328125
2163.885009765625
2123.986083984375
2085.1201171875
2047.337890625
2010.3668212890625
