2085.078857421875
2070.327392578125
2041.9422607421875
2020.4638671875
2018.62451171875
2008.3802490234375
2004.2325439453125
2043.8115234375
2050.42529296875
2044.978759765625
2038.1639404296875
2031.4942626953125
2030.594482421875
2043.845947265625
2085.89990234375
2108.271484375
2121.996826171875
2137.4013671875
2150.1748046875
2161.636474609375
2177.296875
2195.71875
2214.3427734375
2235.042724609375
2267.136962890625
2308.439453125
2356.227294921875
2415.228759765625
2485.297607421875
2563.310791015625
2646.338623046875
2731.88671875
124.45494842529297
125.51380157470703
126.18798065185547
126.66622161865234
127.0106430053711
127.26219177246094
2068.45654296875
2470.540771484375
2664.65283203125
2807.237548828125
2942.7626953125
3085.9033203125
3236.426025390625
3390.37255859375
3547.124267578125
3705.85498046875
3865.47900390625
4023.3525390625
4179.6376953125
4334.3466796875
4487.431640625
4641.75244140625
4795.13330078125
4945.33544921875
5091.61181640625
5233.67138671875
5372.91455078125
5507.7119140625
5639.12939453125
5774.001953125
5902.26708984375
6024.0498046875
6137.95849609375
6244.8125
6347.6650390625
6448.3115234375
6541.75341796875
6623.8251953125
6693.61376953125
6755.32763671875
6805.265625
6844.919921875
6879.10205078125
6920.5322265625
6940.96875
6947.7626953125
6961.16162109375
6981.421875
7007.28125
7040.9287109375
7079.60693359375
7119.4404296875
7137.93701171875
7129.9609375
7107.8798828125
7098.263671875
7101.24560546875
7107.0400390625
7078.69580078125
7042.8896484375
