2070.921630859375
2037.128662109375
1998.3138427734375
2045.61328125
2070.305908203125
2069.54833984375
2061.48046875
2053.36328125
2057.895263671875
2057.098876953125
2060.74951171875
2086.958740234375
2104.0185546875
2116.452392578125
2124.587158203125
2130.00732421875
2134.348388671875
2141.73388671875
2148.175537109375
2158.30712890625
2173.600830078125
2193.36083984375
2214.340087890625
2234.11474609375
2253.76953125
2276.2431640625
2306.140869140625
2348.359130859375
2401.533447265625
2464.583740234375
2535.5986328125
2612.603515625
121.44734191894531
122.9901123046875
123.11146545410156
123.23252868652344
123.36007690429688
123.4899673461914
1796.0155029296875
2075.9287109375
2462.890380859375
2724.5595703125
2922.108642578125
3091.90087890625
3252.422119140625
3411.915771484375
3576.54541015625
3753.36865234375
3949.819091796875
4175.06982421875
4425.25
4695.5302734375
4986.2373046875
5277.982421875
5563.94189453125
5843.52685546875
5754.328125
5674.49072265625
5617.2705078125
5551.26318359375
5477.63720703125
5398.7978515625
5317.513671875
5227.5439453125
5130.8330078125
5029.453125
4924.6943359375
4817.7783203125
4709.251953125
4604.2275390625
4504.07763671875
4403.72265625
4302.517578125
4200.78564453125
4099.82373046875
4001.190185546875
3905.44091796875
3811.80224609375
3718.697509765625
3626.399658203125
3535.648681640625
3446.473876953125
3357.594482421875
3267.81689453125
3177.143798828125
3085.78955078125
2994.851318359375
2903.806640625
2812.686767578125
2721.9541015625
2634.009521484375
2549.3056640625
