2085.0
2065.88720703125
2032.3023681640625
2004.3310546875
2062.500244140625
2091.916259765625
2078.309814453125
2069.374267578125
2065.465576171875
2062.704345703125
2061.174560546875
2059.077392578125
2059.01171875
2077.9111328125
2079.822998046875
2018.766845703125
1965.99658203125
1940.0064697265625
1917.4052734375
1893.3966064453125
1871.162353515625
1849.9449462890625
1829.5079345703125
1809.6934814453125
1790.082763671875
1774.4990234375
1762.7552490234375
1748.888671875
1734.635986328125
1720.5953369140625
1710.493896484375
1701.7015380859375
118.53889465332031
118.93679809570312
119.29963684082031
119.60472869873047
119.90181732177734
120.19810485839844
1675.9349365234375
1685.31298828125
1706.196044921875
1708.9578857421875
1700.216796875
1690.095947265625
1680.8519287109375
1674.4520263671875
1669.2808837890625
1664.8553466796875
1664.3931884765625
1670.4869384765625
1673.872314453125
1676.2169189453125
1687.1309814453125
1723.5687255859375
1757.4927978515625
1793.381103515625
1827.8187255859375
1859.978271484375
1885.873046875
1907.3992919921875
1925.7049560546875
1940.9107666015625
1953.7333984375
1964.4561767578125
1974.498291015625
1986.7401123046875
2002.047607421875
2019.6903076171875
2038.4151611328125
2057.23876953125
2075.03955078125
2091.600830078125
2107.192626953125
2121.941650390625
2136.306640625
2149.900146484375
2161.83447265625
2171.4404296875
2178.088623046875
2182.130126953125
2183.92724609375
2183.275146484375
2180.669921875
2176.49658203125
2171.00244140625
2165.36376953125
2159.136474609375
2151.79345703125
2143.37353515625
2134.4375
2125.157470703125
2115.014892578125
