2077.899169921875
2046.3245849609375
2009.1639404296875
1977.6976318359375
2074.39990234375
2064.93017578125
2117.030029296875
2163.560546875
2184.18896484375
2188.302978515625
2209.42919921875
2243.810546875
2283.12841796875
2311.71826171875
2337.279296875
2368.6240234375
2417.634765625
2498.442626953125
2606.980224609375
2731.0478515625
2865.42724609375
3012.109375
3172.392822265625
3339.3017578125
3513.8662109375
3696.722900390625
3881.5576171875
4066.343017578125
4252.234375
4439.04150390625
4625.98974609375
4815.25927734375
159.67086791992188
132.9644317626953
131.6320343017578
135.81849670410156
140.7083282470703
144.89527893066406
3916.884521484375
4304.97265625
4407.38623046875
4517.93017578125
4716.08056640625
4975.70947265625
5272.67138671875
5610.232421875
5990.2958984375
6457.07080078125
6868.80419921875
7282.88330078125
7788.90625
8208.16796875
8603.587890625
8774.16015625
8959.7490234375
9218.0146484375
9345.9736328125
9429.0087890625
9534.990234375
9673.6904296875
9817.8984375
9877.5224609375
9128.8779296875
8618.345703125
8180.9775390625
7779.44482421875
7412.49462890625
7077.080078125
6758.32177734375
6451.607421875
6151.82763671875
5886.2763671875
5626.79052734375
5376.24169921875
5148.8544921875
4955.62939453125
4783.79541015625
4626.50830078125
4477.68798828125
4340.0224609375
4204.220703125
4068.272705078125
3935.33251953125
3805.2880859375
3677.35400390625
3547.72216796875
3415.685302734375
3284.4208984375
3150.1396484375
3030.206298828125
2923.066162109375
2827.68359375
