2084.989501953125
2073.144775390625
2046.657470703125
2026.566650390625
2042.726318359375
2030.1400146484375
2021.5059814453125
2048.08544921875
2068.79833984375
2064.849609375
2061.990966796875
2058.8916015625
2057.4287109375
2056.626220703125
2076.32080078125
2098.37158203125
2128.264404296875
2142.72900390625
2173.642822265625
2174.26123046875
2160.89453125
2153.893798828125
2153.416015625
2153.974365234375
2154.8671875
2156.24267578125
2158.503662109375
2161.708984375
2166.03759765625
2169.338134765625
2173.23486328125
2183.02734375
121.75926971435547
121.5212173461914
121.00593566894531
120.75647735595703
121.08456420898438
121.44194793701172
1831.126708984375
1822.8275146484375
2162.916748046875
2434.552978515625
2496.212646484375
2475.761962890625
2452.23193359375
2471.628662109375
2526.0595703125
2589.595947265625
2657.68505859375
2700.910888671875
2729.287353515625
2758.863037109375
2783.2333984375
2824.85107421875
2860.185791015625
2903.935546875
2941.033935546875
2970.8759765625
3005.594970703125
3059.41650390625
3127.462646484375
3212.85009765625
3311.0419921875
3413.7421875
3508.707763671875
3590.130615234375
3666.993408203125
3740.32275390625
3813.380126953125
3902.93994140625
4016.20458984375
4150.7197265625
4222.19091796875
4135.84765625
4093.68701171875
4083.6015625
4086.975830078125
4095.363525390625
4106.65625
4120.12060546875
4138.0107421875
4163.4150390625
4199.66552734375
4248.1416015625
4306.9716796875
4369.29833984375
4426.04736328125
4472.009765625
4506.10986328125
4529.7978515625
4546.50244140625
4555.16845703125
