2051.900634765625
2009.8477783203125
2097.486083984375
2178.63818359375
2115.1826171875
2115.215087890625
2147.31005859375
2182.617431640625
2195.782470703125
2205.99267578125
2226.486328125
2241.285400390625
2255.03173828125
2269.4990234375
2290.54736328125
2316.404296875
2346.38134765625
2379.40576171875
2416.697509765625
2459.610595703125
2509.665771484375
2572.0625
2646.42724609375
2732.0703125
2827.58544921875
2931.960693359375
3046.168212890625
3169.881591796875
3302.424560546875
3443.137939453125
3591.450927734375
3747.01025390625
131.4407501220703
127.3005599975586
128.5052032470703
129.7865447998047
130.77783203125
131.71768188476562
2952.259765625
4151.6865234375
4606.28857421875
4818.91162109375
4963.42236328125
5085.01708984375
5205.8837890625
5328.7373046875
5458.1572265625
5596.1171875
5743.55517578125
5900.93359375
6069.55322265625
6249.859375
6442.517578125
6647.01708984375
6862.1357421875
7125.5712890625
7414.04345703125
7700.12060546875
8006.1689453125
8360.6376953125
8731.6328125
9099.3623046875
9465.3212890625
9542.4921875
9586.4658203125
9646.9150390625
9709.82421875
9768.5888671875
9819.578125
9860.4130859375
9891.54296875
9913.6533203125
9928.51171875
9934.2490234375
9931.1201171875
9916.2724609375
9889.560546875
9852.001953125
9804.82421875
9749.505859375
9688.52734375
9622.7587890625
9552.35546875
9477.1337890625
9396.7177734375
9311.826171875
9222.595703125
9129.4990234375
9032.474609375
8931.67578125
8827.4599609375
8774.1650390625
8719.9580078125
