2016.4268798828125
1879.2183837890625
1638.1702880859375
1606.962890625
1546.95654296875
1498.2811279296875
1461.98095703125
1436.0928955078125
1411.369140625
1391.4232177734375
1379.081298828125
1370.8515625
1365.9051513671875
1359.0780029296875
1350.4365234375
1341.7471923828125
1334.41162109375
1326.1107177734375
1319.7529296875
1316.53076171875
1313.6287841796875
1309.90087890625
1306.75732421875
1303.8809814453125
1301.6395263671875
1301.999755859375
1305.5650634765625
1311.4302978515625
1320.241455078125
1332.388671875
1348.3551025390625
1368.224365234375
119.9704818725586
121.63633728027344
122.43013000488281
123.02650451660156
123.5598373413086
124.08833312988281
1361.4718017578125
1439.95458984375
1527.7628173828125
1573.796142578125
1598.1236572265625
1618.02197265625
1637.8763427734375
1661.14013671875
1688.83203125
1720.20458984375
1757.097900390625
1795.31640625
1834.2904052734375
1873.6259765625
1913.0133056640625
1952.127197265625
1990.741943359375
2028.611572265625
2065.4765625
2101.0947265625
2135.498291015625
2168.906494140625
2204.35009765625
2240.348876953125
2286.7783203125
2331.914306640625
2374.76171875
2415.845703125
2477.001953125
2538.677978515625
2599.074951171875
2651.289306640625
2698.2431640625
2742.029296875
2780.736572265625
2814.271240234375
2842.518310546875
2865.55712890625
2883.505615234375
2896.375732421875
2904.3623046875
2908.248046875
2908.226806640625
2904.35107421875
2896.71533203125
2885.46435546875
2870.99169921875
2853.763671875
2834.57275390625
2813.3076171875
2789.741455078125
2763.935791015625
2736.309814453125
2721.913330078125
2706.956298828125
