2066.355712890625
2027.981689453125
1988.724365234375
2103.059326171875
2086.680908203125
2063.61328125
2049.2373046875
2042.7979736328125
2038.161865234375
2035.7755126953125
2030.515625
2029.7320556640625
2038.47607421875
2036.3702392578125
2040.519287109375
2049.06005859375
2056.365966796875
2057.875
2057.36376953125
2066.620361328125
2081.10546875
2096.10595703125
2108.071533203125
2117.77587890625
2128.718994140625
2139.0126953125
2148.135009765625
2156.805419921875
2165.142822265625
2174.597412109375
2187.66845703125
2206.60205078125
124.2845458984375
124.45258331298828
124.6323013305664
124.8069839477539
124.97352600097656
125.13534545898438
1806.0303955078125
1994.2862548828125
2111.95849609375
2251.412109375
2360.863525390625
2445.714111328125
2517.19140625
2584.958740234375
2652.345458984375
2721.1650390625
2794.345458984375
2873.982421875
2959.996826171875
3051.497314453125
3147.767578125
3248.41357421875
3350.22998046875
3450.713623046875
3550.840576171875
3653.2841796875
3760.276123046875
3870.539794921875
3989.3056640625
4100.3603515625
4209.21484375
4313.48583984375
4415.09521484375
4510.998046875
4607.43603515625
4708.00634765625
4817.2998046875
4916.81005859375
4833.22412109375
4756.5205078125
4682.03369140625
4606.6552734375
4529.892578125
4452.744140625
4374.794921875
4293.53515625
4210.01416015625
4125.3916015625
4038.677490234375
3948.998046875
3859.994873046875
3770.105224609375
3679.886474609375
3590.36572265625
3500.333984375
3409.310302734375
3317.63720703125
3225.39892578125
3133.715087890625
3042.413818359375
