2065.031494140625
2042.7322998046875
2021.620849609375
2003.2691650390625
2019.314208984375
2060.112060546875
2056.314697265625
2044.8133544921875
2034.5106201171875
2025.3289794921875
2045.5054931640625
2066.488525390625
2084.571533203125
2115.843017578125
2150.86328125
2184.4326171875
2219.477294921875
2261.18603515625
2309.41455078125
2366.523193359375
2432.093505859375
2507.49072265625
2591.505859375
2685.124755859375
2790.240478515625
2906.314453125
3032.9619140625
3169.494873046875
3315.113525390625
3469.29541015625
3631.1875
3799.89404296875
141.12826538085938
138.5244598388672
139.23748779296875
144.59317016601562
153.52720642089844
161.43212890625
4002.781982421875
4459.8037109375
4761.26708984375
5001.1767578125
5205.89013671875
5390.9775390625
5562.9189453125
5740.1572265625
5928.37353515625
6122.10693359375
6324.6962890625
6539.9189453125
6770.4951171875
7018.28173828125
7280.82763671875
7556.591796875
7853.49072265625
8172.1123046875
8525.6484375
8883.2705078125
9272.412109375
9743.04296875
10209.01953125
10680.390625
11159.66015625
11644.3583984375
12130.396484375
12617.5625
13106.607421875
13598.96484375
14096.357421875
14601.0908203125
15113.3603515625
15631.8095703125
16158.44921875
16693.025390625
17232.359375
17775.931640625
18322.697265625
18871.4375
19420.115234375
19740.171875
19529.525390625
19348.84375
19173.728515625
18997.65234375
18818.318359375
18634.33203125
18444.482421875
18248.591796875
18046.638671875
17838.111328125
17622.990234375
17401.5390625
