0.021655766293406487
0.026597274467349052
0.02932908572256565
0.030492335557937622
0.030936693772673607
0.03102955035865307
0.031012792140245438
0.031027358025312424
0.031087378039956093
0.031239086762070656
0.03147455304861069
0.0318279042840004
0.03222774341702461
0.03260437771677971
0.03294072300195694
0.03326939046382904
0.03363671153783798
0.034044262021780014
0.034488778561353683
0.0349649116396904
0.03547244146466255
0.03602638095617294
0.03664326295256615
0.037331078201532364
0.038085922598838806
0.03888271376490593
0.03971872478723526
0.040591996163129807
0.04148741066455841
0.04088874161243439
0.04037189856171608
0.039871055632829666
0.0020644052419811487
0.0013578551588580012
0.0013720435090363026
0.001382846967317164
0.0013887471286579967
0.0013928795233368874
0.03595928102731705
0.04261605069041252
0.04017285257577896
0.0388750359416008
0.03804605081677437
0.037366773933172226
0.036621980369091034
0.03587379306554794
0.03512003272771835
0.034355733543634415
0.033578310161828995
0.03305670619010925
0.03279660642147064
0.0320076048374176
0.031254399567842484
0.030470339581370354
0.029656488448381424
0.028834786266088486
0.02801470272243023
0.027196479961276054
0.02637512981891632
0.025560598820447922
0.02475481666624546
0.023952975869178772
0.023160496726632118
0.02238069474697113
0.021612362936139107
0.0208562221378088
0.02048247866332531
0.02010953798890114
0.019374137744307518
0.018651029095053673
0.01793670654296875
0.017227347940206528
0.016530953347682953
0.015862194821238518
0.015229137614369392
0.014629977755248547
0.014067872427403927
0.013541790656745434
0.013049365021288395
0.012588372454047203
0.01215510442852974
0.011747400276362896
0.011365040205419064
0.011010600253939629
0.010682018473744392
0.010380318388342857
0.010100571438670158
0.009839254431426525
0.0095943883061409
0.00936636608093977
0.009154072031378746
0.008955972269177437
0.00877026841044426
0.008595520630478859
