0.021938739344477654
0.02414483204483986
0.028889348730444908
0.03052695468068123
0.03113429620862007
0.03136337175965309
0.03144495189189911
0.03149900957942009
0.031591255217790604
0.03170980513095856
0.03185250982642174
0.03198305144906044
0.03207961097359657
0.032160691916942596
0.03225291892886162
0.032358214259147644
0.032469332218170166
0.032579563558101654
0.03268180042505264
0.03278547525405884
0.0329284593462944
0.03313041850924492
0.03336402028799057
0.03364884853363037
0.03399430960416794
0.03439260274171829
0.034837253391742706
0.03532566502690315
0.035860326141119
0.03645504638552666
0.03711147606372833
0.03781844303011894
0.0023819059133529663
0.0019190775929018855
0.0017581027932465076
0.00170729064848274
0.001704653725028038
0.001722645596601069
0.03560744225978851
0.03868537396192551
0.03985640034079552
0.040640369057655334
0.04143870621919632
0.04232887178659439
0.043321236968040466
0.044391751289367676
0.04553047567605972
0.046735502779483795
0.04800417274236679
0.04910814017057419
0.05022544786334038
0.05140672251582146
0.05256381258368492
0.053713176399469376
0.05490289628505707
0.056177861988544464
0.05754078924655914
0.05717315152287483
0.05584515258669853
0.054575707763433456
0.0533251017332077
0.05208076536655426
0.0508405975997448
0.04961489886045456
0.04841402545571327
0.047233663499355316
0.04606323689222336
0.044891711324453354
0.04371652379631996
0.042574577033519745
0.04148011654615402
0.040408067405223846
0.03935815021395683
0.038326624780893326
0.03730829805135727
0.03630128130316734
0.03531719744205475
0.034377485513687134
0.03347808122634888
0.03260933607816696
0.03176825866103172
0.03095192462205887
0.030155908316373825
0.0293747391551733
0.02861384116113186
0.027872558683156967
0.027151647955179214
0.02645474299788475
0.025784632191061974
0.02514154464006424
0.02451084926724434
0.023892035707831383
