9.87741756439209
7.3512349128723145
7.065022945404053
6.888774394989014
6.6047186851501465
6.468751430511475
6.476936340332031
6.538583755493164
6.580878257751465
6.623935699462891
6.653594493865967
6.715928077697754
6.821493148803711
6.963676929473877
7.12546968460083
7.298073768615723
7.455766201019287
7.606344699859619
7.7663655281066895
7.952182769775391
8.130568504333496
8.318326950073242
8.522666931152344
8.720475196838379
8.92037296295166
9.120658874511719
9.271466255187988
9.579635620117188
9.99146842956543
10.269237518310547
10.506690979003906
10.62552547454834
10.729851722717285
3.266800880432129
3.275705575942993
3.2903995513916016
3.343099355697632
3.392686605453491
3.448214054107666
3.5265934467315674
11.738520622253418
12.272207260131836
12.490301132202148
12.973624229431152
13.254063606262207
13.383522987365723
13.457334518432617
13.646058082580566
13.82099723815918
14.070844650268555
14.266712188720703
14.429037094116211
14.57480525970459
14.714075088500977
14.859221458435059
14.922545433044434
15.010150909423828
15.184115409851074
15.376243591308594
15.579078674316406
15.792469024658203
16.006458282470703
16.21919822692871
16.456159591674805
16.709964752197266
16.95684814453125
17.19927215576172
17.439233779907227
17.673595428466797
17.900907516479492
18.119892120361328
18.331832885742188
18.54172706604004
18.752140045166016
18.95745849609375
19.16750717163086
19.408750534057617
19.648231506347656
19.879526138305664
20.101911544799805
20.32762336730957
20.552959442138672
20.775009155273438
20.997955322265625
21.22571563720703
21.4606990814209
21.70378875732422
21.9591007232666
22.20810890197754
22.45470428466797
22.69785499572754
22.9351806640625
23.164419174194336
23.383134841918945
23.58936882019043
23.783084869384766
23.963306427001953
24.133289337158203
24.292497634887695
