0.02417224645614624
0.026415592059493065
0.029637353494763374
0.03314882889389992
0.03378309682011604
0.03396904468536377
0.03409307077527046
0.034315742552280426
0.034432992339134216
0.034506283700466156
0.034624721854925156
0.03474856913089752
0.034872133284807205
0.03500590845942497
0.035140592604875565
0.03528594225645065
0.035424087196588516
0.035565827041864395
0.035718727856874466
0.03588910400867462
0.03606187552213669
0.036229174584150314
0.036391668021678925
0.036554355174303055
0.036717738956213
0.036899928003549576
0.03709965571761131
0.03733966872096062
0.03762262314558029
0.03794088959693909
0.03829231858253479
0.03867429867386818
0.002055138349533081
0.0018654445884749293
0.0017795449821278453
0.0017608656780794263
0.0017539161490276456
0.0017487253062427044
0.03458127751946449
0.03669211268424988
0.03807294741272926
0.03910021111369133
0.03992679342627525
0.0406549908220768
0.04134468361735344
0.04201606661081314
0.04268462583422661
0.043359577655792236
0.04404778406023979
0.044750407338142395
0.04547039791941643
0.04621043801307678
0.04697234183549881
0.04775910824537277
0.04857403039932251
0.049418941140174866
0.050297241657972336
0.051214706152677536
0.05218665301799774
0.05322013050317764
0.05429429933428764
0.0554114393889904
0.05645831674337387
0.057352833449840546
0.058218762278556824
0.05904947966337204
0.05986442789435387
0.060675326734781265
0.061511240899562836
0.06234263628721237
0.06313920021057129
0.06391514092683792
0.06467960774898529
0.06544793397188187
0.06622929126024246
0.06701996922492981
0.06781578809022903
0.06861070543527603
0.06937743723392487
0.07011011242866516
0.07081712037324905
0.07150830328464508
0.07220586389303207
0.07292908430099487
0.07363121956586838
0.0719570741057396
0.07022392749786377
0.06855122745037079
0.06695406138896942
0.0653831958770752
0.0638250783085823
0.06226516515016556
