0.0077609592117369175
0.008671625517308712
0.00984177365899086
0.010931890457868576
0.011149865575134754
0.011216244660317898
0.011277253739535809
0.011347402818500996
0.01142899040132761
0.011561376042664051
0.011681238189339638
0.0117769381031394
0.011865097098052502
0.011950409039855003
0.012034145183861256
0.01212404016405344
0.012234312482178211
0.01236631814390421
0.012514040805399418
0.012679321691393852
0.012866174802184105
0.013076230883598328
0.01331185083836317
0.0135725699365139
0.013858979567885399
0.014167907647788525
0.014441247098147869
0.014721202664077282
0.01501754205673933
0.015325690619647503
0.015643414109945297
0.015971623361110687
0.0008262846386060119
0.0007940971408970654
0.0007954405737109482
0.0008045892463997006
0.000815307314042002
0.000825623981654644
0.015524598769843578
0.016431612893939018
0.01688096858561039
0.01716494746506214
0.017400076612830162
0.017641160637140274
0.01791398413479328
0.018225621432065964
0.018577940762043
0.018973341211676598
0.019403962418437004
0.019878214225172997
0.020355958491563797
0.0208396315574646
0.021288249641656876
0.021743858233094215
0.02223874256014824
0.02275337651371956
0.023271646350622177
0.023794978857040405
0.024319542571902275
0.02450927533209324
0.023952122777700424
0.0234213899821043
0.022901087999343872
0.022386234253644943
0.021876206621527672
0.02137003093957901
0.02086728811264038
0.020369846373796463
0.019875988364219666
0.019386542961001396
0.018903054296970367
0.018427127972245216
0.0179606806486845
0.017504137009382248
0.017056846991181374
0.016618788242340088
0.016190189868211746
0.015772199258208275
0.01536525133997202
0.014967231079936028
0.014577552676200867
0.014195647090673447
0.013820993714034557
0.013454264961183071
0.013102209195494652
0.012763621285557747
0.012436904013156891
0.012121140025556087
0.011815368197858334
0.011518598534166813
0.011230147443711758
0.010949770919978619
