7.201003074645996
8.701218605041504
10.644779205322266
12.049715042114258
13.61487102508545
12.58462905883789
12.540755271911621
13.008384704589844
13.716632843017578
14.488142013549805
15.043695449829102
15.382489204406738
15.695577621459961
16.1022891998291
16.437349319458008
16.701038360595703
17.088672637939453
17.640140533447266
18.2923526763916
19.065738677978516
19.98663330078125
21.010210037231445
22.03474235534668
23.112415313720703
24.32370948791504
25.701967239379883
27.34377670288086
29.337312698364258
31.5805606842041
34.28447341918945
37.54524230957031
41.58584976196289
0.5684797763824463
0.4886891543865204
0.49805623292922974
0.5185907483100891
0.5396199226379395
0.5604233145713806
17.05799674987793
39.239444732666016
63.38347244262695
80.43873596191406
92.09130096435547
101.42893981933594
111.41377258300781
122.62527465820312
134.8048858642578
147.91932678222656
161.9244384765625
176.9020538330078
193.1827850341797
210.62586975097656
229.02322387695312
248.0631866455078
264.9580993652344
276.0622863769531
286.7884521484375
297.4577941894531
307.5841369628906
316.9385986328125
325.68212890625
333.82159423828125
341.3277282714844
348.1667175292969
354.2972412109375
359.7838134765625
365.1974792480469
369.9145812988281
373.9797058105469
377.6008605957031
380.8802795410156
383.8750915527344
386.52850341796875
388.7062072753906
390.21978759765625
390.8868713378906
391.36090087890625
391.8545837402344
392.0784912109375
392.16839599609375
392.0643310546875
391.7552490234375
390.9378356933594
389.7118835449219
388.59295654296875
387.6260681152344
386.76177978515625
385.9578857421875
385.22021484375
384.5137023925781
383.82440185546875
383.0203857421875
382.19140625
