1500.0
1500.0
1500.0
1497.829345703125
1499.99951171875
1500.0
1500.0
1500.0
1500.0
1500.0
1500.0
1500.0
1500.0
1500.0
1500.0
1500.0
1500.0
1500.0
1500.0
1500.0
1500.0
1500.0
1500.0
1500.0
1500.0
1500.0
1500.0
1500.0
1500.0
1500.0
1500.0
1500.0
100.0
100.0
100.0
100.0
100.0
100.0
1500.0
1500.0
1500.0
1500.0
1500.0
1500.0
1500.0
1500.0
1500.0
1500.0
1500.0
1500.0
1500.0
1500.0
1500.0
1500.0
1500.0
1500.0
1500.0
1500.0
1500.0
1500.0
1500.0
1500.0
1500.0
1500.0
1500.0
1500.0
1500.0
1500.0
1500.0
1500.0
1500.0
1438.434814453125
1399.664306640625
1362.8299560546875
1287.229736328125
1227.89697265625
1167.7135009765625
1092.0682373046875
1024.1424560546875
948.87841796875
863.0888671875
776.3290405273438
727.801025390625
698.7797241210938
672.3477783203125
646.4651489257812
620.126220703125
593.3204345703125
566.634765625
539.7611083984375
513.1883544921875
489.51806640625
466.6467590332031
444.2120056152344
