1500.0
1500.0
1500.0003662109375
1500.0
1500.0
1500.0
1500.0
1500.0
1500.0
1500.0
1500.0
1500.0
1500.0
1500.0
1500.0
1500.0
1500.0
1500.0
1500.0
1500.0
1500.0
1500.0
1500.0
1500.0
1500.0
1500.0
1500.0
1500.0
1500.0
1500.0
1500.0
1500.0
100.0
100.0
100.0
100.0
100.0
100.0
1499.994384765625
1499.9998779296875
1500.0
1500.0
1500.0
1500.0
1500.0
1500.0
1500.0
1500.0
1500.0
1500.0
1500.0
1500.0
1500.0
1500.0
1428.948486328125
1356.37353515625
1289.1895751953125
1221.3876953125
1153.66552734375
1092.7044677734375
1036.2412109375
981.302978515625
930.8488159179688
878.9949340820312
829.1651611328125
784.0738525390625
739.927001953125
699.3355102539062
664.0340576171875
632.750244140625
603.7482299804688
574.9026489257812
545.2755126953125
515.1074829101562
487.3374938964844
463.9398498535156
441.806640625
419.63287353515625
395.7597961425781
373.9822082519531
353.2569885253906
332.5240783691406
313.3931579589844
295.6990966796875
278.34356689453125
268.0572204589844
259.1228332519531
249.84657287597656
241.76983642578125
233.16224670410156
224.15330505371094
216.0618133544922
208.5005340576172
