0.1064506322145462
0.11848436295986176
0.1268635243177414
0.13554604351520538
0.1412261724472046
0.14346447587013245
0.14503008127212524
0.1466342955827713
0.14778737723827362
0.14857108891010284
0.14929811656475067
0.1501091718673706
0.15097662806510925
0.15177538990974426
0.1525573581457138
0.1533799171447754
0.15422767400741577
0.15504880249500275
0.1558379977941513
0.15660981833934784
0.15746206045150757
0.15841078758239746
0.1597287505865097
0.16134822368621826
0.1632479876279831
0.1657029539346695
0.1695789247751236
0.17392341792583466
0.17850840091705322
0.18318350613117218
0.18800140917301178
0.19310486316680908
0.016422513872385025
0.012790019623935223
0.011399848386645317
0.010852153412997723
0.010491029359400272
0.01019543968141079
0.15700989961624146
0.1664741188287735
0.17437481880187988
0.18599045276641846
0.19583405554294586
0.2053213119506836
0.21497568488121033
0.2247363179922104
0.23496408760547638
0.2456752508878708
0.2625714838504791
0.2824721932411194
0.30380865931510925
0.32724353671073914
0.3541202247142792
0.3849939703941345
0.4198039770126343
0.42770400643348694
0.4292012155056
0.429635614156723
0.42991408705711365
0.43084150552749634
0.43204909563064575
0.43328237533569336
0.4350254237651825
0.571922779083252
3.86199951171875
6.171611309051514
7.806032657623291
8.97302532196045
9.81508731842041
10.497337341308594
11.010622024536133
11.375948905944824
11.526949882507324
11.654096603393555
11.85299015045166
12.007680892944336
12.125164031982422
12.210585594177246
12.269007682800293
12.304254531860352
12.321703910827637
12.324799537658691
12.316601753234863
12.299321174621582
12.27595329284668
12.248993873596191
12.2251558303833
12.204202651977539
12.1878023147583
12.177507400512695
12.174681663513184
12.178778648376465
12.197799682617188
12.2262544631958
