0.03792640194296837
0.04073349013924599
0.044575903564691544
0.04870866239070892
0.05211067572236061
0.05289950966835022
0.05311886966228485
0.05356007069349289
0.05404830351471901
0.054633378982543945
0.05512111261487007
0.055630944669246674
0.05613498017191887
0.05665140226483345
0.05721374973654747
0.05792398378252983
0.05879438668489456
0.059834614396095276
0.06102265045046806
0.062313467264175415
0.06367239356040955
0.06510937958955765
0.0665941834449768
0.06808961927890778
0.06960044801235199
0.07114209234714508
0.072733074426651
0.07437089830636978
0.0760713741183281
0.07791367173194885
0.07971032708883286
0.08159807324409485
0.004563881084322929
0.0043790871277451515
0.004313080571591854
0.004282525274902582
0.0042626443319022655
0.004244297277182341
0.07501452416181564
0.07827145606279373
0.07935773581266403
0.08035405725240707
0.0824507623910904
0.08482269197702408
0.08753327280282974
0.09046673029661179
0.0930507555603981
0.09545119106769562
0.09678872674703598
0.09851299226284027
0.10176662355661392
0.10403133183717728
0.10597001761198044
0.10896213352680206
0.11125870794057846
0.11217901855707169
0.11216503381729126
0.10635936260223389
0.10131015628576279
0.09663804620504379
0.09221770614385605
0.08802276104688644
0.08399689197540283
0.08029061555862427
0.0769575759768486
0.07395343482494354
0.07111448794603348
0.06838615983724594
0.06576546281576157
0.06325612962245941
0.0614108182489872
0.05997167155146599
0.0588248185813427
0.0582934245467186
0.05782676860690117
0.05760260671377182
0.05868782848119736
0.07282057404518127
0.09286299347877502
0.11535193026065826
0.14011874794960022
0.1667296141386032
0.19296635687351227
0.2200450450181961
0.24790425598621368
0.27672526240348816
0.30672329664230347
0.3359229266643524
0.3623404800891876
0.3870418071746826
1.8756176233291626
8.313969612121582
12.708643913269043
16.066436767578125
18.50225067138672
20.113445281982422
21.186861038208008
