2074.978759765625
2043.9991455078125
2006.7467041015625
2003.1868896484375
2090.106689453125
2071.610595703125
2072.279296875
2062.784912109375
2053.031982421875
2052.666748046875
2057.73388671875
2067.533203125
2075.481689453125
2088.289306640625
2100.826904296875
2114.544189453125
2127.42626953125
2135.73583984375
2140.249267578125
2144.599365234375
2149.6279296875
2154.140869140625
2161.958251953125
2170.603515625
2181.560791015625
2195.8408203125
2213.518798828125
2231.70263671875
2252.169677734375
2276.573486328125
2305.69287109375
2341.791748046875
123.3443832397461
124.53834533691406
124.62713623046875
124.70695495605469
124.79582977294922
124.88892364501953
1812.1910400390625
1890.669921875
2208.245361328125
2463.17236328125
2647.586181640625
2785.538818359375
2894.69384765625
2992.44287109375
3092.0107421875
3200.367431640625
3322.6298828125
3455.99609375
3597.489501953125
3748.568603515625
3911.652099609375
4089.848388671875
4289.267578125
4486.099609375
4691.3974609375
4888.9150390625
5078.67138671875
5264.458984375
5442.2451171875
5619.9912109375
5566.8349609375
5482.61181640625
5406.6552734375
5339.43115234375
5282.3486328125
5219.431640625
5153.34814453125
5084.158203125
5012.44921875
4938.60107421875
4863.67333984375
4787.64111328125
4708.6953125
4630.71728515625
4558.98388671875
4478.7548828125
4393.078125
4303.0380859375
4210.826171875
4118.66259765625
4028.1123046875
3939.482177734375
3852.22314453125
3766.9619140625
3681.33544921875
3595.19287109375
3508.713623046875
3420.2255859375
3331.35595703125
3243.056640625
