2073.078125
2044.8287353515625
2015.2274169921875
1991.8470458984375
2068.121826171875
2066.057861328125
2050.32421875
2040.0570068359375
2046.6923828125
2067.345458984375
2108.27294921875
2134.81640625
2151.585693359375
2170.64794921875
2191.05224609375
2210.7939453125
2230.365966796875
2251.92578125
2280.31201171875
2314.35546875
2350.87060546875
2393.95263671875
2445.87939453125
2507.923583984375
2578.250732421875
2656.4150390625
2741.27783203125
2832.580322265625
2930.7001953125
3035.541015625
3146.385498046875
3262.968505859375
122.9841537475586
124.46861267089844
125.23950958251953
125.71810150146484
126.05977630615234
126.32730865478516
2710.633056640625
3322.094482421875
3536.80029296875
3653.4697265625
3756.203369140625
3867.042724609375
3992.19580078125
4130.232421875
4278.4921875
4434.9697265625
4597.94384765625
4767.07080078125
4940.912109375
5118.80322265625
5301.1181640625
5487.9111328125
5679.84375
5881.326171875
6090.388671875
6318.84619140625
6571.08056640625
6826.69091796875
7085.9736328125
7358.5615234375
7644.06494140625
7914.98046875
8178.45703125
8437.4765625
8702.185546875
8949.4970703125
9184.7939453125
9313.09375
9172.404296875
9045.1513671875
8923.4638671875
8799.6650390625
8670.234375
8535.2822265625
8396.302734375
8254.5625
8109.58203125
7961.39404296875
7810.61767578125
7658.900390625
7508.10400390625
7358.8388671875
7210.892578125
7064.0849609375
6918.642578125
6774.423828125
6632.54150390625
6491.87255859375
6351.5673828125
6212.63623046875
