0.041044510900974274
0.05279817804694176
0.06171904504299164
0.06140697002410889
0.06073063239455223
0.06078406795859337
0.06092771142721176
0.06096641346812248
0.06101863458752632
0.06115918979048729
0.06139304116368294
0.061690740287303925
0.06202032044529915
0.06238546222448349
0.06279793381690979
0.06320585310459137
0.06355884671211243
0.06387090682983398
0.06415911763906479
0.06446501612663269
0.06478217989206314
0.06442836672067642
0.06389665603637695
0.06346531957387924
0.06309475004673004
0.06274324655532837
0.06238279491662979
0.06202724575996399
0.061667174100875854
0.0612935945391655
0.060904406011104584
0.06050161272287369
0.0030574044212698936
0.002623117296025157
0.0026198229752480984
0.0025964558590203524
0.002585367765277624
0.0025775020476430655
0.0550667829811573
0.06375368684530258
0.0692051500082016
0.06276565790176392
0.060675378888845444
0.05941705405712128
0.05839996412396431
0.057536423206329346
0.056769151240587234
0.05604621022939682
0.05533214285969734
0.054506879299879074
0.05348764732480049
0.052490513771772385
0.0514812096953392
0.050456561148166656
0.049413468688726425
0.0483563207089901
0.04729089513421059
0.04621773585677147
0.04511150345206261
0.043973442167043686
0.042804889380931854
0.04167143255472183
0.04066120460629463
0.03965739160776138
0.03866587579250336
0.03768844157457352
0.036722518503665924
0.0357673354446888
0.03482719138264656
0.03389979153871536
0.03297587111592293
0.032056424766778946
0.03113503009080887
0.030231136828660965
0.029332444071769714
0.028418874368071556
0.027516117319464684
0.02661820687353611
0.025762300938367844
0.024953484535217285
0.024185199290513992
0.023405112326145172
0.0226339939981699
0.021874001249670982
0.021126119419932365
0.020373200997710228
0.019633684307336807
0.018894992768764496
0.01815514825284481
0.01740770973265171
0.01665395498275757
0.015899771824479103
0.015220670960843563
