1499.9901123046875
1500.0
1500.0
1500.0
1500.0
1500.0
1500.0
1500.0
1500.0
1500.0
1500.0
1500.0
1500.0
1500.0
1500.0
1500.0
1500.0
1500.0
1500.0
1500.0
1500.0
1500.0
1500.0
1500.0
1500.0
1500.0
1500.0
1500.0
1500.0
1500.0
1500.0
1500.0
99.99321746826172
100.0
100.0
100.0
100.0
100.0
1500.0
1500.0
1500.0
1500.0
1500.0
1500.0
1500.0
1500.0
1500.0
1500.0
1500.0
1500.0
1500.0
1500.0
1500.0
1500.0
1500.0
1500.0
1500.0
1500.0
1500.0
1500.0
1500.0
1500.0
1500.0
1500.0
1500.0
1500.0
1500.0
1500.0
1500.0
1500.0
1500.0
1499.9996337890625
1499.9998779296875
1499.9998779296875
1499.9996337890625
1499.9268798828125
1499.994140625
1499.9820556640625
1500.0
1499.9951171875
1475.8802490234375
1402.276611328125
1334.30810546875
1271.9337158203125
1221.74560546875
1173.49462890625
1126.3809814453125
1080.79052734375
1036.7913818359375
998.5694580078125
967.2172241210938
940.1138916015625
