0.09463666379451752
0.10430669039487839
0.11821789294481277
0.12643827497959137
0.1325206607580185
0.1379021406173706
0.14185592532157898
0.14345109462738037
0.14465253055095673
0.1456172913312912
0.14632156491279602
0.1468949019908905
0.14742347598075867
0.14790746569633484
0.14833396673202515
0.14874017238616943
0.14916260540485382
0.14960353076457977
0.15011419355869293
0.1506558358669281
0.15116219222545624
0.1516498625278473
0.15212851762771606
0.15262527763843536
0.15310706198215485
0.15357649326324463
0.15402786433696747
0.154489204287529
0.15496906638145447
0.1554718017578125
0.15601518750190735
0.15662601590156555
0.021890103816986084
0.014406315982341766
0.011057592928409576
0.009470630437135696
0.008335593156516552
0.007999864406883717
0.12351230531930923
0.13700364530086517
0.14312486350536346
0.14858797192573547
0.1538933962583542
0.1580510139465332
0.16209113597869873
0.1655930131673813
0.16868437826633453
0.17156611382961273
0.17441076040267944
0.17729921638965607
0.1802607625722885
0.18333114683628082
0.18652747571468353
0.18987511098384857
0.19339272379875183
0.19704608619213104
0.20081384479999542
0.2047194540500641
0.20879341661930084
0.21300700306892395
0.21739183366298676
0.22198349237442017
0.22678986191749573
0.23178434371948242
0.2371140569448471
0.2428133338689804
0.25007495284080505
0.2588232159614563
0.26789024472236633
0.27738335728645325
0.28614726662635803
0.2951543629169464
0.3052070736885071
0.31730887293815613
0.33013245463371277
0.34386324882507324
0.3577689230442047
0.3626973330974579
0.3523176610469818
0.34324711561203003
0.33477553725242615
0.32652637362480164
0.31838032603263855
0.3111770451068878
0.3045834004878998
0.29941698908805847
0.29563048481941223
0.29276958107948303
0.29058584570884705
0.2890585660934448
0.28810134530067444
0.2876330614089966
