3.9588749408721924
4.677365303039551
6.0956950187683105
7.495630264282227
7.704195499420166
7.023299694061279
6.669106483459473
6.659949779510498
6.849692344665527
7.172693729400635
7.5708489418029785
8.053412437438965
8.610560417175293
9.203667640686035
9.58604621887207
9.69033145904541
9.649560928344727
9.614876747131348
9.619942665100098
9.675965309143066
9.793295860290527
9.937394142150879
10.122018814086914
10.329805374145508
10.544401168823242
10.755298614501953
10.966268539428711
11.188863754272461
11.41422176361084
11.646560668945312
11.898805618286133
12.177360534667969
0.22841840982437134
0.19411450624465942
0.19498082995414734
0.19816377758979797
0.20347025990486145
0.21003030240535736
12.796380996704102
14.265995979309082
14.6589994430542
14.998174667358398
15.357760429382324
15.797502517700195
16.305578231811523
16.871383666992188
17.48823356628418
18.13418960571289
18.878286361694336
19.70537757873535
20.55755043029785
21.420011520385742
22.31133270263672
23.243873596191406
24.21622657775879
25.229625701904297
26.299196243286133
27.409835815429688
28.542417526245117
29.68549156188965
30.830259323120117
31.970317840576172
33.10171890258789
34.22983932495117
35.34809112548828
36.44936752319336
37.5369758605957
38.67128372192383
39.73863983154297
40.75141525268555
41.69296646118164
42.5592155456543
43.36846923828125
44.13903045654297
44.88178253173828
45.59849548339844
46.2761344909668
46.89969253540039
47.458740234375
47.94664001464844
48.37451934814453
48.74284744262695
49.05297088623047
49.308677673339844
49.517696380615234
49.68853759765625
49.82786178588867
49.941741943359375
50.03515625
50.12030029296875
50.21303176879883
50.2983283996582
