0.11222650110721588
0.12107139080762863
0.13531528413295746
0.14674094319343567
0.1500813066959381
0.1511262208223343
0.15155766904354095
0.15191762149333954
0.15245085954666138
0.15299449861049652
0.15342001616954803
0.15375085175037384
0.15409477055072784
0.15472325682640076
0.15535564720630646
0.1559811234474182
0.156558558344841
0.15712536871433258
0.15764223039150238
0.1581132858991623
0.1586073487997055
0.15911436080932617
0.15961235761642456
0.16012504696846008
0.16068243980407715
0.16132111847400665
0.16200321912765503
0.1627102941274643
0.16345447301864624
0.16430510580539703
0.16540482640266418
0.16680805385112762
0.008066600188612938
0.007933109067380428
0.007938144728541374
0.007819433696568012
0.007765423506498337
0.007736424915492535
0.1444728672504425
0.15713126957416534
0.16500264406204224
0.1702253818511963
0.17409922182559967
0.17735698819160461
0.18024958670139313
0.18302756547927856
0.18579992651939392
0.18862029910087585
0.1915227472782135
0.19453415274620056
0.19769242405891418
0.20100295543670654
0.20446911454200745
0.20942047238349915
0.21532385051250458
0.2214590609073639
0.22829745709896088
0.23524096608161926
0.24254655838012695
0.25040164589881897
0.2587461769580841
0.26571252942085266
0.26149654388427734
0.25737863779067993
0.25336307287216187
0.24930797517299652
0.2449982464313507
0.24060241878032684
0.23615022003650665
0.23162111639976501
0.22706907987594604
0.22246818244457245
0.2178652435541153
0.21324025094509125
0.2084966003894806
0.20356599986553192
0.1987510621547699
0.19399157166481018
0.1892201155424118
0.1844969093799591
0.1799219399690628
0.17556017637252808
0.17134897410869598
0.167252779006958
0.16323718428611755
0.15929226577281952
0.1553933322429657
0.15155768394470215
0.14778639376163483
0.1441284716129303
0.14055755734443665
0.13704364001750946
