0.04115063697099686
0.04456565901637077
0.04821382462978363
0.051239416003227234
0.05506664514541626
0.05552152916789055
0.05562339723110199
0.055822379887104034
0.05611388757824898
0.05636219680309296
0.05642207711935043
0.056464146822690964
0.0564643070101738
0.05646422132849693
0.056464117020368576
0.05646400526165962
0.05646388605237007
0.05646383762359619
0.056463830173015594
0.056463826447725296
0.056463826447725296
0.056463826447725296
0.056463826447725296
0.056463826447725296
0.056463826447725296
0.056463826447725296
0.056463826447725296
0.056463826447725296
0.056463826447725296
0.056463826447725296
0.056463826447725296
0.056463826447725296
0.056463826447725296
0.056463826447725296
0.056463826447725296
0.056463826447725296
0.056463826447725296
0.056463826447725296
0.056463826447725296
