0.041538745164871216
0.04591310769319534
0.05239906534552574
0.05589267238974571
0.05643823370337486
0.0566566064953804
0.0568401999771595
0.057151906192302704
0.05741090327501297
0.05758196860551834
0.05771959200501442
0.05783811956644058
0.05794958397746086
0.058060579001903534
0.05817383900284767
0.058280736207962036
0.05838919058442116
0.05848512798547745
0.0585685558617115
0.058675963431596756
0.05882144346833229
0.05899001657962799
0.05915520340204239
0.059307973831892014
0.05945640429854393
0.05962314456701279
0.059843093156814575
0.060135889798402786
0.060472022742033005
0.060858096927404404
0.061308834701776505
0.06180979311466217
0.002852098783478141
0.002820557914674282
0.0028038525488227606
0.0027893115766346455
0.0027790386229753494
0.0027724592946469784
0.05140405148267746
0.0584658719599247
0.06116124615073204
0.062831349670887
0.0641242042183876
0.06522074341773987
0.06620541214942932
0.06713849306106567
0.06805688887834549
0.068974569439888
0.06990744173526764
0.07086504250764847
0.07185886800289154
0.07289788872003555
0.0739770382642746
0.0751139223575592
0.07627551257610321
0.07747320085763931
0.07872238755226135
0.08002524077892303
0.08139490336179733
0.08285196870565414
0.08436968922615051
0.08594637364149094
0.08760616183280945
0.08931995183229446
0.09107927978038788
0.09275518357753754
0.09405820071697235
0.09526374191045761
0.09644567966461182
0.09764706343412399
0.09897378832101822
0.10026359558105469
0.10148711502552032
0.10335738956928253
0.10506438463926315
0.1068263053894043
0.1086357831954956
0.11045743525028229
0.11223970353603363
0.11394874006509781
0.11563002318143845
0.11728870868682861
0.11890386044979095
0.12048964202404022
0.12203109264373779
0.12279309332370758
0.11915160715579987
0.11606088280677795
0.11314258724451065
0.11031226068735123
0.10753464698791504
0.10476962476968765
