0.008134372532367706
0.009066712111234665
0.010275259613990784
0.011455826461315155
0.011645369231700897
0.011744826100766659
0.011841289699077606
0.01193468738347292
0.012051232159137726
0.012187428772449493
0.01229851320385933
0.012409099377691746
0.012537664733827114
0.012668711133301258
0.012804333120584488
0.01297762431204319
0.013205962255597115
0.013478239066898823
0.013783841393887997
0.01411825604736805
0.014480597339570522
0.014853508211672306
0.015190216712653637
0.015546606853604317
0.015920870006084442
0.01632157899439335
0.01675082929432392
0.01720437966287136
0.017688287422060966
0.018206994980573654
0.01875506527721882
0.019339893013238907
0.0010780288139358163
0.0010639586253091693
0.0010689524933695793
0.001075615407899022
0.0010815776186063886
0.0010867668315768242
0.019860591739416122
0.02095474675297737
0.02140570990741253
0.021749217063188553
0.02213411219418049
0.022567767649888992
0.02304294891655445
0.023558730259537697
0.024117199704051018
0.024702996015548706
0.025308290496468544
0.02593962661921978
0.02659950964152813
0.02727356180548668
0.027973145246505737
0.02870188094675541
0.029455749318003654
0.03022821806371212
0.03101317211985588
0.03181229159235954
0.03262486308813095
0.03351078927516937
0.03440147638320923
0.03531182184815407
0.03623272851109505
0.03716028481721878
0.03733809292316437
0.03595668077468872
0.03470488637685776
0.033510372042655945
0.032355763018131256
0.03123754821717739
0.03015548177063465
0.029109444469213486
0.02809821255505085
0.027123762294650078
0.026187187060713768
0.025285856798291206
0.024429602548480034
0.023620180785655975
0.022852567955851555
0.022123323753476143
0.021428756415843964
0.020766356959939003
0.02013287879526615
0.019526170566678047
0.018945539370179176
0.018389005213975906
0.017856402322649956
0.017346439883112907
0.01685740426182747
0.01638788729906082
0.015936898067593575
0.015502947382628918
