0.006689697504043579
0.007339109666645527
0.00820203498005867
0.009064406156539917
0.009652655571699142
0.009865016676485538
0.009964823722839355
0.010042700916528702
0.01012312714010477
0.010196449235081673
0.010288838297128677
0.010371671058237553
0.010463546961545944
0.010554475709795952
0.010646517388522625
0.010759812779724598
0.010895092971622944
0.01105954498052597
0.011252542026340961
0.011474366299808025
0.011724291369318962
0.011999918147921562
0.012301343493163586
0.012624330818653107
0.012953411787748337
0.013246959075331688
0.013562743552029133
0.013895327225327492
0.01424870640039444
0.01462776679545641
0.015032537281513214
0.015463258139789104
0.0008722597267478704
0.0008986229076981544
0.0008991303620859981
0.0009019240969792008
0.0009043396566994488
0.0009063438046723604
0.015644973143935204
0.016751015558838844
0.017450056970119476
0.017929568886756897
0.018284330144524574
0.018640905618667603
0.019031817093491554
0.01942315883934498
0.019846323877573013
0.020310360938310623
0.02080474980175495
0.021332016214728355
0.02189227007329464
0.022478492930531502
0.023088958114385605
0.023726262152194977
0.024382591247558594
0.025059642270207405
0.025759287178516388
0.026480218395590782
0.02722514607012272
0.027996787801384926
0.028796717524528503
0.029624473303556442
0.030499747022986412
0.03141533210873604
0.032363757491111755
0.033329326659440994
0.03431124612689018
0.03530868887901306
0.036397628486156464
0.037490446120500565
0.03853938728570938
0.039625439792871475
0.040756892412900925
0.041843198239803314
0.042882584035396576
0.04388442635536194
0.042491212487220764
0.040938664227724075
0.03953784331679344
0.0382210873067379
0.036969687789678574
0.03577575832605362
0.034633927047252655
0.033541105687618256
0.03249377757310867
0.03149024024605751
0.030529135838150978
0.0296105295419693
0.028731336817145348
0.02788768708705902
0.027076799422502518
0.02629837766289711
