-0.0
-0.0
-0.0
-0.0
-0.0
-0.0
-0.0
-0.0
-0.0
-0.0
-0.0
-0.0
-0.0
-0.0
-0.0
-0.0
-0.0
-0.0
-0.0
-0.0
-0.0
-0.0
-0.0
-0.0
-0.0
-0.0
-0.0
-0.0
-0.0
-0.0
-0.0
-0.0
-0.0
-0.0
-0.0
-0.0
-0.0
-0.0
-0.0
-0.0
-0.0
-0.0
-0.0
-0.0
-0.0
-0.0
-0.0
-0.0
-0.0
-0.0
-0.0
-0.0
-0.0
-0.0
-0.0
-0.0
-0.0
-0.0
-0.0
-0.0
-0.0
-0.0
-0.0
-0.0
-0.0
-0.0
-0.0
-0.0
-0.0
-0.0
-0.0
-0.0
-0.0
-0.0
5.860862373197051e-08
1.0438893696118612e-06
1.9423957837716443e-06
2.7572480121307308e-06
3.485395609459374e-06
4.137481482757721e-06
4.721649020211771e-06
5.2428076742216945e-06
5.702292583009694e-06
6.106255568738561e-06
6.462617875513388e-06
6.775085239496548e-06
7.047963208606234e-06
7.2868738243414555e-06
7.498224931623554e-06
7.678260772081558e-06
7.830592039681505e-06
7.958196874824353e-06
