0.11596626043319702
0.1292228102684021
0.1482951045036316
0.15264029800891876
0.1545555144548416
0.15563982725143433
0.15665024518966675
0.15771056711673737
0.15869349241256714
0.15964128077030182
0.16043737530708313
0.1611284464597702
0.16192775964736938
0.1627984493970871
0.1636616736650467
0.16461274027824402
0.16564789414405823
0.16667291522026062
0.1677737534046173
0.16905318200588226
0.17062051594257355
0.17247803509235382
0.17466133832931519
0.1772250533103943
0.1801791787147522
0.18358014523983002
0.18744342029094696
0.19183620810508728
0.196785107254982
0.20232334733009338
0.20848487317562103
0.21830905973911285
0.012831026688218117
0.011023364029824734
0.010281319729983807
0.00998230092227459
0.009854462929069996
0.009801494888961315
0.18410830199718475
0.20162631571292877
0.21187549829483032
0.22348231077194214
0.2378174215555191
0.25389260053634644
0.2565784752368927
0.250512033700943
0.24452073872089386
0.23825480043888092
0.2319089025259018
0.2254837304353714
0.21903018653392792
0.21257604658603668
0.20612411201000214
0.19972796738147736
0.1932051032781601
0.18687224388122559
0.18077093362808228
0.1749304085969925
0.16926971077919006
0.163710355758667
0.1582113653421402
0.1527901291847229
0.1474502980709076
0.14221403002738953
0.1371530145406723
0.13224388659000397
0.12744420766830444
0.12271945178508759
0.11807309091091156
0.1138436496257782
0.11018213629722595
0.10685570538043976
0.10370276123285294
0.10067414492368698
0.09779084473848343
0.09503143280744553
0.0923527255654335
0.08991684764623642
0.0876084417104721
0.08552539348602295
0.08411585539579391
0.08306162059307098
0.08235336095094681
0.08191277086734772
0.08163371682167053
0.0814303308725357
0.08133254945278168
0.08139979094266891
0.08185404539108276
0.08314266055822372
0.0851074829697609
0.08766557276248932
