6.983965873718262
7.994640827178955
10.380167961120605
13.431133270263672
14.202098846435547
13.240281105041504
12.819221496582031
13.025303840637207
13.547647476196289
14.224287033081055
14.548723220825195
14.692234992980957
14.849470138549805
15.15627384185791
15.64054012298584
16.166261672973633
16.496597290039062
16.85799789428711
17.357629776000977
17.949689865112305
18.56359100341797
19.267398834228516
20.027986526489258
20.817062377929688
21.668054580688477
22.65265464782715
23.79039764404297
25.120559692382812
26.74852752685547
28.769460678100586
31.388248443603516
34.847232818603516
0.6771454811096191
0.454984188079834
0.3733087182044983
0.3758203983306885
0.38580864667892456
0.395823210477829
12.332109451293945
28.60976219177246
52.537296295166016
68.2313232421875
77.52760314941406
86.11687469482422
95.88529205322266
106.95123291015625
119.14321899414062
132.13241577148438
146.01251220703125
160.94338989257812
177.01345825195312
193.65260314941406
210.86538696289062
228.85748291015625
247.54196166992188
266.81884765625
286.73431396484375
307.59613037109375
324.71807861328125
335.8555908203125
347.05963134765625
357.74444580078125
367.6578674316406
376.87823486328125
385.5044860839844
393.7712097167969
401.1930236816406
407.8687744140625
413.4420471191406
416.0938415527344
418.39202880859375
422.2234802246094
425.5327453613281
428.4106140136719
431.0227966308594
433.0270690917969
434.75494384765625
436.02655029296875
436.29827880859375
436.3514709472656
436.3821105957031
436.4916687011719
436.6852722167969
436.8554992675781
436.8767395019531
436.6849365234375
436.2781677246094
435.70697021484375
434.8923034667969
434.0329895019531
433.07086181640625
432.0830078125
431.0668640136719
