0.02186817303299904
0.02419237792491913
0.02805616334080696
0.03033912368118763
0.031571198254823685
0.03212093934416771
0.032299842685461044
0.03243660926818848
0.03263816609978676
0.032861560583114624
0.03308183699846268
0.03328583762049675
0.03346105292439461
0.03362610936164856
0.03378593176603317
0.033954888582229614
0.034142185002565384
0.03434720262885094
0.034560833126306534
0.03477691486477852
0.03503454476594925
0.03539804741740227
0.035892054438591
0.03648773953318596
0.03714626654982567
0.03783497214317322
0.03853448107838631
0.039228517562150955
0.03992340713739395
0.0406375378370285
0.041369691491127014
0.04212222993373871
0.002412470756098628
0.0021309698931872845
0.0020189983770251274
0.0019763607997447252
0.0019622535910457373
0.0019702520221471786
0.037104781717061996
0.04105144739151001
0.04296981915831566
0.04386601969599724
0.04444809630513191
0.04506699740886688
0.045834947377443314
0.046753522008657455
0.04780818521976471
0.04878665879368782
0.04976682737469673
0.05077223852276802
0.05180497094988823
0.05291588604450226
0.052416227757930756
0.05103350058197975
0.04979918524622917
0.04861275479197502
0.04740535840392113
0.04620363935828209
0.04542017728090286
0.04503483325242996
0.04388944059610367
0.04279405623674393
0.04172974452376366
0.04069240763783455
0.03968213126063347
0.03869728744029999
0.03773518651723862
0.03679131716489792
0.03586123511195183
0.0349484421312809
0.034059230238199234
0.03319384157657623
0.03235078975558281
0.03148544579744339
0.03057945892214775
0.029687808826565742
0.028825802728533745
0.027993367984890938
0.027187934145331383
0.026416542008519173
0.02567499689757824
0.025034774094820023
0.0245168749243021
0.024077506735920906
0.02368769608438015
0.023330193012952805
0.02300119213759899
0.02270038239657879
0.022420847788453102
0.022159336134791374
0.02191539853811264
0.021694684401154518
0.021496480330824852
