0.007926647551357746
0.00882173515856266
0.009977299720048904
0.011303983628749847
0.011452450416982174
0.011531449854373932
0.011604980565607548
0.011679554358124733
0.011757087893784046
0.011810599826276302
0.01187021192163229
0.011918187141418457
0.011996372602880001
0.012105340138077736
0.012201709672808647
0.012284806929528713
0.012383460998535156
0.012485646642744541
0.012592080980539322
0.0127191711217165
0.012873638421297073
0.013064790517091751
0.01328769326210022
0.013531841337680817
0.013791227713227272
0.014063903130590916
0.014347846619784832
0.014641944319009781
0.014903155155479908
0.015157724730670452
0.015421908348798752
0.015691537410020828
0.0009012020309455693
0.0008959053084254265
0.0008998148259706795
0.0009028642089106143
0.0009044925100170076
0.0009051918750628829
0.015634741634130478
0.016056129708886147
0.01628834940493107
0.016507524996995926
0.016760047525167465
0.01704963855445385
0.017371073365211487
0.017719272524118423
0.01809043623507023
0.018483169376850128
0.018900645896792412
0.01934431493282318
0.019811678677797318
0.02030995674431324
0.02083142101764679
0.021376697346568108
0.021791182458400726
0.022228334099054337
0.022683322429656982
0.02316284365952015
0.023655125871300697
0.024150392040610313
0.02466139756143093
0.025189494714140892
0.025737861171364784
0.0263026412576437
0.026867913082242012
0.027433650568127632
0.027998723089694977
0.028565095737576485
0.02913474291563034
0.02970828488469124
0.03028387576341629
0.030858350917696953
0.03142722323536873
0.03198488429188728
0.03254126012325287
0.03310130536556244
0.033645886927843094
0.03417492285370827
0.03468514606356621
0.035187460482120514
0.03567170351743698
0.03612889349460602
0.0365692637860775
0.03561769053339958
0.03457767143845558
0.03359603509306908
0.03265267610549927
0.03173995763063431
0.030854666605591774
0.02999546006321907
0.029162347316741943
0.028357475996017456
