0.09560991078615189
0.10864098370075226
0.12249112129211426
0.1324448585510254
0.14066584408283234
0.14520616829395294
0.14753006398677826
0.1497010439634323
0.15149158239364624
0.15280099213123322
0.15403778851032257
0.15519598126411438
0.156363844871521
0.15742887556552887
0.15844659507274628
0.15952730178833008
0.16060489416122437
0.16164524853229523
0.1625855416059494
0.16348020732402802
0.1646861732006073
0.16605687141418457
0.16808652877807617
0.17123109102249146
0.17502860724925995
0.17915119230747223
0.18351472914218903
0.18808826804161072
0.1927676498889923
0.1977631002664566
0.20299401879310608
0.20828427374362946
0.025341510772705078
0.01741948351264
0.014304832555353642
0.01247058343142271
0.010968494229018688
0.009846548549830914
0.14837776124477386
0.16981106996536255
0.18562892079353333
0.19842983782291412
0.20982544124126434
0.22110742330551147
0.2334989458322525
0.25237712264060974
0.2754157483577728
0.3025664687156677
0.33566349744796753
0.37436142563819885
0.3916280269622803
0.395224004983902
0.4031667411327362
0.41353681683540344
0.4220767617225647
0.4295939803123474
0.43694940209388733
0.44066137075424194
1.8586643934249878
6.45631742477417
9.966048240661621
12.964040756225586
15.350663185119629
17.16151237487793
18.5456600189209
19.612377166748047
20.469608306884766
21.23691749572754
21.820796966552734
22.258312225341797
22.58066749572754
22.815336227416992
22.98597526550293
23.10604476928711
23.188426971435547
23.246498107910156
23.289398193359375
23.320058822631836
23.34166145324707
23.35213279724121
23.353286743164062
23.34760284423828
23.33412742614746
23.312623977661133
23.293386459350586
23.30620765686035
23.293907165527344
23.262592315673828
23.21854591369629
23.165203094482422
23.105815887451172
23.04313850402832
22.979633331298828
