0.14052855968475342
0.14012658596038818
0.1497686356306076
0.15697559714317322
0.17293034493923187
0.18611343204975128
0.19395653903484344
0.19720596075057983
0.20030368864536285
0.2024800032377243
0.20413829386234283
0.20523256063461304
0.20645645260810852
0.20744319260120392
0.20783618092536926
0.20843550562858582
0.2093489021062851
0.2101309597492218
0.21101783215999603
0.213806614279747
0.2188960313796997
0.22521404922008514
0.23173780739307404
0.23816128075122833
0.24545270204544067
0.25383251905441284
0.2631440758705139
0.2734352648258209
0.2846589684486389
0.29660046100616455
0.3093321919441223
0.32321473956108093
0.3388100266456604
0.02578107640147209
0.021372077986598015
0.021506477147340775
0.02133527584373951
0.02088847942650318
0.02039429172873497
0.30685660243034363
0.32430222630500793
0.33327171206474304
0.3417374789714813
0.35072365403175354
0.3608843982219696
0.37193727493286133
0.3949601352214813
0.4211905300617218
0.4520595073699951
0.485889732837677
0.5333707928657532
0.6370119452476501
0.829537034034729
0.9181958436965942
1.0333255529403687
0.8463570475578308
0.8520208597183228
0.8525210022926331
0.8512378931045532
0.8570523262023926
0.9841822981834412
1.3317958116531372
1.9893752336502075
18.804054260253906
96.98039245605469
130.67636108398438
146.3159637451172
155.583984375
161.93038940429688
165.76101684570312
177.20306396484375
187.91725158691406
195.85060119628906
201.553466796875
205.88502502441406
209.05160522460938
210.31198120117188
210.7736053466797
211.1391143798828
211.27560424804688
211.19044494628906
210.90432739257812
210.51177978515625
210.24046325683594
209.97616577148438
209.5899200439453
209.0819091796875
208.46588134765625
207.75079345703125
206.9436492919922
205.9462432861328
204.8767547607422
203.80111694335938
202.73208618164062
201.66226196289062
200.59616088867188
199.51954650878906
198.4234619140625
197.3353271484375
