0.14662401378154755
0.15671218931674957
0.1772557944059372
0.20086558163166046
0.2134815901517868
0.21959328651428223
0.22451870143413544
0.22841377556324005
0.23105928301811218
0.23348043859004974
0.23651112616062164
0.23899632692337036
0.24111419916152954
0.2428598552942276
0.24434331059455872
0.24565646052360535
0.2469727098941803
0.24810445308685303
0.24921761453151703
0.2512716054916382
0.25384521484375
0.2564527988433838
0.2594214975833893
0.2634684145450592
0.268604040145874
0.2744000554084778
0.2812589108943939
0.2884848117828369
0.2961333692073822
0.30445271730422974
0.3138452470302582
0.32433557510375977
0.025397630408406258
0.02500789798796177
0.02503994107246399
0.025017432868480682
0.023352496325969696
0.02196674235165119
0.23360082507133484
0.26629650592803955
0.29082056879997253
0.3143284320831299
0.33765047788619995
0.36219024658203125
0.3869346082210541
0.4121723771095276
0.4420824944972992
0.47840091586112976
0.517190158367157
0.5572482347488403
0.6023110747337341
0.6473743319511414
0.708686351776123
0.793768584728241
0.8880271315574646
0.9455715417861938
0.9486899375915527
0.9626514911651611
1.012296438217163
1.0763978958129883
1.154010534286499
1.2474077939987183
17.705942153930664
29.049060821533203
36.00853729248047
40.73182678222656
44.21323013305664
46.779266357421875
48.766136169433594
50.272701263427734
51.430477142333984
52.37955856323242
53.23571014404297
53.994075775146484
54.63075256347656
55.150596618652344
55.56925582885742
55.90181350708008
56.16764450073242
56.36957931518555
56.52701950073242
56.68364715576172
56.82842254638672
56.94708251953125
57.04548645019531
57.188438415527344
57.262420654296875
57.299171447753906
57.310325622558594
57.305660247802734
57.29637145996094
57.28499984741211
57.280189514160156
