0.007987546734511852
0.008561154827475548
0.00941904541105032
0.009785833768546581
0.010346133261919022
0.010833933018147945
0.011542019434273243
0.011716379784047604
0.011780856177210808
0.011851293034851551
0.011946030892431736
0.012078686617314816
0.012216689996421337
0.012333040125668049
0.012429958209395409
0.012510721571743488
0.012589558027684689
0.012673976831138134
0.01277773268520832
0.012904930859804153
0.01306257862597704
0.013259491883218288
0.013496115803718567
0.013770593330264091
0.014081250876188278
0.01442293543368578
0.014781179837882519
0.01508910208940506
0.015416840091347694
0.015754669904708862
0.01610446907579899
0.01647813804447651
0.01686432957649231
0.017265258356928825
0.0009515833808109164
0.0009257009951397777
0.0009238390484824777
0.0009252805029973388
0.0009268490830436349
0.0009283646941184998
0.01694556511938572
0.018151573836803436
0.018813110888004303
0.019160548225045204
0.01938236877322197
0.01960829086601734
0.01989368535578251
0.020253991708159447
0.020687660202383995
0.021197091788053513
0.021641498431563377
0.022067613899707794
0.022552261129021645
0.023059066385030746
0.023585479706525803
0.02413276955485344
0.024684982374310493
0.025235122069716454
0.025783786550164223
0.02633577771484852
0.02688649669289589
0.027437249198555946
0.027987651526927948
0.028533298522233963
0.02906871773302555
0.02958953008055687
0.030094005167484283
0.030582278966903687
0.03105689398944378
0.03151911497116089
0.031971536576747894
0.03243977576494217
0.03290718421339989
0.03336887061595917
0.03382687643170357
0.03427932411432266
0.034729089587926865
0.03517291322350502
0.03560887277126312
0.03603794425725937
0.03550165146589279
0.03458715230226517
0.03375272452831268
0.03295515477657318
0.032181691378355026
0.03142775595188141
0.030691970139741898
0.02997349016368389
0.029272548854351044
0.028596181422472
0.02794549986720085
0.027317754924297333
0.02671060338616371
0.026120955124497414
