0.14438624680042267
0.1451953649520874
0.15991465747356415
0.17667187750339508
0.18985430896282196
0.19754736125469208
0.20025289058685303
0.20255300402641296
0.20418938994407654
0.20546641945838928
0.2067725956439972
0.20787173509597778
0.20875443518161774
0.2095773071050644
0.21039989590644836
0.21118250489234924
0.21181368827819824
0.21259795129299164
0.2133272886276245
0.2137661576271057
0.21445223689079285
0.21504735946655273
0.21558232605457306
0.21596352756023407
0.2162572145462036
0.21672728657722473
0.21743401885032654
0.21828624606132507
0.2191794216632843
0.2208886444568634
0.22404593229293823
0.2277153730392456
0.02260351926088333
0.015943272039294243
0.014282065443694592
0.013279888778924942
0.012362770736217499
0.012042944319546223
0.19589802622795105
0.20939241349697113
0.2177799791097641
0.23008506000041962
0.24134936928749084
0.25162556767463684
0.2613353729248047
0.27054718136787415
0.27954190969467163
0.2884517312049866
0.2973339855670929
0.30626389384269714
0.31526437401771545
0.3243463933467865
0.33357274532318115
0.34308865666389465
0.3533531129360199
0.3640734553337097
0.37521055340766907
0.38733068108558655
0.40061160922050476
0.41639068722724915
0.43511539697647095
0.45428118109703064
0.47252967953681946
0.4900878965854645
0.5074904561042786
0.5240468382835388
0.5400071144104004
0.5552770495414734
0.5697614550590515
0.5836450457572937
0.595218300819397
0.6097091436386108
0.6304476857185364
0.6569145321846008
0.6901041269302368
0.7295212745666504
0.7589322924613953
0.7902100682258606
0.8243914842605591
0.8623967170715332
0.9010009765625
0.9009200930595398
0.908708930015564
0.921283483505249
0.9612960815429688
1.0130112171173096
1.0746616125106812
5.296367168426514
16.61411476135254
22.97295570373535
26.760183334350586
29.260828018188477
31.097747802734375
