0.09539284557104111
0.10626620799303055
0.1198790967464447
0.1286410689353943
0.13574746251106262
0.14138779044151306
0.1435949206352234
0.1451883465051651
0.14626054465770721
0.14702390134334564
0.1477058231830597
0.14826734364032745
0.14875879883766174
0.14926034212112427
0.14978890120983124
0.1504308432340622
0.1510535031557083
0.15167827904224396
0.15226298570632935
0.1528657227754593
0.15345074236392975
0.1540195792913437
0.1545843482017517
0.15515166521072388
0.15578114986419678
0.15649521350860596
0.15720392763614655
0.15796305239200592
0.1588270664215088
0.15983672440052032
0.16135059297084808
0.1632799655199051
0.022258028388023376
0.014117960818111897
0.010762873105704784
0.00916385930031538
0.00812496431171894
0.007889261469244957
0.13018810749053955
0.14310222864151
0.1504736691713333
0.15897253155708313
0.16723480820655823
0.1741826981306076
0.180249884724617
0.1857270449399948
0.1908780336380005
0.19593651592731476
0.20101326704025269
0.2062443643808365
0.2116573303937912
0.2171904593706131
0.2228844314813614
0.22878649830818176
0.23498401045799255
0.2415768802165985
0.2500905692577362
0.2603219151496887
0.2709333002567291
0.2809835970401764
0.2908661961555481
0.30140891671180725
0.31478092074394226
0.32974493503570557
0.345579594373703
0.3618587255477905
0.3625791072845459
0.35228803753852844
0.3431493639945984
0.33445629477500916
0.3258800208568573
0.31734928488731384
0.30885326862335205
0.3003735840320587
0.2919018566608429
0.28395381569862366
0.2766930162906647
0.27004313468933105
0.2651609182357788
0.26166433095932007
0.2591480016708374
0.25750723481178284
0.25655072927474976
0.2561478018760681
0.2561872601509094
0.2562028169631958
0.25614655017852783
0.2560610771179199
0.25625738501548767
0.2568031847476959
0.2576327621936798
0.2588432729244232
0.2606237828731537
