0.09594213217496872
0.10691854357719421
0.12029001861810684
0.12966670095920563
0.1375470608472824
0.14242233335971832
0.14462532103061676
0.14625927805900574
0.14740100502967834
0.14814147353172302
0.1487267166376114
0.14928972721099854
0.14982391893863678
0.150331512093544
0.15087197721004486
0.15141727030277252
0.15193867683410645
0.15247492492198944
0.15301409363746643
0.1535516083240509
0.15407399833202362
0.1546088308095932
0.15515676140785217
0.15568584203720093
0.15623311698436737
0.1569160372018814
0.1579160988330841
0.15913330018520355
0.16058529913425446
0.16223904490470886
0.16506530344486237
0.1683943271636963
0.023852864280343056
0.016158035025000572
0.012129049748182297
0.010455600917339325
0.009029243141412735
0.008671416901051998
0.13655592501163483
0.14896763861179352
0.16113141179084778
0.17165060341358185
0.1804378777742386
0.1881725788116455
0.19528621435165405
0.20215705037117004
0.20890820026397705
0.2156088650226593
0.2223728746175766
0.2292281836271286
0.23610876500606537
0.24324600398540497
0.25300002098083496
0.26395341753959656
0.27597272396087646
0.2871628701686859
0.2991701364517212
0.31166908144950867
0.32526737451553345
0.3384738564491272
0.3566848039627075
0.3678218126296997
0.364229679107666
0.3627302646636963
0.3623875677585602
0.36269381642341614
0.3634316325187683
0.3640587627887726
0.36413508653640747
0.36406591534614563
0.3650793135166168
0.3670784831047058
0.3700656294822693
0.37372419238090515
0.3776895999908447
0.6977023482322693
3.5536386966705322
5.526576042175293
6.901655197143555
7.924066066741943
8.707359313964844
9.37691879272461
9.909937858581543
10.311319351196289
10.617531776428223
10.854394912719727
11.039521217346191
11.185462951660156
11.303686141967773
11.403076171875
11.489096641540527
11.565973281860352
