0.04385358467698097
0.05429961159825325
0.059187617152929306
0.060447562485933304
0.06124141439795494
0.06151006743311882
0.06153875216841698
0.06153084337711334
0.06160450354218483
0.06183239072561264
0.062184110283851624
0.0625910833477974
0.06299404054880142
0.06338346004486084
0.0637538805603981
0.06403711438179016
0.0642494484782219
0.06442942470312119
0.06461812555789948
0.06483232975006104
0.06477013230323792
0.06421470642089844
0.06373268365859985
0.06331313401460648
0.06296112388372421
0.06263051927089691
0.06229925900697708
0.06196441873908043
0.06161978840827942
0.06126090884208679
0.06088147312402725
0.06048797443509102
0.0029980773106217384
0.0026997330132871866
0.002622282365337014
0.0026076233480125666
0.002593822544440627
0.0025837828870862722
0.056827791035175323
0.06591707468032837
0.06384632736444473
0.061600472778081894
0.060132209211587906
0.05901261046528816
0.0580742172896862
0.05723247304558754
0.0564388781785965
0.0556647852063179
0.05473675951361656
0.05373166501522064
0.052741676568984985
0.05174148455262184
0.050746794790029526
0.0497250072658062
0.048693764954805374
0.047669459134340286
0.046617086976766586
0.04555749148130417
0.0444260910153389
0.0432795025408268
0.04218368977308273
0.04117898643016815
0.04016362130641937
0.039157215505838394
0.038167256861925125
0.037180934101343155
0.03622650355100632
0.03530005365610123
0.034392692148685455
0.0334961824119091
0.032600242644548416
0.031701602041721344
0.030809368938207626
0.029946818947792053
0.029110601171851158
0.028298282995820045
0.027499858289957047
0.02671804092824459
0.025936173275113106
0.025171922519803047
0.024426249787211418
0.023660054430365562
0.022878898307681084
0.02215786837041378
0.02148495614528656
0.020849786698818207
0.020200692117214203
0.019546665251255035
0.01889246143400669
0.018242208287119865
0.017595523968338966
0.016952939331531525
