0.16079701483249664
0.17702460289001465
0.20337100327014923
0.20751658082008362
0.20842713117599487
0.20921319723129272
0.20995347201824188
0.21065573394298553
0.2113180160522461
0.21211159229278564
0.2128952592611313
0.21358472108840942
0.2142944037914276
0.21483100950717926
0.21530233323574066
0.21582545340061188
0.21671581268310547
0.2176024317741394
0.21839037537574768
0.21923547983169556
0.22000707685947418
0.22085674107074738
0.2217426300048828
0.22272363305091858
0.2239760309457779
0.22552946209907532
0.22727563977241516
0.22931252419948578
0.2317107766866684
0.2344493865966797
0.2374420166015625
0.2406674474477768
0.010855931788682938
0.010697615332901478
0.010732723399996758
0.010741732083261013
0.010726701468229294
0.010713052935898304
0.22207576036453247
0.2332882583141327
0.23896311223506927
0.24473673105239868
0.25088343024253845
0.2572339177131653
0.26360422372817993
0.26987484097480774
0.27600303292274475
0.2853408455848694
0.29721179604530334
0.30902305245399475
0.3211466073989868
0.3342216908931732
0.3473404049873352
0.360507994890213
0.36528459191322327
0.35834017395973206
0.35126498341560364
0.34420135617256165
0.33703285455703735
0.32969605922698975
0.32235386967658997
0.31503963470458984
0.3077934682369232
0.3005617558956146
0.293375164270401
0.28625282645225525
0.27920401096343994
0.27219778299331665
0.26525217294692993
0.2584425210952759
0.2516084313392639
0.24483706057071686
0.23757581412792206
0.23007480800151825
0.22242917120456696
0.21526554226875305
0.21034947037696838
0.20708104968070984
0.2050125002861023
0.20360620319843292
0.2025148570537567
0.20155663788318634
0.2008049339056015
0.20083020627498627
0.20122580230236053
0.20446734130382538
0.21086280047893524
0.21942049264907837
0.22984611988067627
0.24194352328777313
0.2934778034687042
0.36774563789367676
