0.04152209684252739
0.04586252197623253
0.05233699455857277
0.055877793580293655
0.05646618828177452
0.05667601153254509
0.05685744807124138
0.057166118174791336
0.057418838143348694
0.05758773162961006
0.05772477760910988
0.05784229561686516
0.05795203149318695
0.058061692863702774
0.058171115815639496
0.05828078091144562
0.05839350074529648
0.05849180743098259
0.058579787611961365
0.05869251862168312
0.05883970856666565
0.05901080369949341
0.059175267815589905
0.05932748690247536
0.05948249250650406
0.059655122458934784
0.059896014630794525
0.06019701436161995
0.06053436920046806
0.060933373868465424
0.06139702722430229
0.06191037595272064
0.0028573579620569944
0.002821601927280426
0.0028033852577209473
0.002788796555250883
0.0027788279112428427
0.002772608306258917
0.05170431733131409
0.058638837188482285
0.06132378429174423
0.06299908459186554
0.064301036298275
0.0654076561331749
0.06640608608722687
0.06735868006944656
0.06829698383808136
0.06923889368772507
0.07019955664873123
0.07118939608335495
0.07221774011850357
0.0732911080121994
0.07440729439258575
0.0755656436085701
0.07675029337406158
0.07797720283269882
0.07925760746002197
0.08059920370578766
0.08201868087053299
0.08352530002593994
0.0850786492228508
0.08672037720680237
0.08842307329177856
0.09017853438854218
0.09196436405181885
0.09344121813774109
0.09470336884260178
0.09590694308280945
0.09709654748439789
0.09839658439159393
0.09970355778932571
0.10096427798271179
0.10248468071222305
0.10428373515605927
0.1059655100107193
0.10773888230323792
0.10955987870693207
0.11133555322885513
0.11302753537893295
0.11468605697154999
0.11640091985464096
0.11816490441560745
0.11977782845497131
0.12130055576562881
0.12272843718528748
0.11997921019792557
0.11670506000518799
0.11368139833211899
0.11075980216264725
0.10789133608341217
0.1050286665558815
0.10221148282289505
