0.15615250170230865
0.15844452381134033
0.16658428311347961
0.18457011878490448
0.2002638876438141
0.21395519375801086
0.21751347184181213
0.2200435996055603
0.22215636074543
0.223966583609581
0.2253628373146057
0.2266276329755783
0.2278229296207428
0.22883588075637817
0.22966763377189636
0.23063860833644867
0.23151752352714539
0.23232793807983398
0.23307161033153534
0.23367251455783844
0.23445859551429749
0.23519153892993927
0.23584619164466858
0.2364858090877533
0.23713812232017517
0.23790787160396576
0.23884427547454834
0.23993824422359467
0.241254061460495
0.24280020594596863
0.24458563327789307
0.24689991772174835
0.024210089817643166
0.024176692590117455
0.024173952639102936
0.022830812260508537
0.021243419498205185
0.02015834115445614
0.2182590663433075
0.2334364950656891
0.2442217320203781
0.2557487189769745
0.266909122467041
0.27796268463134766
0.2889845371246338
0.300231397151947
0.31175222992897034
0.32343798875808716
0.3351074159145355
0.3469427227973938
0.35904350876808167
0.37131765484809875
0.383721262216568
0.396441251039505
0.4089675545692444
0.4215061664581299
0.434104323387146
0.4493425488471985
0.46475139260292053
0.4792613983154297
0.5106760859489441
0.5828433036804199
0.6986632347106934
0.8743613958358765
1.0601433515548706
1.2740123271942139
22.93695068359375
39.49238204956055
48.94915771484375
57.162681579589844
64.1926040649414
70.66650390625
77.06070709228516
84.07186126708984
92.09420013427734
100.09487915039062
108.22120666503906
117.66680145263672
128.46072387695312
140.8454132080078
151.55361938476562
155.41461181640625
159.3268585205078
162.56405639648438
165.19561767578125
167.4125213623047
169.35731506347656
171.22889709472656
172.7387237548828
173.89080810546875
173.99302673339844
173.41746520996094
