0.006661873776465654
0.007207896560430527
0.008008227683603764
0.00882943905889988
0.009406761266291142
0.009635606780648232
0.00983078870922327
0.009943588636815548
0.009998764842748642
0.010073579847812653
0.010171140544116497
0.01024613156914711
0.010303440503776073
0.010352684184908867
0.01039959117770195
0.01044933870434761
0.010504775680601597
0.0105711305513978
0.010644480586051941
0.010721351020038128
0.010797637514770031
0.01087549515068531
0.010957879945635796
0.011053312569856644
0.011166879907250404
0.011299975216388702
0.01145092211663723
0.011617735959589481
0.011801626533269882
0.012003087438642979
0.0122206537052989
0.012452050112187862
0.0007325069163925946
0.0006463847239501774
0.0006326320581138134
0.0006302323308773339
0.0006328856688924134
0.0006374738877639174
0.011913043446838856
0.012858918868005276
0.013184363022446632
0.01336697768419981
0.013525807298719883
0.01370082888752222
0.013900323770940304
0.014125537127256393
0.014372964389622211
0.014640627428889275
0.01492272038012743
0.015217545442283154
0.01552472822368145
0.015844162553548813
0.016175266355276108
0.01651850901544094
0.01687651127576828
0.017262212932109833
0.017665710300207138
0.01804402843117714
0.018401704728603363
0.01879892870783806
0.01921832747757435
0.01960631273686886
0.019976580515503883
0.020355701446533203
0.02074984647333622
0.021153772249817848
0.021559102460741997
0.021968970075249672
0.022384759038686752
0.02280626818537712
0.023234538733959198
0.023667313158512115
0.024100380018353462
0.024531224742531776
0.02496238239109516
0.025391357019543648
0.0258187223225832
0.02624652348458767
0.02667589858174324
0.02710750140249729
0.02754008024930954
0.027974555268883705
0.028409188613295555
0.02885093167424202
0.02930215746164322
0.029760461300611496
0.030219804495573044
0.030673226341605186
0.03111927956342697
0.031558360904455185
0.03199642896652222
0.03242627531290054
