6.941078186035156
7.7747626304626465
9.73654842376709
12.176811218261719
13.818345069885254
13.525116920471191
12.486808776855469
12.192118644714355
12.339475631713867
12.707473754882812
13.185521125793457
13.745521545410156
14.007719039916992
14.119860649108887
14.23442554473877
14.393839836120605
14.661185264587402
15.042454719543457
15.54034423828125
15.96152114868164
16.234622955322266
16.526214599609375
16.915555953979492
17.390155792236328
17.911556243896484
18.445947647094727
19.042850494384766
19.70638084411621
20.42140007019043
21.168407440185547
21.97850227355957
22.88440704345703
0.44265982508659363
0.28725045919418335
0.23967178165912628
0.22864645719528198
0.2325134426355362
0.23792339861392975
8.431693077087402
20.030532836914062
28.42070198059082
32.82493591308594
36.11281204223633
39.57763671875
43.8890495300293
49.354331970214844
55.638187408447266
62.24239730834961
68.55107116699219
75.12389373779297
82.77389526367188
91.55736541748047
101.32793426513672
112.08114624023438
123.47364807128906
135.46505737304688
148.14450073242188
161.90695190429688
176.32333374023438
191.0978240966797
206.28131103515625
221.94544982910156
238.2234344482422
254.96083068847656
271.8770751953125
289.6673278808594
308.0843505859375
326.55657958984375
344.96502685546875
355.7252502441406
365.1790771484375
374.5133056640625
383.37554931640625
391.8293762207031
399.67913818359375
407.1103515625
413.9866943359375
420.27899169921875
426.05859375
430.9830322265625
435.1866149902344
438.7285461425781
441.71160888671875
444.3184509277344
446.7415771484375
448.9939880371094
450.797119140625
452.3057861328125
453.6490478515625
454.1086730957031
454.2428894042969
454.2927551269531
