0.021930156275629997
0.02657024934887886
0.02887863852083683
0.030186688527464867
0.030994441360235214
0.031244982033967972
0.031191017478704453
0.031098194420337677
0.03108171373605728
0.031129250302910805
0.03129125386476517
0.031491365283727646
0.03175779804587364
0.032072458416223526
0.03238829970359802
0.03268289938569069
0.03295049071311951
0.03319507837295532
0.033436961472034454
0.03369041159749031
0.03396705538034439
0.03425952047109604
0.03458032011985779
0.03494900465011597
0.035383060574531555
0.03589159622788429
0.03647584468126297
0.037132032215595245
0.03785257413983345
0.03861872851848602
0.039421431720256805
0.04026160389184952
0.001755165751092136
0.001309115905314684
0.0013233599020168185
0.0013337942073121667
0.0013349622022360563
0.0013441083719953895
0.03160734474658966
0.03745118901133537
0.040958937257528305
0.042290907353162766
0.04107600077986717
0.04033292457461357
0.039793312549591064
0.03932563215494156
0.03888005018234253
0.0384259968996048
0.037953365594148636
0.03734267130494118
0.03673360496759415
0.03611142560839653
0.03548077121376991
0.03484295308589935
0.03420080617070198
0.03359026089310646
0.0329754538834095
0.03235054388642311
0.03171049430966377
0.03106219507753849
0.03040868416428566
0.029761575162410736
0.029111430048942566
0.028448380529880524
0.02778090164065361
0.02711067907512188
0.026441581547260284
0.025777515023946762
0.025120198726654053
0.024469679221510887
0.023826055228710175
0.02319042943418026
0.022563375532627106
0.021943993866443634
0.021333424374461174
0.020731644704937935
0.02043353207409382
0.020136220380663872
0.019554447382688522
0.018991747871041298
0.01843893714249134
0.017889782786369324
0.017349889501929283
0.016820134595036507
0.016306953504681587
0.015818942338228226
0.015354810282588005
0.014910774305462837
0.014482752420008183
0.014072366058826447
0.013681042939424515
0.01330822054296732
0.012951702810823917
