0.09461589902639389
0.10409301519393921
0.11794411391019821
0.1260509192943573
0.13198593258857727
0.13732299208641052
0.14151303470134735
0.14315766096115112
0.14436247944831848
0.1453608125448227
0.14611007273197174
0.14671120047569275
0.14725548028945923
0.1477510780096054
0.14818845689296722
0.14859651029109955
0.14901688694953918
0.1494510918855667
0.149969220161438
0.15051817893981934
0.1510297805070877
0.15152281522750854
0.15201731026172638
0.15252742171287537
0.15302351117134094
0.1535043716430664
0.15397045016288757
0.15444429218769073
0.15493832528591156
0.15544971823692322
0.1560855358839035
0.15670692920684814
0.021983422338962555
0.014596766792237759
0.01117467787116766
0.009563279338181019
0.008529954589903355
0.008010289631783962
0.12346451729536057
0.13686804473400116
0.14308930933475494
0.1486387550830841
0.15399420261383057
0.15841984748840332
0.16268178820610046
0.1663028746843338
0.16953103244304657
0.17254531383514404
0.17554543912410736
0.17854583263397217
0.1816062331199646
0.18476669490337372
0.18803320825099945
0.1914391964673996
0.19499272108078003
0.1986609250307083
0.20245082676410675
0.20642967522144318
0.2105284482240677
0.21478171646595
0.2192123681306839
0.22386406362056732
0.22872516512870789
0.23378559947013855
0.2392875999212265
0.24518601596355438
0.25350356101989746
0.2621716856956482
0.27148744463920593
0.28072693943977356
0.2896328568458557
0.29892319440841675
0.3096942603588104
0.3217088282108307
0.33441969752311707
0.3479558229446411
0.3617866635322571
0.3593744933605194
0.34972256422042847
0.3411431312561035
0.333041250705719
0.32514283061027527
0.3173410892486572
0.3095947206020355
0.3025120198726654
0.29599595069885254
0.2901429235935211
0.28574004769325256
0.2823178470134735
0.27963995933532715
0.2776736617088318
0.2763029932975769
