8.939188957214355
12.850790023803711
10.977972984313965
8.930035591125488
8.081722259521484
7.746617317199707
7.647439479827881
7.6388421058654785
7.663964748382568
7.626010417938232
7.544617652893066
7.455328941345215
7.369170188903809
7.292675018310547
7.230038166046143
7.180777072906494
7.142054557800293
7.091282844543457
7.036571979522705
6.9938273429870605
6.966641902923584
6.955005168914795
6.955416679382324
6.968164443969727
6.990814208984375
7.021763801574707
7.060286521911621
7.106143474578857
7.158951282501221
7.218074321746826
7.28054141998291
7.342347621917725
0.4193551242351532
0.3613930344581604
0.3437851667404175
0.3270806670188904
0.32473504543304443
0.3260165750980377
8.2031831741333
7.8765387535095215
7.998663902282715
8.005224227905273
8.005938529968262
7.990518093109131
7.975536823272705
7.970837116241455
7.978786468505859
7.9991841316223145
8.032232284545898
8.0772066116333
8.13280200958252
8.199488639831543
8.277628898620605
8.36532974243164
8.459280014038086
8.55506420135498
8.654611587524414
8.75377368927002
8.856879234313965
8.96815299987793
9.090241432189941
9.25831127166748
9.47937297821045
9.738312721252441
10.020499229431152
10.281207084655762
10.519869804382324
10.746262550354004
10.965326309204102
11.179830551147461
11.391546249389648
11.600455284118652
11.8079195022583
12.014935493469238
12.221857070922852
12.428590774536133
12.634923934936523
12.845516204833984
13.065390586853027
13.2894287109375
13.514503479003906
13.739631652832031
13.96390438079834
14.186474800109863
14.406719207763672
14.624441146850586
14.840100288391113
15.053362846374512
15.264521598815918
15.47382926940918
15.681720733642578
15.889860153198242
