0.1554999053478241
0.15765118598937988
0.16606657207012177
0.1840265989303589
0.19972273707389832
0.21312907338142395
0.21660400927066803
0.21909615397453308
0.22119954228401184
0.22298115491867065
0.22434547543525696
0.22558584809303284
0.2267487496137619
0.22774094343185425
0.22854852676391602
0.22950632870197296
0.23037679493427277
0.23117873072624207
0.23190149664878845
0.23250360786914825
0.23323729634284973
0.23388773202896118
0.2345305234193802
0.23515687882900238
0.23578274250030518
0.2364710569381714
0.23728187382221222
0.23826539516448975
0.23937952518463135
0.24075816571712494
0.2423183172941208
0.2441425323486328
0.024045919999480247
0.024032367393374443
0.02405039221048355
0.022720953449606895
0.021111944690346718
0.020028894767165184
0.214575856924057
0.23061296343803406
0.2394627332687378
0.2504488229751587
0.2607755959033966
0.2709970474243164
0.2812826335430145
0.29165613651275635
0.3023744523525238
0.31337717175483704
0.32482287287712097
0.33633872866630554
0.34793728590011597
0.3596985340118408
0.37161919474601746
0.38367989659309387
0.396318644285202
0.40889978408813477
0.42121875286102295
0.43392083048820496
0.44874411821365356
0.46387922763824463
0.47879138588905334
0.4920920431613922
0.5367457270622253
0.6198236346244812
0.7461248636245728
0.9365038871765137
1.102494716644287
4.889033317565918
25.951128005981445
38.27355194091797
47.679969787597656
55.748294830322266
62.61845016479492
68.86714935302734
74.86063385009766
81.36395263671875
88.79956817626953
96.29566192626953
103.33965301513672
110.15762329101562
119.69917297363281
130.24127197265625
141.2329864501953
144.87193298339844
148.66336059570312
152.02760314941406
154.8003387451172
157.0352325439453
158.9429473876953
160.5947723388672
162.2589569091797
163.6237335205078
