2071.435302734375
2035.942138671875
2010.3653564453125
2032.7176513671875
2080.209716796875
2072.10595703125
2057.821533203125
2054.350341796875
2053.957275390625
2051.393798828125
2061.827392578125
2083.494140625
2114.54296875
2135.76123046875
2153.6220703125
2176.836181640625
2202.46923828125
2224.6484375
2247.05224609375
2281.154296875
2329.304931640625
2390.947509765625
2475.960205078125
2583.09130859375
2707.268310546875
2845.74072265625
2997.9951171875
3165.26953125
3344.892578125
3537.66552734375
3743.89990234375
3966.584716796875
138.42376708984375
132.7200927734375
130.93875122070312
130.12216186523438
129.50521850585938
128.84609985351562
3377.60009765625
3595.240478515625
3665.260009765625
3776.34375
3949.760009765625
4206.859375
4530.46875
4909.65185546875
5332.47998046875
5703.21875
5614.4462890625
5530.25732421875
5465.41845703125
5380.2587890625
5276.19189453125
5158.08837890625
5030.92236328125
4919.412109375
4790.72314453125
4657.3779296875
4523.5
4383.49609375
4244.07763671875
4105.462890625
3970.96142578125
3840.54736328125
3712.298583984375
3586.846435546875
3463.08056640625
3338.01806640625
3212.142333984375
3087.025390625
2966.129150390625
2850.626708984375
2794.53076171875
2739.378662109375
2629.546142578125
2523.144287109375
2431.8564453125
2353.127685546875
2281.25439453125
2212.5322265625
2143.154296875
2075.8583984375
2011.327392578125
1948.745361328125
1887.0975341796875
1828.996337890625
1774.618408203125
1725.3052978515625
1679.85986328125
1636.5634765625
1595.6024169921875
1555.7352294921875
1517.144775390625
1479.8485107421875
