2085.083984375
2066.366455078125
2038.96728515625
2018.3360595703125
2003.294677734375
2004.8505859375
2050.26611328125
2061.418212890625
2056.0166015625
2046.6302490234375
2044.899658203125
2089.452880859375
2122.17138671875
2148.524169921875
2186.782470703125
2231.5576171875
2278.658203125
2346.57568359375
2450.414306640625
2575.120849609375
2712.65283203125
2858.144775390625
3008.85546875
3160.693603515625
3311.291748046875
3459.39208984375
3603.657470703125
3742.779541015625
3876.6533203125
4004.81103515625
4128.58544921875
4247.05322265625
163.7651824951172
148.45640563964844
141.67713928222656
137.63375854492188
135.15219116210938
133.31710815429688
3331.346435546875
3454.73486328125
3487.532958984375
3648.6728515625
3854.728515625
4085.597900390625
4324.88037109375
4567.12841796875
4819.87255859375
5092.71337890625
5337.0361328125
5573.51123046875
5789.6591796875
6039.76953125
6347.841796875
6734.13037109375
7084.37353515625
7287.888671875
7432.23388671875
7633.845703125
7851.4521484375
7899.0478515625
8014.60888671875
8218.904296875
8284.671875
8128.623046875
7986.6259765625
7851.39013671875
7812.56591796875
7808.005859375
7637.46044921875
7220.65185546875
6858.3359375
6205.5625
5625.056640625
5073.57470703125
4755.1142578125
4505.2451171875
4246.7958984375
3975.89306640625
3703.232666015625
3475.703369140625
3229.22900390625
2975.20556640625
2726.307373046875
2571.160888671875
2461.383056640625
2393.275390625
2338.404541015625
2280.70947265625
2218.026123046875
2154.799072265625
2092.0068359375
2029.4434814453125
1968.6304931640625
1909.834228515625
1852.361572265625
1796.351318359375
