2061.080322265625
2025.791015625
2008.075927734375
2098.370849609375
2099.553466796875
2116.0166015625
2145.43408203125
2156.7978515625
2159.2021484375
2156.212646484375
2152.73828125
2152.205322265625
2159.087890625
2161.106201171875
2158.07958984375
2154.62158203125
2155.539794921875
2160.523193359375
2167.221435546875
2175.90380859375
2189.01220703125
2207.787353515625
2234.052001953125
2272.118896484375
2326.560791015625
2390.042724609375
2470.3173828125
2571.5185546875
2684.315185546875
2806.244873046875
2936.736572265625
3074.988037109375
118.44572448730469
121.60684967041016
123.01174926757812
123.77559661865234
124.19790649414062
124.46517181396484
2374.085205078125
2906.66455078125
3224.32080078125
3473.357421875
3692.430419921875
3902.07421875
4113.10546875
4330.44287109375
4553.10986328125
4782.60986328125
5016.162109375
5260.02197265625
5518.3232421875
5768.7421875
6025.67529296875
6307.095703125
6581.458984375
6847.755859375
7128.908203125
7409.43798828125
7706.07421875
7961.4365234375
8193.9013671875
8410.4501953125
8608.779296875
8786.0673828125
8937.8681640625
9071.955078125
9196.6171875
9312.396484375
9417.0625
9328.35546875
9011.3134765625
8738.603515625
8475.7861328125
8215.2314453125
7956.6572265625
7701.6787109375
7450.78076171875
7207.80078125
6977.99853515625
6752.96728515625
6531.33837890625
6319.7822265625
6122.40673828125
5931.12890625
5744.12890625
5567.89013671875
5400.0654296875
5237.06689453125
5076.97998046875
4916.43701171875
4760.3427734375
4612.8369140625
