2085.03271484375
2064.2373046875
2035.660888671875
2010.0792236328125
1992.353515625
2000.748779296875
2061.872314453125
2062.81884765625
2060.25
2087.749267578125
2126.317138671875
2164.937744140625
2198.67626953125
2227.80712890625
2251.185546875
2270.3271484375
2291.3984375
2317.5419921875
2347.106689453125
2384.225830078125
2436.717041015625
2514.0986328125
2608.6611328125
2715.034912109375
2830.603271484375
2951.639404296875
3076.378662109375
3203.679931640625
3331.708740234375
3457.17578125
3579.311767578125
3696.823974609375
135.88790893554688
120.80269622802734
120.28438568115234
120.87923431396484
121.30878448486328
121.63401794433594
2843.22314453125
3258.21044921875
3472.576171875
3638.4296875
3801.114013671875
3974.40625
4160.12646484375
4353.833984375
4550.89892578125
4744.77099609375
4931.8291015625
5116.74072265625
5293.72998046875
5474.9599609375
5664.19140625
5849.26025390625
6011.01123046875
6153.73974609375
6297.423828125
6419.056640625
6523.791015625
6624.75830078125
6763.1083984375
6989.5205078125
7275.59326171875
7336.58642578125
7330.88671875
7359.96533203125
7531.56103515625
7742.5498046875
7721.59716796875
7120.4814453125
6649.57763671875
6238.2109375
5845.861328125
5453.77294921875
5072.67919921875
4708.80078125
4432.970703125
4151.59033203125
3873.649169921875
3604.351806640625
3429.263671875
3280.264404296875
3152.065673828125
3056.778076171875
2948.957275390625
2839.24755859375
2729.28857421875
2620.148681640625
2511.924560546875
2406.366455078125
2304.236328125
2205.590087890625
