2064.547607421875
2036.690673828125
2020.841064453125
2033.8123779296875
2143.4267578125
2181.9990234375
2168.783447265625
2146.764404296875
2138.569580078125
2137.75390625
2147.0712890625
2154.0361328125
2163.450927734375
2171.438232421875
2174.419677734375
2177.520263671875
2184.978515625
2193.699951171875
2205.77197265625
2218.39208984375
2231.00537109375
2243.9892578125
2258.855712890625
2276.510498046875
2306.587158203125
2342.2001953125
2386.893798828125
2445.045166015625
2519.85009765625
2609.699951171875
2712.334716796875
2825.841796875
121.36365509033203
123.7242660522461
124.80457305908203
125.4290542602539
125.79679107666016
126.03414916992188
2397.388916015625
2872.2685546875
3154.426025390625
3288.522705078125
3389.890380859375
3502.31103515625
3635.198974609375
3788.336669921875
3958.7490234375
4142.05712890625
4334.02197265625
4533.2109375
4736.96435546875
4943.30615234375
5152.86865234375
5373.83203125
5630.31640625
5888.1826171875
6144.42431640625
6406.9365234375
6672.078125
6938.78857421875
7203.15087890625
7469.498046875
7746.03173828125
8040.3388671875
8323.3291015625
8604.1875
8599.318359375
8543.4970703125
8497.046875
8449.4697265625
8396.080078125
8337.1689453125
8271.974609375
8198.41015625
8118.455078125
8036.5859375
7947.478515625
7846.73095703125
7731.39990234375
7614.43017578125
7494.54248046875
7370.71240234375
7244.46337890625
7117.06689453125
6987.7392578125
6856.35595703125
6723.11767578125
6588.17919921875
6452.1689453125
6315.76953125
6179.67822265625
6044.37255859375
