2062.077392578125
2021.9412841796875
2004.112060546875
2106.51220703125
2086.150634765625
2086.56201171875
2090.997314453125
2112.3876953125
2128.2353515625
2144.45263671875
2145.9453125
2143.309326171875
2144.057373046875
2147.496337890625
2150.603271484375
2154.850830078125
2164.652099609375
2173.334228515625
2182.654296875
2195.01220703125
2207.455078125
2218.5810546875
2236.466552734375
2263.6865234375
2302.87109375
2359.698486328125
2433.66015625
2517.530517578125
2612.897216796875
2718.78662109375
2832.21728515625
2953.849365234375
119.66108703613281
122.67728424072266
123.98926544189453
124.61688232421875
124.96531677246094
125.19938659667969
2247.67919921875
2728.841064453125
2987.095947265625
3198.090087890625
3397.4765625
3591.718994140625
3780.08349609375
3962.392822265625
4139.00927734375
4311.072265625
4477.39404296875
4636.9453125
4795.4951171875
4955.1201171875
5121.6796875
5289.16357421875
5454.10400390625
5623.62646484375
5794.392578125
5970.85693359375
6168.53369140625
6359.9794921875
6553.41015625
6752.39697265625
6945.6630859375
7132.37451171875
7302.76123046875
7446.09375
7570.1630859375
7677.91357421875
7766.44970703125
7842.939453125
7907.1015625
7956.18310546875
7998.89697265625
8037.6806640625
8072.65869140625
8102.2958984375
7974.646484375
7701.046875
7462.4404296875
7240.4892578125
7030.4482421875
6828.79296875
6631.56689453125
6441.654296875
6261.23583984375
6088.66455078125
5924.779296875
5769.03466796875
5619.38037109375
5472.62744140625
5327.81640625
5183.68408203125
