2085.0244140625
2060.984375
2033.6087646484375
2015.6644287109375
2036.368408203125
2028.1383056640625
2024.4736328125
2036.6484375
2044.3297119140625
2045.5302734375
2060.040283203125
2091.519775390625
2124.9287109375
2164.329833984375
2211.355712890625
2262.83740234375
2328.013916015625
2422.19482421875
2554.247802734375
2712.420654296875
2885.00927734375
3068.46728515625
3258.48681640625
3450.1318359375
3643.19482421875
3837.463134765625
4024.659912109375
4205.0009765625
4383.474609375
4562.234375
4742.15625
4922.193359375
197.36251831054688
183.24867248535156
178.22296142578125
175.54989624023438
172.16380310058594
167.75852966308594
3895.37451171875
3990.313232421875
4073.377197265625
4306.4306640625
4583.44580078125
4878.0888671875
5168.68212890625
5470.1298828125
5798.88720703125
6142.33935546875
6484.17529296875
6762.72412109375
6988.73779296875
7187.09814453125
7384.53955078125
7574.28515625
7734.6435546875
7798.79736328125
7902.49462890625
8279.3408203125
8328.3056640625
8311.8662109375
8309.74609375
8309.822265625
8314.6767578125
8340.5068359375
8384.2294921875
8270.591796875
8005.65380859375
8008.29736328125
7487.7548828125
7136.42822265625
6800.169921875
6147.20361328125
5483.33251953125
4827.599609375
4299.8720703125
4003.2666015625
3745.1640625
3460.845947265625
3147.880615234375
2868.9990234375
2579.15234375
2287.470947265625
2140.1650390625
2042.2734375
1964.295654296875
1889.65869140625
1819.1339111328125
1752.5172119140625
1690.10400390625
1630.5272216796875
1575.1707763671875
1523.0946044921875
1473.0291748046875
1425.0977783203125
1378.40185546875
1332.8643798828125
1289.29150390625
