0.024431470781564713
0.02675308845937252
0.030224543064832687
0.03302156552672386
0.033668290823698044
0.0339384451508522
0.03421913459897041
0.03441600874066353
0.03459123894572258
0.034764520823955536
0.034897349774837494
0.035018015652894974
0.035149186849594116
0.035290006548166275
0.03545258566737175
0.0356195867061615
0.035806093364953995
0.03600580245256424
0.036204561591148376
0.03639135882258415
0.036570772528648376
0.03675419092178345
0.03696630895137787
0.037228964269161224
0.03755564242601395
0.03793780505657196
0.038373298943042755
0.03885621577501297
0.03937864676117897
0.039932750165462494
0.040531326085329056
0.04116338863968849
0.0020894967019557953
0.0019473446300253272
0.0018861066782847047
0.0018527436768636107
0.0018332054605707526
0.0018207754474133253
0.03694679215550423
0.04002659395337105
0.041543178260326385
0.04254259169101715
0.04335865005850792
0.04415940120816231
0.04500039666891098
0.04589962214231491
0.04686099290847778
0.047881584614515305
0.048953477293252945
0.05006691813468933
0.0512152798473835
0.05241035297513008
0.05367353558540344
0.054982107132673264
0.056233905255794525
0.05724499374628067
0.05825027450919151
0.059268370270729065
0.06023528799414635
0.061175230890512466
0.06209755316376686
0.06299282610416412
0.06386516243219376
0.06472419947385788
0.06556227058172226
0.0663822814822197
0.06717686355113983
0.06794706732034683
0.06869848072528839
0.06943270564079285
0.07015811651945114
0.07088496536016464
0.07166344672441483
0.07245554774999619
0.07069363445043564
0.06864248216152191
0.0667203739285469
0.06486418098211288
0.0630604475736618
0.06130565330386162
0.05958331748843193
0.05788610875606537
0.05619962513446808
0.05452710762619972
0.05287346988916397
0.051252108067274094
0.04966292530298233
0.04810358211398125
0.046548932790756226
0.04498084634542465
0.0434054397046566
0.04182380437850952
