0.4839947819709778
0.5203154683113098
0.7436063289642334
0.9907663464546204
1.006941556930542
1.0110161304473877
1.0155980587005615
1.0209583044052124
1.0291558504104614
1.0387824773788452
1.0505366325378418
1.0651066303253174
1.0801327228546143
1.094231367111206
1.1081596612930298
1.1167373657226562
1.1270421743392944
1.1392797231674194
1.151251196861267
1.1632994413375854
1.178265929222107
1.1926990747451782
1.2062087059020996
1.2211532592773438
1.240358591079712
1.2636057138442993
1.2881567478179932
1.3169423341751099
1.347062349319458
1.3854023218154907
1.4288967847824097
1.4742504358291626
0.03283926099538803
0.03276514634490013
0.032732997089624405
0.032708264887332916
0.032687973231077194
0.03297242149710655
1.0801441669464111
1.28078031539917
1.4616774320602417
1.6325207948684692
1.8155876398086548
2.0141804218292236
2.107785224914551
2.0981431007385254
2.087293863296509
2.078148603439331
2.070469617843628
2.0644524097442627
2.0601871013641357
2.0574982166290283
2.055717706680298
2.0301501750946045
2.0055980682373047
2.0017244815826416
2.106555223464966
7.411391258239746
9.979344367980957
11.67402172088623
13.13366985321045
14.565982818603516
16.03929328918457
18.20993423461914
21.46140480041504
24.819608688354492
28.38125228881836
32.01602554321289
35.791114807128906
39.64194107055664
43.538658142089844
47.45452117919922
51.52616882324219
55.717254638671875
59.77545166015625
63.73509979248047
67.7250747680664
71.61614990234375
75.33245849609375
78.77824401855469
81.93489837646484
84.79121398925781
87.40396881103516
90.01300048828125
92.41046905517578
94.60289764404297
96.5602798461914
98.28323364257812
99.8005142211914
101.14839172363281
102.36199188232422
103.44945526123047
