0.04058431461453438
0.04413610324263573
0.04965580254793167
0.05439845100045204
0.05505497381091118
0.05543043836951256
0.05570251867175102
0.05594729632139206
0.056144773960113525
0.05634656548500061
0.056570880115032196
0.056807246059179306
0.0571092888712883
0.05732369422912598
0.057481665164232254
0.05764437094330788
0.05780418589711189
0.05796976014971733
0.058142755180597305
0.05832270160317421
0.0584978312253952
0.058679528534412384
0.05885627120733261
0.05904074013233185
0.0592464804649353
0.059509504586458206
0.059837114065885544
0.060231417417526245
0.06069100648164749
0.0611996166408062
0.061742302030324936
0.06231240928173065
0.0032889836002141237
0.003021900076419115
0.0028862713370472193
0.0027999819722026587
0.0027911837678402662
0.0027839606627821922
0.05633699148893356
0.05910873785614967
0.06129396706819534
0.06295138597488403
0.06432054191827774
0.06561051309108734
0.06684499979019165
0.0680660679936409
0.06928439438343048
0.0704936757683754
0.07170543819665909
0.07293999195098877
0.07419952750205994
0.07547822594642639
0.07674966752529144
0.07799838483333588
0.07923392206430435
0.08050718158483505
0.08180579543113708
0.08313846588134766
0.08451315760612488
0.085877925157547
0.08720947057008743
0.08855511993169785
0.08999045193195343
0.0914556011557579
0.09280021488666534
0.09388101100921631
0.094969742000103
0.09609710425138474
0.09725479036569595
0.09841959178447723
0.09958858788013458
0.1006874293088913
0.10211262106895447
0.1038799062371254
0.10560653358697891
0.1073278859257698
0.1090889647603035
0.1109386682510376
0.11267048865556717
0.11419638991355896
0.11558550596237183
0.11692649126052856
0.11796101182699203
0.11899775266647339
0.12021101266145706
0.12169528752565384
0.12342473119497299
0.12544317543506622
0.1274639368057251
0.12929539382457733
0.13091009855270386
0.13256576657295227
