6.954423427581787
7.834805488586426
9.845102310180664
12.307156562805176
14.316722869873047
14.03791618347168
13.441802978515625
12.922216415405273
12.930720329284668
13.31273365020752
13.945414543151855
14.717801094055176
15.301493644714355
15.676177978515625
15.971370697021484
16.19786262512207
16.50143814086914
16.815622329711914
16.92633819580078
17.159202575683594
17.536043167114258
18.006948471069336
18.594640731811523
19.28048324584961
20.03277587890625
20.865896224975586
21.797122955322266
22.85240364074707
24.087045669555664
25.65703773498535
27.60173225402832
29.888370513916016
0.5198771953582764
0.316498726606369
0.28323379158973694
0.2812049686908722
0.285928875207901
0.29109978675842285
9.0496826171875
19.041728973388672
40.85453796386719
58.63897705078125
65.23844909667969
71.63646697998047
78.9518814086914
87.75811004638672
98.20344543457031
110.49461364746094
124.2342300415039
138.82418823242188
154.53897094726562
171.66455078125
190.04501342773438
209.8442840576172
231.05262756347656
253.62831115722656
277.0511474609375
300.9222717285156
325.6521911621094
350.0080261230469
363.71258544921875
378.06903076171875
391.8836669921875
404.7667236328125
416.7968444824219
427.0680236816406
435.719970703125
443.028564453125
449.26617431640625
454.69390869140625
459.30035400390625
463.0317687988281
465.94171142578125
468.2921142578125
470.00714111328125
471.0762634277344
471.4698181152344
471.26068115234375
470.548828125
469.2590637207031
467.6242980957031
465.8161315917969
463.8318786621094
461.41650390625
459.0843811035156
456.5535583496094
453.9917297363281
451.45721435546875
448.9977722167969
446.60052490234375
444.2694396972656
441.9926452636719
