0.09034956246614456
0.1021476611495018
0.11617113649845123
0.12600454688072205
0.1330493688583374
0.13663998246192932
0.1389206349849701
0.14015759527683258
0.14103379845619202
0.1417599320411682
0.14225329458713531
0.14265961945056915
0.14314678311347961
0.14367559552192688
0.14419910311698914
0.14470386505126953
0.14519502222537994
0.14567354321479797
0.14617013931274414
0.1466561108827591
0.14708617329597473
0.14760276675224304
0.14846119284629822
0.14980870485305786
0.15132619440555573
0.15312014520168304
0.155351921916008
0.15799126029014587
0.16084469854831696
0.16388052701950073
0.16710874438285828
0.17046023905277252
0.02089063636958599
0.013320139609277248
0.0101286880671978
0.008660425432026386
0.007778680883347988
0.006960434839129448
0.13195188343524933
0.14799711108207703
0.16129454970359802
0.17223703861236572
0.180881068110466
0.18807430565357208
0.1944708526134491
0.20055975019931793
0.206747904419899
0.21318930387496948
0.2198665887117386
0.22699353098869324
0.23466618359088898
0.24406680464744568
0.25672394037246704
0.2699597477912903
0.2823461890220642
0.29560938477516174
0.3116931617259979
0.33069053292274475
0.34147655963897705
0.3284249007701874
0.3175137937068939
0.3075859248638153
0.2981395423412323
0.2890273928642273
0.2803153693675995
0.2718319892883301
0.26351574063301086
0.25534868240356445
0.2476353794336319
0.2403232455253601
0.23361830413341522
0.22750838100910187
0.22181516885757446
0.21650166809558868
0.21148373186588287
0.20666074752807617
0.20205090939998627
0.19760973751544952
0.19333556294441223
0.1892443299293518
0.1852683126926422
0.18331967294216156
0.18136410415172577
0.1777687817811966
0.17450083792209625
0.17142370343208313
0.16849197447299957
0.16568875312805176
0.16307510435581207
0.16062700748443604
0.1583290696144104
0.15620823204517365
0.15426959097385406
