0.008629507385194302
0.008388481102883816
0.007983705028891563
0.0076680569909513
0.0074985879473388195
0.007389958016574383
0.007312708999961615
0.007248613517731428
0.007189724128693342
0.007135140243917704
0.0070838239043951035
0.007034050300717354
0.00698587391525507
0.0069389040581882
0.006892867386341095
0.006848585791885853
0.006806329358369112
0.006765039172023535
0.006725559011101723
0.006687111221253872
0.006649821065366268
0.006615444552153349
0.006583759561181068
0.006554179824888706
0.006525224074721336
0.006496121641248465
0.006466298829764128
0.006435119081288576
0.006399496924132109
0.006362095940858126
0.006324907764792442
0.006287324242293835
0.000789240759331733
0.0007668279577046633
0.000751022482290864
0.0007464460795745254
0.0007494591409340501
0.0007557924836874008
0.00649106502532959
0.0064010838977992535
0.006305895280092955
0.006231577601283789
0.006138431839644909
0.006073524709790945
0.006045591086149216
0.0060350047424435616
0.006018994376063347
0.0059932260774075985
0.005968339741230011
0.005916944704949856
0.005863352678716183
0.005801767576485872
0.0057370830327272415
0.005666224751621485
0.005592878442257643
0.005518435966223478
0.005443323869258165
0.005366413854062557
0.005287664942443371
0.005205626133829355
0.005122449714690447
0.005037751980125904
0.004951911047101021
0.004865330643951893
0.004778141155838966
0.0046912552788853645
0.0046040695160627365
0.004516741260886192
0.0044296737760305405
0.00434349337592721
0.004258826375007629
0.004175489768385887
0.004092859104275703
0.004010576289147139
0.00392891326919198
0.003847884014248848
0.0037677735090255737
0.0036885251756757498
0.0036102549638599157
0.003533095121383667
0.0034571723081171513
0.0033821880351752043
0.003308579558506608
0.0032364134676754475
0.003166517009958625
0.0030989793594926596
0.0030326000414788723
0.0029675504192709923
0.002903900807723403
0.0028419203590601683
0.002781796036288142
0.002723565325140953
0.002667041029781103
0.0026122129056602716
0.002558902371674776
0.0025069585535675287
