0.024859808385372162
0.027537543326616287
0.03194333612918854
0.03342398628592491
0.03376683592796326
0.034042347222566605
0.034337207674980164
0.03458160161972046
0.03472943603992462
0.03486382216215134
0.03503943607211113
0.035210419446229935
0.035383109003305435
0.0355854332447052
0.035796619951725006
0.03598938137292862
0.03617675229907036
0.0363599918782711
0.036573708057403564
0.03685745969414711
0.037207432091236115
0.037621378898620605
0.03808557614684105
0.038593489676713943
0.03914463892579079
0.03973359614610672
0.04037076234817505
0.041050076484680176
0.04176943004131317
0.04252355173230171
0.04330400004982948
0.04411575198173523
0.002483380725607276
0.002454410307109356
0.0024491995573043823
0.0024405959993600845
0.0024297123309224844
0.0024196032900363207
0.04100662097334862
0.04230614751577377
0.04329933226108551
0.044633448123931885
0.04571928083896637
0.046760015189647675
0.047843217849731445
0.04900119826197624
0.0502457395195961
0.05158708617091179
0.053022027015686035
0.054577797651290894
0.0562288835644722
0.05745726078748703
0.05869176238775253
0.05987807363271713
0.06106947362422943
0.06226739287376404
0.0634215921163559
0.06452842801809311
0.06560448557138443
0.06665080040693283
0.06767484545707703
0.06867356598377228
0.06964445859193802
0.07059501856565475
0.07152672857046127
0.07246764749288559
0.0719967782497406
0.06956826895475388
0.0672660544514656
0.06503602862358093
0.06285343319177628
0.060714270919561386
0.05862531438469887
0.056578852236270905
0.05456368997693062
0.05264267697930336
0.05074724927544594
0.04882080480456352
0.04783126339316368
0.046836815774440765
0.04503963887691498
0.04355936124920845
0.04222318157553673
0.040955524891614914
0.03974974900484085
0.0386112779378891
0.03754108399152756
0.036544352769851685
0.035603225231170654
0.034707892686128616
0.03385404869914055
0.03303619101643562
0.032246947288513184
0.03148467838764191
