0.03812726214528084
0.041445858776569366
0.04677707329392433
0.05080210417509079
0.0523589625954628
0.05273876711726189
0.052866559475660324
0.053082384169101715
0.05334031209349632
0.05356908217072487
0.0537528321146965
0.05393606796860695
0.05410992354154587
0.054284196346998215
0.05443663150072098
0.05457959696650505
0.054748859256505966
0.05494564399123192
0.05513821914792061
0.05531126633286476
0.05550634488463402
0.05575551837682724
0.05608893185853958
0.05650951713323593
0.05699248984456062
0.05753353238105774
0.058130498975515366
0.05877504125237465
0.0594833567738533
0.06026291474699974
0.06111045926809311
0.062037158757448196
0.0033983264584094286
0.003276068950071931
0.003221292980015278
0.003185813780874014
0.003184099216014147
0.0031960895285010338
0.00321398233063519
0.05843193456530571
0.06151152402162552
0.06310947239398956
0.06440050154924393
0.06572071462869644
0.06715016812086105
0.06869290769100189
0.0703234001994133
0.0720207467675209
0.07378199696540833
0.07557147741317749
0.07733948528766632
0.07914969325065613
0.08064386993646622
0.08214771747589111
0.08364405483007431
0.08518276363611221
0.08674012869596481
0.08830390870571136
0.0898810401558876
0.09131177514791489
0.09247780591249466
0.09352914243936539
0.09456758201122284
0.09561671316623688
0.09678328782320023
0.09786961227655411
0.09901715070009232
0.10031478852033615
0.10162735730409622
0.1029553934931755
0.1038178876042366
0.1045222133398056
0.10532436519861221
0.1063702404499054
0.107696533203125
0.10910064727067947
0.10779041796922684
0.104005366563797
0.10036612302064896
0.09679277241230011
0.09325327724218369
0.08982525765895844
0.0864216759800911
0.08290891349315643
0.07931409031152725
0.07654348015785217
0.07495326548814774
0.07360830157995224
0.0724116638302803
0.07153963297605515
0.07092112302780151
0.07056533545255661
0.07044776529073715
