0.16892759501934052
0.1976666897535324
0.21163824200630188
0.21400520205497742
0.21529613435268402
0.21767251193523407
0.21909695863723755
0.22032205760478973
0.22193069756031036
0.22336436808109283
0.22461934387683868
0.22588279843330383
0.22707729041576385
0.2281259447336197
0.22918809950351715
0.23033899068832397
0.23158161342144012
0.23278650641441345
0.23389895260334015
0.23488998413085938
0.23577344417572021
0.2366878241300583
0.2376433163881302
0.2386045753955841
0.23959141969680786
0.240741565823555
0.24215567111968994
0.2439137101173401
0.2460518479347229
0.24856843054294586
0.25156301259994507
0.25505009293556213
0.011120837181806564
0.010879372246563435
0.010835128836333752
0.010875757783651352
0.010842774994671345
0.010809878818690777
0.21517452597618103
0.22898057103157043
0.23426151275634766
0.2418505847454071
0.2579948604106903
0.2728583812713623
0.27929049730300903
0.28267258405685425
0.2921355962753296
0.3166384696960449
0.3439161479473114
0.34113290905952454
0.3340863883495331
0.32751768827438354
0.3212006986141205
0.3149191439151764
0.3086128830909729
0.30235907435417175
0.29610592126846313
0.2898336946964264
0.2835761606693268
0.2772926986217499
0.2709812819957733
0.26460713148117065
0.25820082426071167
0.2519127428531647
0.2457231879234314
0.23927685618400574
0.23260748386383057
0.22598455846309662
0.21942366659641266
0.21296493709087372
0.2066686451435089
0.200789675116539
0.1951916366815567
0.18981480598449707
0.1846613585948944
0.17972490191459656
0.1749832034111023
0.17043687403202057
0.16605865955352783
0.16176220774650574
0.1574743092060089
0.1531110405921936
0.14906613528728485
0.14525815844535828
0.14156107604503632
0.13794127106666565
0.1343580186367035
0.1308663785457611
0.12750081717967987
0.12426459044218063
0.12126602977514267
0.11839668452739716
0.11559482663869858
0.11284521222114563
0.11016647517681122
