7.1091532707214355
8.213825225830078
10.195331573486328
11.0380220413208
11.945472717285156
12.987592697143555
12.723803520202637
12.688566207885742
13.519192695617676
14.124160766601562
14.578445434570312
14.73642635345459
14.66801643371582
14.549478530883789
14.567061424255371
14.726552963256836
15.042134284973145
15.49181842803955
16.049680709838867
16.711410522460938
17.513755798339844
18.391130447387695
19.396366119384766
20.523927688598633
21.81116485595703
23.30797004699707
25.06058120727539
27.215015411376953
30.005508422851562
33.7446403503418
38.889286041259766
46.24458694458008
0.7273269891738892
0.6435405015945435
0.6809684038162231
0.716729998588562
0.7495476007461548
0.7795000672340393
31.916032791137695
55.893489837646484
75.45059204101562
100.0030288696289
116.3280258178711
131.80941772460938
148.77163696289062
168.20652770996094
190.04156494140625
214.66766357421875
241.9684600830078
272.4599304199219
303.6371765136719
335.4845275878906
368.5649719238281
402.77703857421875
437.566650390625
457.5990295410156
476.99945068359375
494.4705505371094
509.48895263671875
521.3113403320312
530.0929565429688
537.3701171875
543.5846557617188
549.3131713867188
554.3172607421875
558.7456665039062
561.5419921875
564.0413208007812
565.2406005859375
565.5206909179688
565.1248779296875
564.2159423828125
562.946044921875
561.4104614257812
559.5350952148438
557.3497924804688
555.0525512695312
552.7109985351562
550.4237060546875
548.1714477539062
545.9778442382812
543.7913818359375
541.5455322265625
538.4011840820312
534.3872680664062
531.080078125
527.5472412109375
524.1776123046875
520.9873046875
517.9422607421875
515.1135864257812
512.4345092773438
509.87506103515625
