0.16731470823287964
0.1708507239818573
0.18580535054206848
0.20448866486549377
0.2208220511674881
0.22876738011837006
0.23124320805072784
0.23359905183315277
0.23484459519386292
0.23574024438858032
0.23657043278217316
0.23731638491153717
0.23795755207538605
0.2386205643415451
0.23925438523292542
0.23987123370170593
0.24046851694583893
0.24086874723434448
0.24134598672389984
0.24205167591571808
0.24275042116641998
0.2433432787656784
0.24392040073871613
0.24454906582832336
0.24508248269557953
0.24570077657699585
0.2465805858373642
0.24781937897205353
0.24937985837459564
0.25113993883132935
0.2531972825527191
0.2556104362010956
0.02240814082324505
0.02214781567454338
0.020469291135668755
0.019137337803840637
0.018363965675234795
0.017922377213835716
0.2387634813785553
0.24594587087631226
0.25054019689559937
0.26212435960769653
0.27386489510536194
0.28537672758102417
0.29753467440605164
0.31040626764297485
0.3234850764274597
0.33583003282546997
0.3475720286369324
0.3591180741786957
0.37100207805633545
0.3836447596549988
0.397219181060791
0.411486953496933
0.4264678657054901
0.44149428606033325
0.4575224816799164
0.4728134572505951
0.4881419837474823
0.507132887840271
0.5661454200744629
0.652815580368042
0.7758941054344177
0.9542717337608337
1.1799445152282715
1.3793504238128662
11.80978012084961
26.813692092895508
34.865413665771484
41.11234664916992
46.97052764892578
52.66057586669922
60.397403717041016
69.17465209960938
77.57038116455078
85.66436767578125
93.91368103027344
102.36368560791016
111.86959075927734
118.69725799560547
123.4092788696289
127.82530212402344
131.8597412109375
135.4647216796875
139.2714080810547
142.69317626953125
145.48265075683594
147.8319549560547
149.87667846679688
152.15956115722656
154.53021240234375
156.63412475585938
157.90997314453125
