0.11726976186037064
0.13270319998264313
0.14546413719654083
0.15002605319023132
0.15151247382164001
0.1522720754146576
0.15299668908119202
0.15367987751960754
0.15467029809951782
0.1556430608034134
0.15645645558834076
0.157138392329216
0.15787798166275024
0.1585860401391983
0.15919619798660278
0.15969476103782654
0.1601458042860031
0.16058728098869324
0.16105355322360992
0.16160129010677338
0.16225728392601013
0.16301999986171722
0.16385969519615173
0.164781853556633
0.1658785194158554
0.16711832582950592
0.16860704123973846
0.17027291655540466
0.17208664119243622
0.17409218847751617
0.1762600988149643
0.17858287692070007
0.008479268290102482
0.008629322052001953
0.008548385463654995
0.008527846075594425
0.008498482406139374
0.008438456803560257
0.15717783570289612
0.1667654812335968
0.17268899083137512
0.17774833738803864
0.18566355109214783
0.18820010125637054
0.19264447689056396
0.19504505395889282
0.19671928882598877
0.19866013526916504
0.2039552479982376
0.2111460268497467
0.2191901057958603
0.22710475325584412
0.2351832091808319
0.2434106022119522
0.2519601881504059
0.25351351499557495
0.2485322207212448
0.24379350244998932
0.23922356963157654
0.2346503734588623
0.22998075187206268
0.22505536675453186
0.2200450301170349
0.21506470441818237
0.2101113647222519
0.2050592303276062
0.19996993243694305
0.19482707977294922
0.1897028535604477
0.18441720306873322
0.17927445471286774
0.17423281073570251
0.16924980282783508
0.1643695831298828
0.1596461534500122
0.15490974485874176
0.14992843568325043
0.14457717537879944
0.13925258815288544
0.1347084790468216
0.13061313331127167
0.12694139778614044
0.1243792250752449
0.12266870588064194
0.12183260917663574
0.12163915485143661
0.12236858159303665
0.12399578839540482
0.1305990368127823
0.15379714965820312
0.1918889433145523
0.24006648361682892
0.2930891513824463
4.753667831420898
7.367469310760498
8.281384468078613
