0.008182278834283352
0.008627206087112427
0.008177140727639198
0.007905827835202217
0.007759492378681898
0.007652039639651775
0.007562721148133278
0.007492100354284048
0.00742850499227643
0.0073680332861840725
0.007311220746487379
0.007255375385284424
0.007202766835689545
0.007155272644013166
0.007110639475286007
0.007067759521305561
0.0070268441922962666
0.00698763458058238
0.006949292030185461
0.006913152057677507
0.006879685912281275
0.006849332246929407
0.006820355076342821
0.006791679188609123
0.006762377452105284
0.006731719709932804
0.0066994233056902885
0.006663808133453131
0.006624263245612383
0.006584161426872015
0.0065445019863545895
0.006503682117909193
0.000790629128459841
0.0007422996568493545
0.0007514090975746512
0.0007767719798721373
0.0008044083951972425
0.0008283056085929275
0.006588647607713938
0.006562422029674053
0.006465255282819271
0.006381336133927107
0.006320800632238388
0.006265005562454462
0.006209607236087322
0.006153939291834831
0.006089416332542896
0.006018437910825014
0.005946436431258917
0.005869325250387192
0.005791550036519766
0.005712465383112431
0.0056295739486813545
0.005542849190533161
0.005454113241285086
0.005362924188375473
0.005268878303468227
0.005172610282897949
0.00507339695468545
0.004971328657120466
0.004867415875196457
0.004762773402035236
0.004657623823732138
0.004552966449409723
0.004450309555977583
0.00434871856123209
0.004247547592967749
0.004146827384829521
0.0040466985665261745
0.003947585821151733
0.003849406260997057
0.0037522809579968452
0.0036563666071742773
0.003561986144632101
0.0034691293258219957
0.0033781027887016535
0.0032891128212213516
0.003202204592525959
0.0031172994058579206
0.0030348137952387333
0.0029548376332968473
0.002877018880099058
0.002801300957798958
0.002727935556322336
0.002656598575413227
0.0025872979313135147
0.002519922098144889
0.0024544713087379932
0.00239130319096148
0.0023304871283471584
0.0022718377877026796
0.0022151086013764143
0.002160336123779416
