0.02519271709024906
0.027698807418346405
0.03264095261693001
0.033937398344278336
0.03469490259885788
0.03527487441897392
0.03561190143227577
0.035951077938079834
0.03628574684262276
0.03662869706749916
0.03696174919605255
0.03727061301469803
0.03757059574127197
0.037859998643398285
0.03813249617815018
0.038390807807445526
0.03866257146000862
0.038938380777835846
0.039245329797267914
0.03960486501455307
0.04003565013408661
0.04054659605026245
0.041145388036966324
0.04183141142129898
0.042603038251399994
0.04345410317182541
0.04437917843461037
0.04537029191851616
0.04642699286341667
0.047555454075336456
0.04877616837620735
0.05007369443774223
0.0025209570303559303
0.0023875341285020113
0.002314529614523053
0.0022664046846330166
0.002239885972812772
0.0022263415157794952
0.042819272726774216
0.04773436114192009
0.0510004498064518
0.05339350178837776
0.05532654747366905
0.056854091584682465
0.058004043996334076
0.05911733955144882
0.06017756089568138
0.06126406788825989
0.06241484358906746
0.06361330300569534
0.0648784264922142
0.06620126962661743
0.06756725162267685
0.06899093091487885
0.07049484550952911
0.06889809668064117
0.06635379046201706
0.06404562294483185
0.06185285747051239
0.05972396209836006
0.057622648775577545
0.055555813014507294
0.0535421259701252
0.05157905071973801
0.04964839667081833
0.04775116220116615
0.04588747024536133
0.04406058043241501
0.04231828823685646
0.04063261300325394
0.03904828429222107
0.03774181380867958
0.03657416254281998
0.03548581898212433
0.03445162624120712
0.03345208987593651
0.03247823938727379
0.0315297432243824
0.03060556761920452
0.029721355065703392
0.02887781523168087
0.028070447966456413
0.027286101132631302
0.026522720232605934
0.02579265832901001
0.025112411007285118
0.024480480700731277
0.0238814540207386
0.023304957896471024
0.022745853289961815
0.02220124751329422
0.021665705367922783
