0.14338240027427673
0.14210829138755798
0.15927715599536896
0.18119844794273376
0.19442155957221985
0.19848382472991943
0.201223224401474
0.2029140740633011
0.20412220060825348
0.20536182820796967
0.2065700888633728
0.20773449540138245
0.20866349339485168
0.20936885476112366
0.20994950830936432
0.21074043214321136
0.21141016483306885
0.21205870807170868
0.21263253688812256
0.21310579776763916
0.21353115141391754
0.21392597258090973
0.2143547385931015
0.21472066640853882
0.21524325013160706
0.21601602435112
0.21690714359283447
0.21790863573551178
0.21911750733852386
0.22234418988227844
0.22632677853107452
0.23086415231227875
0.02431662008166313
0.019017301499843597
0.01668890193104744
0.01574402116239071
0.015284585766494274
0.015038903802633286
0.19654159247875214
0.21402990818023682
0.22759072482585907
0.2418389767408371
0.2544156610965729
0.2659499943256378
0.27691662311553955
0.2874172329902649
0.2975243330001831
0.3073172867298126
0.3170557916164398
0.3268906772136688
0.3370557725429535
0.3477889895439148
0.35951951146125793
0.37162256240844727
0.3846813440322876
0.39940598607063293
0.4181261956691742
0.43922436237335205
0.4606150686740875
0.4805908501148224
0.4993026554584503
0.5166482925415039
0.5328902006149292
0.5480641722679138
0.561227560043335
0.5719445943832397
0.5822644829750061
0.6055701375007629
0.6491636633872986
0.7150278687477112
0.7921504378318787
0.8700656890869141
0.9644728899002075
1.0785739421844482
1.2164148092269897
6.391880512237549
15.187288284301758
19.656169891357422
22.180768966674805
24.62233543395996
28.798593521118164
32.33741760253906
35.29467010498047
37.783451080322266
39.90598678588867
41.67462158203125
43.172019958496094
44.47355270385742
45.610084533691406
46.70161819458008
47.850372314453125
48.9682502746582
50.22633743286133
