0.02604539692401886
0.027830779552459717
0.029392633587121964
0.030770370736718178
0.03146405145525932
0.03163694217801094
0.03208962082862854
0.032457612454891205
0.03276345133781433
0.032991088926792145
0.0332445465028286
0.03351905569434166
0.03377775475382805
0.034009531140327454
0.03420991078019142
0.03438165783882141
0.034536927938461304
0.03469898924231529
0.03486835956573486
0.035036224871873856
0.03519250079989433
0.03534461930394173
0.03550683706998825
0.0357142835855484
0.03599678725004196
0.03636818379163742
0.03683348372578621
0.037396516650915146
0.03804768621921539
0.03792532533407211
0.037599943578243256
0.03728311136364937
0.03696300834417343
0.0015617558965459466
0.0013245869195088744
0.0013435859000310302
0.0013589567970484495
0.0013593855546787381
0.0013585451524704695
0.03252633661031723
0.03864465653896332
0.03870421275496483
0.03734529763460159
0.03630291670560837
0.03585454076528549
0.03564147651195526
0.03543426841497421
0.03505236655473709
0.034703515470027924
0.03406943008303642
0.033470675349235535
0.03280886262655258
0.03215121477842331
0.031490787863731384
0.030822429805994034
0.030141884461045265
0.02947966940701008
0.02880002185702324
0.02811146154999733
0.027422647923231125
0.02673882059752941
0.02606114000082016
0.02538381703197956
0.02471044287085533
0.024042358621954918
0.023381071165204048
0.022724052891135216
0.02207159996032715
0.021425677463412285
0.02078709751367569
0.020160144194960594
0.019561950117349625
0.0190192312002182
0.018515003845095634
0.01803472265601158
0.017571479082107544
0.01712178625166416
0.01668359711766243
0.016255337744951248
0.015834635123610497
0.015419878996908665
0.015011176466941833
0.014609322883188725
0.01422588899731636
0.013859863393008709
0.01350847352296114
0.013169236481189728
0.012839626520872116
0.012517598457634449
0.012201967649161816
0.011892165057361126
0.011590901762247086
0.011302695609629154
0.011026698164641857
0.010763215832412243
0.010510171763598919
