0.4981266260147095
0.6028811931610107
0.981948971748352
1.0202010869979858
1.0309804677963257
1.0451427698135376
1.063003420829773
1.0860239267349243
1.109093189239502
1.1308356523513794
1.1480082273483276
1.163222074508667
1.1795034408569336
1.197213888168335
1.2114404439926147
1.2299619913101196
1.2525529861450195
1.2762916088104248
1.3011388778686523
1.329208493232727
1.3606059551239014
1.3982445001602173
1.4396759271621704
1.481804370880127
1.5334125757217407
1.6033188104629517
1.6989068984985352
1.8183023929595947
1.9004732370376587
1.8791284561157227
1.8551660776138306
1.8320916891098022
0.033238474279642105
0.03300982713699341
0.03286568820476532
0.03276636078953743
0.03406159579753876
0.034690357744693756
1.5249500274658203
1.8629162311553955
1.8249754905700684
1.782505750656128
1.7475470304489136
1.7134826183319092
1.6919667720794678
1.7119618654251099
1.7104992866516113
1.7153205871582031
1.7408305406570435
4.71523380279541
12.09641170501709
17.1920166015625
21.048141479492188
24.239397048950195
27.060983657836914
29.686264038085938
32.40092086791992
35.183502197265625
38.04937744140625
39.51720428466797
41.00387191772461
43.97943878173828
47.042388916015625
49.98295593261719
52.752105712890625
55.572330474853516
58.631099700927734
61.68941879272461
64.63510131835938
67.41426849365234
70.01622772216797
72.50760650634766
74.87309265136719
77.23811340332031
79.45603942871094
81.3301773071289
82.95191955566406
84.40271759033203
85.72004699707031
86.9266586303711
88.03950500488281
89.06429290771484
90.01126861572266
90.89508819580078
91.73902893066406
92.56314086914062
93.3770751953125
94.08930969238281
94.8352279663086
95.45874786376953
95.96834564208984
96.40241241455078
96.78211212158203
97.12202453613281
