0.03789697587490082
0.0397455058991909
0.04357875511050224
0.048069067299366
0.0508500300347805
0.051933255046606064
0.05241737142205238
0.052613042294979095
0.05281715840101242
0.05303587764501572
0.053235482424497604
0.053403861820697784
0.05355758219957352
0.05370683595538139
0.053865402936935425
0.054045915603637695
0.054212410002946854
0.05435784161090851
0.054507434368133545
0.05465337634086609
0.05480371415615082
0.05495470389723778
0.05511511117219925
0.05528741329908371
0.055453360080718994
0.05565385892987251
0.05586620792746544
0.056125737726688385
0.05646103248000145
0.05685858801007271
0.05728624761104584
0.05773581191897392
0.0034613339230418205
0.003203263971954584
0.0030698294285684824
0.0029891568701714277
0.0029322521295398474
0.002894248813390732
0.05224108695983887
0.055615898221731186
0.05750701576471329
0.05872509256005287
0.059661850333213806
0.06048485264182091
0.06127241998910904
0.06208124756813049
0.06293005496263504
0.06381627172231674
0.06471271812915802
0.06561481207609177
0.06653112918138504
0.06746666133403778
0.06842175871133804
0.06939126551151276
0.07037131488323212
0.07136419415473938
0.07237737625837326
0.0734127089381218
0.0744754746556282
0.07557082921266556
0.07670969516038895
0.07791411131620407
0.0791940689086914
0.08051258325576782
0.0818348154425621
0.08312695473432541
0.08445267379283905
0.08580313622951508
0.08717169612646103
0.08854398876428604
0.08978009223937988
0.09078284353017807
0.09169388562440872
0.09251087158918381
0.0932345762848854
0.09390146285295486
0.0945386290550232
0.09515543282032013
0.09574519097805023
0.09631353616714478
0.09686807543039322
0.09740065783262253
0.09790406376123428
0.09853268414735794
0.0991000160574913
0.09960023313760757
0.10005748271942139
0.10073231160640717
0.10144142806529999
0.10219070315361023
0.10297229886054993
0.10381735861301422
