0.006564839743077755
0.007046790327876806
0.007786700502038002
0.008455771021544933
0.00898290891200304
0.009468515403568745
0.009800021536648273
0.009900429286062717
0.009963738732039928
0.01000669039785862
0.010061988607048988
0.010125339031219482
0.010181708261370659
0.010232015512883663
0.010293985716998577
0.010351656936109066
0.010414148680865765
0.010482101701200008
0.010548602789640427
0.010622803121805191
0.010711446404457092
0.010820310562849045
0.010949131101369858
0.011096946895122528
0.011263399384915829
0.011448942124843597
0.011650499887764454
0.01186631340533495
0.012094436213374138
0.012333981692790985
0.012585977092385292
0.01284494623541832
0.0008005798445083201
0.0007053825538605452
0.0006960858008824289
0.0007014607544988394
0.0007086228579282761
0.0007154166814871132
0.012717677280306816
0.013303760439157486
0.013620282523334026
0.01386153232306242
0.014085364528000355
0.014316121116280556
0.014565757475793362
0.014837351627647877
0.015131286345422268
0.015444309450685978
0.015780024230480194
0.01613926701247692
0.016528168693184853
0.016947699710726738
0.017405668273568153
0.0178836602717638
0.01830894686281681
0.018729977309703827
0.019127989187836647
0.01952095329761505
0.01991947367787361
0.020338186994194984
0.020774323493242264
0.021221235394477844
0.021679522469639778
0.02214975096285343
0.02263331227004528
0.023127764463424683
0.023631330579519272
0.02414221502840519
0.02465103752911091
0.025158025324344635
0.025663552805781364
0.026174094527959824
0.02668789029121399
0.027206657454371452
0.027729980647563934
0.028258701786398888
0.028788777068257332
0.029325731098651886
0.029859406873583794
0.030409470200538635
0.030964761972427368
0.03152739256620407
0.03209119290113449
0.032653577625751495
0.03322261571884155
0.033794526010751724
0.03435386344790459
0.03489306941628456
0.03542066365480423
0.035991787910461426
0.03658770024776459
0.03711909428238869
