0.0937640592455864
0.10459274053573608
0.11866030097007751
0.12772178649902344
0.1345864236354828
0.13918669521808624
0.14129957556724548
0.14262910187244415
0.14361371099948883
0.1445261687040329
0.14518038928508759
0.14572745561599731
0.14618349075317383
0.14662232995033264
0.14709459245204926
0.14755499362945557
0.14803068339824677
0.1485142856836319
0.14898496866226196
0.14940431714057922
0.14983339607715607
0.1503017544746399
0.15077708661556244
0.1512417495250702
0.15168973803520203
0.15213605761528015
0.1526404321193695
0.15315012633800507
0.15368983149528503
0.15433116257190704
0.1549365520477295
0.1556512713432312
0.020771238952875137
0.012231462635099888
0.009677166119217873
0.008130605332553387
0.0077628870494663715
0.007633258122950792
0.12440776079893112
0.13763120770454407
0.14380599558353424
0.15061050653457642
0.15654495358467102
0.16212458908557892
0.1666802316904068
0.1706112027168274
0.1743154674768448
0.17788265645503998
0.1814260482788086
0.18496128916740417
0.18851381540298462
0.19212111830711365
0.195855513215065
0.19971805810928345
0.20366011559963226
0.20771366357803345
0.21198485791683197
0.2164933979511261
0.22126825153827667
0.2263941764831543
0.23192831873893738
0.23787380754947662
0.24450328946113586
0.2535698115825653
0.2625494599342346
0.2721264064311981
0.28147608041763306
0.2910403311252594
0.30180275440216064
0.31253132224082947
0.3232303559780121
0.33442407846450806
0.34615904092788696
0.3538917005062103
0.34328413009643555
0.33390456438064575
0.3250785768032074
0.3165118992328644
0.30860841274261475
0.3013826310634613
0.29502248764038086
0.2909996509552002
0.288737952709198
0.2878737151622772
0.2884588837623596
0.29028603434562683
0.29315686225891113
0.29653412103652954
0.29943573474884033
0.3024018108844757
0.3058914542198181
0.3098132908344269
