0.16444872319698334
0.18657904863357544
0.20495553314685822
0.20748911798000336
0.20861202478408813
0.2095741182565689
0.21031156182289124
0.21104636788368225
0.21171054244041443
0.2122601866722107
0.21274970471858978
0.21314190328121185
0.21355372667312622
0.214030459523201
0.2147674411535263
0.2155139148235321
0.21632631123065948
0.21716450154781342
0.21789920330047607
0.21852190792560577
0.21915028989315033
0.21988239884376526
0.2206670641899109
0.22153407335281372
0.22255241870880127
0.22392110526561737
0.2254336178302765
0.22712861001491547
0.22921355068683624
0.23161569237709045
0.23425833880901337
0.23703591525554657
0.010867388918995857
0.010787337087094784
0.010767631232738495
0.010751201771199703
0.010729935020208359
0.010704129002988338
0.21843072772026062
0.2294921875
0.23572759330272675
0.2417805939912796
0.2480962574481964
0.2546112537384033
0.26117539405822754
0.26775622367858887
0.2743125855922699
0.28375768661499023
0.29585450887680054
0.3082179129123688
0.3211063742637634
0.3353588581085205
0.35094788670539856
0.36700010299682617
0.37246429920196533
0.36607182025909424
0.3594777584075928
0.35290443897247314
0.34632089734077454
0.3396753966808319
0.3329101800918579
0.3260103464126587
0.3189677596092224
0.3117966055870056
0.30450621247291565
0.29718494415283203
0.2901258170604706
0.28310561180114746
0.2757059931755066
0.2684241533279419
0.26129865646362305
0.2542971670627594
0.2473783940076828
0.24063929915428162
0.2340121567249298
0.227622389793396
0.22128303349018097
0.21494819223880768
0.20866507291793823
0.20258015394210815
0.1967455893754959
0.19107195734977722
0.18541431427001953
0.1797589510679245
0.1741880625486374
0.16879700124263763
0.1635558009147644
0.15810789167881012
0.15311521291732788
0.14849835634231567
0.14405323565006256
0.13965973258018494
