0.11250531673431396
0.12217024713754654
0.13760465383529663
0.14811015129089355
0.1500847190618515
0.1507989764213562
0.15126679837703705
0.1516799032688141
0.15221264958381653
0.15278244018554688
0.15328995883464813
0.1537618637084961
0.15428662300109863
0.15506872534751892
0.1558283567428589
0.1565609723329544
0.15719908475875854
0.15777571499347687
0.1584223359823227
0.15913747251033783
0.1598629504442215
0.16058723628520966
0.16133512556552887
0.1621149778366089
0.163034126162529
0.16406160593032837
0.1651960015296936
0.1666230410337448
0.16840466856956482
0.17045153677463531
0.17273084819316864
0.17521004378795624
0.008730314671993256
0.00802097748965025
0.007869531400501728
0.007798654958605766
0.0077613890171051025
0.007754376158118248
0.1556544005870819
0.16778835654258728
0.1735270619392395
0.1777799278497696
0.18180207908153534
0.18614163994789124
0.19084593653678894
0.19588805735111237
0.20122824609279633
0.20862841606140137
0.21796675026416779
0.22777147591114044
0.23779632151126862
0.24806663393974304
0.2584530711174011
0.26926901936531067
0.2752009928226471
0.2703709602355957
0.2656073272228241
0.2607766091823578
0.2559150755405426
0.2510518729686737
0.24617473781108856
0.24129699170589447
0.2363874763250351
0.23144188523292542
0.22649823129177094
0.22154425084590912
0.21626977622509003
0.21102645993232727
0.20587143301963806
0.20087604224681854
0.19600209593772888
0.1912258416414261
0.18659308552742004
0.18205174803733826
0.17759980261325836
0.1732131689786911
0.16886064410209656
0.16452006995677948
0.16019399464130402
0.15593203902244568
0.15176717936992645
0.1478332132101059
0.14407488703727722
0.1403738409280777
0.13663797080516815
0.13293668627738953
0.131288543343544
0.12949533760547638
0.1263040453195572
0.12353679537773132
0.12114968150854111
0.11900430917739868
0.11713550984859467
