2085.05224609375
2068.007080078125
2038.08349609375
2015.97216796875
2012.1270751953125
2020.50146484375
2037.9036865234375
2042.407958984375
2034.58837890625
2026.691162109375
2022.4638671875
2024.342529296875
2034.03173828125
2051.34130859375
2083.70849609375
2104.35302734375
2124.4267578125
2147.25634765625
2171.93115234375
2194.6171875
2213.92822265625
2235.04296875
2257.03564453125
2281.989013671875
2319.552490234375
2378.951904296875
2454.944580078125
2541.97314453125
2637.632568359375
2741.3486328125
2852.985107421875
2971.712890625
123.1490707397461
124.49336242675781
125.16133880615234
125.58357238769531
125.88813018798828
126.12726593017578
2374.671142578125
2724.198486328125
2931.006591796875
3099.6611328125
3266.493408203125
3442.46240234375
3626.79833984375
3816.04736328125
4008.318359375
4200.6201171875
4390.88818359375
4577.55810546875
4761.0029296875
4942.8701171875
5116.4228515625
5284.080078125
5445.4111328125
5599.01806640625
5746.3466796875
5887.09130859375
6041.958984375
6188.21728515625
6331.3017578125
6473.74560546875
6616.1025390625
6756.59326171875
6901.3095703125
7049.98583984375
7201.0712890625
7335.6181640625
7464.15625
7589.13818359375
7711.31494140625
7815.35888671875
7904.09619140625
7969.23193359375
8010.21142578125
8034.6337890625
8060.00390625
8101.56640625
8107.09521484375
8093.494140625
8169.09814453125
8353.423828125
8364.9794921875
8410.5400390625
8554.60546875
8716.6728515625
8850.2822265625
8874.798828125
8828.4326171875
8429.5703125
8023.5458984375
7650.4931640625
