2076.324951171875
2044.8074951171875
2008.2236328125
1997.40771484375
2054.05029296875
2040.201904296875
2064.8271484375
2083.84130859375
2088.358642578125
2099.343017578125
2100.89453125
2101.930419921875
2116.39794921875
2136.42333984375
2160.96484375
2179.92041015625
2192.010009765625
2201.33203125
2211.435791015625
2222.775390625
2237.22509765625
2255.74072265625
2278.9677734375
2309.19189453125
2354.238525390625
2414.58740234375
2484.04833984375
2559.587890625
2643.20849609375
2738.572509765625
2846.09423828125
2962.957763671875
120.57295227050781
122.94756317138672
123.09393310546875
123.22666931152344
123.34552764892578
123.45638275146484
1937.4739990234375
2742.05810546875
3046.376708984375
3203.223876953125
3338.24609375
3490.681640625
3661.146728515625
3844.576171875
4036.968017578125
4235.98583984375
4441.08544921875
4651.11962890625
4867.12744140625
5093.5009765625
5319.83984375
5542.84375
5767.87451171875
5983.30908203125
6194.54736328125
6443.6416015625
6710.63330078125
6995.3544921875
7255.8388671875
7512.73388671875
7758.99658203125
7998.88916015625
8225.486328125
8439.9072265625
8642.8544921875
8838.6455078125
9013.8291015625
9176.22265625
9313.3330078125
9407.4580078125
9475.4482421875
9533.9287109375
9592.1767578125
9654.3720703125
9716.23046875
9770.4296875
9800.47265625
9802.521484375
9788.67578125
9772.7958984375
9763.2294921875
9762.4453125
9755.349609375
9740.1240234375
9728.6923828125
9726.6865234375
9506.3564453125
9166.2119140625
8878.3310546875
8613.486328125
