18.598304748535156
17.3734130859375
15.355883598327637
13.772540092468262
11.528886795043945
10.5123929977417
9.998527526855469
9.700678825378418
9.50368881225586
9.3843994140625
9.329482078552246
9.295670509338379
9.27087688446045
9.285608291625977
9.347797393798828
9.469747543334961
9.691695213317871
10.018674850463867
10.432923316955566
10.933157920837402
11.513882637023926
12.170150756835938
12.895195007324219
13.683021545410156
14.487886428833008
15.316339492797852
16.2047061920166
17.110633850097656
18.014739990234375
19.05903434753418
20.18912124633789
21.40281867980957
22.707387924194336
5.541614532470703
5.376439094543457
5.687921524047852
6.221437931060791
6.750535011291504
7.329723834991455
34.37004852294922
32.81571960449219
31.69768524169922
31.37749671936035
31.390317916870117
32.05596923828125
33.01515197753906
33.963069915771484
34.834747314453125
35.61096954345703
36.30588912963867
36.9433708190918
37.508296966552734
37.9055290222168
38.107704162597656
38.255348205566406
38.39629364013672
38.43033981323242
38.34843444824219
38.178062438964844
37.92791748046875
37.80622100830078
37.639564514160156
37.45539093017578
37.25539016723633
36.793182373046875
36.323238372802734
35.8452262878418
35.37548828125
34.92112731933594
34.48164367675781
34.06220245361328
33.661865234375
33.47193908691406
33.27860641479492
32.90857696533203
32.678470611572266
32.56691360473633
32.242794036865234
31.950546264648438
31.682361602783203
31.436784744262695
31.213369369506836
31.00918197631836
30.82596778869629
30.660287857055664
30.510555267333984
30.376867294311523
30.25798988342285
30.152679443359375
30.061561584472656
29.98587417602539
29.923606872558594
29.873291015625
29.834503173828125
29.801393508911133
29.74483299255371
29.681896209716797
29.619876861572266
29.56235122680664
29.510446548461914
