0.03710532933473587
0.03872011974453926
0.042679741978645325
0.04668782278895378
0.04959161579608917
0.05084822699427605
0.051168836653232574
0.051315788179636
0.0514233261346817
0.051525719463825226
0.05162733420729637
0.05172846466302872
0.051872652024030685
0.052092794328927994
0.0522858202457428
0.05244457721710205
0.05266241356730461
0.05284450203180313
0.05302012711763382
0.05321476235985756
0.05340805649757385
0.05359900742769241
0.053788118064403534
0.053975824266672134
0.05420469492673874
0.054445523768663406
0.05471818521618843
0.05505715683102608
0.055476292967796326
0.05595877021551132
0.05648961290717125
0.05705185607075691
0.0032060621306300163
0.0030344375409185886
0.0029806417878717184
0.002942438470199704
0.0029113981872797012
0.002887920243665576
0.0533730611205101
0.055630460381507874
0.0568823367357254
0.05790068581700325
0.058852579444646835
0.05980042368173599
0.0607682503759861
0.061767954379320145
0.06280168890953064
0.0638761818408966
0.06496948003768921
0.06608643382787704
0.0671921893954277
0.06829648464918137
0.06939997524023056
0.07050258666276932
0.0716128945350647
0.0727526918053627
0.07390034198760986
0.07503583282232285
0.07620430737733841
0.07736970484256744
0.07852476090192795
0.07962343841791153
0.08055027574300766
0.08148219436407089
0.08242911845445633
0.08340524137020111
0.08440566807985306
0.08544332534074783
0.08655459433794022
0.0876767486333847
0.08879917114973068
0.08983523398637772
0.09076222777366638
0.09169584512710571
0.09264711290597916
0.09354168176651001
0.09439346939325333
0.09519030153751373
0.0959111899137497
0.09656788408756256
0.09721004962921143
0.09801352024078369
0.0990249440073967
0.10009181499481201
0.10134141892194748
0.10254596173763275
0.10380860418081284
0.10512561351060867
0.10651656985282898
0.10768348723649979
0.1083078384399414
0.1086602583527565
