2039.96044921875
2215.635009765625
2489.2734375
2380.173583984375
2352.467041015625
2296.908935546875
2239.595703125
2188.96875
2160.06787109375
2151.9150390625
2152.05029296875
2170.684814453125
2201.39599609375
2240.205322265625
2277.547607421875
2314.267578125
2350.14794921875
2380.857666015625
2409.040771484375
2438.427490234375
2472.12451171875
2509.173095703125
2550.735107421875
2602.66064453125
2669.880126953125
2754.511962890625
2855.774169921875
2971.89990234375
3101.2880859375
3241.76904296875
3391.1376953125
3548.705810546875
108.16050720214844
105.12763214111328
107.11858367919922
107.15191650390625
107.98262786865234
108.64739990234375
2092.22314453125
3446.04052734375
3942.29345703125
4129.84765625
4187.1533203125
4124.14013671875
4115.681640625
4135.75048828125
4170.44287109375
4217.18017578125
4267.40185546875
4317.232421875
4383.9482421875
4435.13134765625
4489.02001953125
4539.56298828125
4585.228515625
4620.93505859375
4661.9560546875
4699.08642578125
4742.5283203125
4769.1982421875
4784.2412109375
4790.74267578125
4787.87744140625
4777.5712890625
4760.2509765625
4734.27880859375
4697.978515625
4650.86181640625
4593.71240234375
4527.3564453125
4452.8701171875
4371.64599609375
4285.06396484375
4194.5927734375
4100.6484375
4003.44677734375
3903.421142578125
3800.775146484375
3695.9228515625
3589.30810546875
3479.736328125
3367.867919921875
3257.189697265625
3148.21044921875
3040.500732421875
2935.725341796875
2833.9228515625
2734.6279296875
2637.341552734375
2542.0966796875
2449.25439453125
2358.955078125
