1500.0
1500.0
1500.0
1500.0
1500.0001220703125
1500.0
1500.0
1500.0
1500.0
1500.0
1500.0
1500.0
1500.0
1500.0
1500.0
1500.0
1500.0
1500.0
1500.0
1500.0
1500.0
1500.0
1500.0
1500.0
1500.0
1500.0
1500.0
1500.0
1500.0
1500.0
1500.0
1500.0
100.0
100.0
100.0
100.0
100.0
100.0
1500.0
1500.0
1500.0
1500.0
1500.0
1500.0
1500.0
1500.0
1500.0
1500.0
1500.0
1500.0
1500.0
1500.0
1491.4405517578125
1421.42724609375
1359.789794921875
1301.8731689453125
1246.3775634765625
1193.155029296875
1141.919921875
1092.6995849609375
1046.3099365234375
1003.0885620117188
962.3679809570312
920.8057861328125
883.309814453125
847.8610229492188
815.3177490234375
785.5126342773438
758.0565185546875
732.6321411132812
709.0825805664062
687.2833862304688
667.084228515625
648.4017333984375
631.1323852539062
615.248046875
600.6004028320312
587.18701171875
574.7861938476562
563.2135620117188
552.25927734375
541.716552734375
531.6502075195312
522.3477172851562
513.6873779296875
506.2584533691406
498.6806335449219
491.0224304199219
482.57965087890625
473.6728820800781
464.4629821777344
454.9908752441406
