1500.0
1500.0
1499.9998779296875
1499.9041748046875
1500.0
1500.0
1500.0
1500.0
1500.0
1500.0
1500.0
1500.0
1500.0
1487.583251953125
1463.96826171875
1439.673095703125
1414.44384765625
1387.814697265625
1358.1199951171875
1327.9871826171875
1299.6842041015625
1274.6644287109375
1249.370361328125
1228.4974365234375
1207.427001953125
1186.39892578125
1164.5333251953125
1137.7176513671875
1109.8641357421875
1082.7650146484375
1054.2423095703125
1024.25830078125
100.0
100.0
100.0
100.0
100.0
100.0
1350.849853515625
1085.5654296875
953.3466796875
884.1107177734375
840.0139770507812
806.2237548828125
773.641357421875
741.2832641601562
713.5247192382812
693.2863159179688
676.0711669921875
659.9712524414062
644.19921875
628.383544921875
612.4217529296875
596.3177490234375
580.254638671875
564.5695190429688
549.2299194335938
534.0883178710938
519.0900268554688
504.2719421386719
489.59564208984375
475.0713195800781
460.7071533203125
446.51971435546875
432.5704650878906
418.9363098144531
405.7345886230469
393.01007080078125
380.7803649902344
369.0135192871094
357.7010498046875
346.83306884765625
336.3184509277344
326.1181640625
316.2453308105469
306.88433837890625
297.7980041503906
289.0963439941406
280.6689758300781
272.5362854003906
264.7029724121094
257.1734313964844
249.96987915039062
243.08853149414062
236.4990692138672
230.1907196044922
224.15066528320312
218.36412048339844
212.84205627441406
207.58526611328125
202.59796142578125
197.8754119873047
