1225.4696044921875
987.3491821289062
772.7428588867188
683.6903686523438
642.4202270507812
609.7849731445312
582.3218383789062
558.3460693359375
536.8607177734375
516.8817138671875
496.8228454589844
477.2299499511719
463.8439636230469
449.63153076171875
432.36090087890625
416.19879150390625
400.0162048339844
383.5714416503906
367.0755920410156
350.35894775390625
334.6971130371094
320.48358154296875
307.8963623046875
297.005126953125
288.6114501953125
283.0556335449219
278.55322265625
273.9834899902344
269.3819274902344
264.7225646972656
260.2424011230469
255.95008850097656
100.0
100.0
100.0
100.0
100.0
100.0
271.2163391113281
265.272216796875
248.88516235351562
238.30337524414062
230.9472198486328
224.92469787597656
219.86447143554688
215.56507873535156
211.51431274414062
207.92477416992188
204.5545196533203
201.2683563232422
197.95480346679688
194.57443237304688
191.1819305419922
187.69253540039062
184.0997772216797
180.22048950195312
176.1847381591797
172.17596435546875
168.0559844970703
163.90347290039062
159.78201293945312
155.68983459472656
151.56655883789062
147.4308624267578
143.27447509765625
139.1868133544922
135.20352172851562
131.2775115966797
127.45256042480469
123.7453842163086
120.13581848144531
116.63346099853516
113.25993347167969
110.0198745727539
106.90560150146484
103.9177474975586
101.0579605102539
98.32032775878906
95.69768524169922
93.19718170166016
90.8054428100586
88.50968170166016
86.31033325195312
84.20555877685547
82.23817443847656
80.34227752685547
78.52249908447266
76.77445220947266
75.0956802368164
73.4929428100586
71.96714782714844
70.50328063964844
