1499.999755859375
1500.0
1500.0
1500.0
1500.0
1500.0042724609375
1500.0
1500.0
1500.0
1499.9998779296875
1499.9998779296875
1499.9996337890625
1500.0
1500.0
1499.9991455078125
1499.9984130859375
1499.999755859375
1499.947265625
1499.999755859375
1500.0
1499.999267578125
1500.0
1500.0
1499.999755859375
1499.999267578125
1499.9993896484375
1500.0
1500.0
1500.0
1499.9979248046875
1500.0
1499.9976806640625
100.00001525878906
100.0
100.0
100.0
100.0
100.0
1500.0
1500.0
1500.0
1500.0
1500.0008544921875
1500.0
1500.0
1500.0
1500.0
1500.0
1500.0
1500.0
1500.0
1500.0
1500.0
1500.0
1500.0
1500.0
1500.0
1500.0
1500.0
1500.0
1500.0
1500.0
1500.0
1492.2701416015625
1451.9395751953125
1419.99951171875
1389.509765625
1358.960205078125
1328.7049560546875
1298.9873046875
1270.36962890625
1242.0528564453125
1213.927490234375
1185.691162109375
1157.3621826171875
1143.5985107421875
1129.1873779296875
1100.47119140625
1072.6112060546875
1045.37255859375
1018.955322265625
993.388671875
968.62939453125
944.8365478515625
921.833251953125
899.3220825195312
877.4334106445312
856.0802001953125
835.23828125
814.6970825195312
794.3142700195312
774.2371826171875
754.7529296875
735.785888671875
