1499.9998779296875
1500.0
1500.0
1500.0
1500.0
1500.0
1500.0
1500.0
1500.0
1500.0
1500.0
1500.0
1500.0
1500.0
1500.0
1500.0
1500.0
1500.0
1500.0
1500.0
1500.0
1500.0
1500.0
1500.0
1500.0
1500.0
1500.0
1500.0
1500.0
1500.0
1500.0
1500.0
100.0
100.0
100.0
100.0
100.0
100.0
1500.0
1500.0
1500.0
1500.0
1500.0
1473.092041015625
1429.0487060546875
1386.2449951171875
1341.80517578125
1295.5302734375
1247.825439453125
1199.2288818359375
1150.11181640625
1100.977783203125
1052.2193603515625
1004.4783325195312
958.2781372070312
914.067626953125
872.3258666992188
832.9619140625
795.8021240234375
760.4356689453125
726.7496337890625
694.6660766601562
664.0033569335938
634.6505737304688
606.4902954101562
579.5449829101562
553.8388671875
529.3253784179688
505.872802734375
483.4474182128906
461.6222229003906
441.21380615234375
421.7611389160156
403.1792907714844
385.3698425292969
368.518310546875
352.5310974121094
337.3665466308594
322.9779052734375
309.31817626953125
296.3333740234375
284.0088195800781
272.27783203125
261.15869140625
250.63589477539062
240.22474670410156
230.3719940185547
221.56405639648438
213.15621948242188
205.1726837158203
197.59886169433594
190.41114807128906
