0.046845681965351105
0.054549384862184525
0.059625376015901566
0.06014445796608925
0.06009884551167488
0.060227375477552414
0.06040673702955246
0.060565244406461716
0.060741525143384933
0.06095840781927109
0.061236120760440826
0.06154631823301315
0.06187168508768082
0.062186382710933685
0.06248374283313751
0.06274200975894928
0.06301723420619965
0.06330370903015137
0.06359661370515823
0.06392540782690048
0.06429114192724228
0.06465744972229004
0.06416023522615433
0.0636889785528183
0.06328951567411423
0.06292691826820374
0.06260093301534653
0.062282953411340714
0.06195150688290596
0.061606671661138535
0.061240337789058685
0.06085542216897011
0.0027545313350856304
0.0025675639044493437
0.002578392857685685
0.0025782242882996798
0.0025699520483613014
0.0025622884277254343
0.057472892105579376
0.06605492532253265
0.06293484568595886
0.06104726344347
0.0598687008023262
0.058972910046577454
0.05821200832724571
0.05751146003603935
0.056830063462257385
0.056146178394556046
0.05543556064367294
0.054490990936756134
0.05355910584330559
0.05261676013469696
0.051663707941770554
0.05069710314273834
0.04973302781581879
0.048758577555418015
0.0477743074297905
0.046797990798950195
0.045745477080345154
0.04468967020511627
0.04363134130835533
0.042584408074617386
0.04162076115608215
0.040711451321840286
0.03978823870420456
0.03885027766227722
0.03792126476764679
0.03701953589916229
0.03613762557506561
0.03526904061436653
0.03439640626311302
0.03353347256779671
0.032678984105587006
0.03183513134717941
0.031003423035144806
0.030179359018802643
0.029366029426455498
0.028578978031873703
0.027814066037535667
0.027066729962825775
0.02633139304816723
0.025618599727749825
0.024940332397818565
0.024297015741467476
0.023682333528995514
0.023091301321983337
0.022522209212183952
0.02197343483567238
0.02144097350537777
0.020916998386383057
0.020402738824486732
0.01990869641304016
