1500.0
1500.0
1499.999755859375
1499.2515869140625
1500.0
1500.0
1500.0
1500.0
1500.0
1500.0
1500.0
1500.0
1500.0
1500.0
1500.0
1500.0
1500.0
1500.0
1500.0
1500.0
1500.0
1500.0
1500.0
1500.0
1500.0
1500.0
1500.0
1500.0
1500.0
1500.0
1500.0
1500.0
100.0
100.0
100.0
100.0
100.0
100.0
1500.0
1500.0
1500.0
1500.0
1500.0
1500.0
1500.0
1500.0
1500.0
1500.0
1500.0
1500.0
1500.0
1500.0
1500.0
1500.0
1472.90234375
1405.7032470703125
1342.586669921875
1285.040283203125
1229.1541748046875
1176.469482421875
1126.244384765625
1077.8948974609375
1031.623046875
987.5623779296875
945.0708618164062
904.1049194335938
865.0121459960938
828.3577270507812
794.0402221679688
761.3221435546875
729.8549194335938
699.424560546875
669.8567504882812
640.9547119140625
613.0070190429688
586.5073852539062
561.5623779296875
538.219482421875
517.0670776367188
497.3453369140625
477.9290771484375
458.4244384765625
439.33367919921875
420.82696533203125
403.1131286621094
386.35711669921875
370.60516357421875
355.8084716796875
342.51025390625
331.216796875
321.01092529296875
311.45428466796875
