2070.130859375
2038.9908447265625
2006.0406494140625
2025.7283935546875
2034.409423828125
2054.844970703125
2097.006103515625
2127.108642578125
2146.39453125
2169.158935546875
2206.09521484375
2249.302001953125
2300.03125
2362.96728515625
2423.96435546875
2486.6171875
2563.041748046875
2661.8828125
2782.704833984375
2922.4228515625
3079.34130859375
3249.952392578125
3431.899658203125
3623.03466796875
3821.57080078125
4024.37548828125
4232.7646484375
4445.60986328125
4662.48388671875
4884.056640625
5110.4716796875
5342.69677734375
245.6462860107422
227.47132873535156
218.80099487304688
213.0567169189453
208.38079833984375
204.508056640625
4598.3759765625
5040.8837890625
5263.31591796875
5462.64794921875
5700.55419921875
5976.0361328125
6287.73779296875
6619.49267578125
6940.095703125
7271.322265625
7614.185546875
7925.994140625
8219.833984375
8473.4423828125
8690.38671875
8871.9189453125
9014.5947265625
9115.9677734375
9184.802734375
8833.759765625
8366.9482421875
7947.869140625
7558.119140625
7184.0
6820.00634765625
6470.6650390625
6133.2646484375
5967.37548828125
5804.13525390625
5486.10546875
5210.361328125
4969.638671875
4752.46337890625
4552.4658203125
4364.125
4183.4189453125
4011.3876953125
3851.99853515625
3706.20166015625
3574.1953125
3455.794189453125
3349.169921875
3253.4140625
3159.542724609375
3067.8916015625
2976.38623046875
2885.677001953125
2797.437744140625
2711.43603515625
2625.35986328125
2537.964599609375
2450.309814453125
2364.160400390625
2282.44287109375
2205.2294921875
