1762.3118896484375
1387.3419189453125
1091.17724609375
943.5126953125
907.7420043945312
871.0315551757812
838.4133911132812
808.728759765625
781.1614990234375
753.68408203125
725.8243408203125
698.2799072265625
671.2611083984375
649.8809814453125
628.2703857421875
609.6775512695312
591.6987915039062
570.8731689453125
547.60546875
523.3402709960938
503.5501708984375
482.1941833496094
460.7041931152344
446.3832092285156
432.3740234375
427.31005859375
421.4085693359375
414.8932800292969
409.00872802734375
403.6171569824219
398.71173095703125
394.9366455078125
121.23307037353516
123.19755554199219
124.40237426757812
125.2249984741211
125.80455017089844
126.21271514892578
348.4659423828125
363.357177734375
389.7633056640625
398.757568359375
410.2369689941406
412.1673278808594
403.6402893066406
398.56158447265625
394.9983825683594
391.40728759765625
387.3160095214844
388.5417175292969
393.8421630859375
402.29345703125
412.6016845703125
425.5835266113281
443.2965393066406
465.57183837890625
490.94342041015625
519.2803344726562
548.4419555664062
576.2525634765625
602.702392578125
628.2322998046875
652.4901733398438
675.4147338867188
697.151611328125
717.5991821289062
729.7213745117188
736.9072875976562
752.7789916992188
767.132568359375
779.4275512695312
789.6301879882812
797.7474365234375
803.8814086914062
808.103759765625
810.5054321289062
811.1694946289062
810.392822265625
808.3783569335938
805.2782592773438
801.2448120117188
796.463623046875
791.0806274414062
785.2369384765625
779.0106201171875
772.6326904296875
765.9505004882812
758.8975219726562
751.4864501953125
743.6381225585938
735.3549194335938
726.7041625976562
717.7379150390625
