1500.0
1499.9998779296875
1500.0
1500.0
1500.0
1500.0
1500.0
1500.0
1500.0
1500.0
1500.0
1499.993408203125
1500.0
1500.0
1500.0
1500.0
1500.0
1500.0
1500.0
1500.0
1500.0
1500.0
1500.0
1500.0
1500.0
1500.0
1500.0
1500.0
1500.0
1500.0
1500.0
1500.0
100.00045776367188
100.0
100.0
100.0
100.0
100.0
1500.0
1500.0
1500.0
1500.0
1500.0
1500.0
1500.0
1500.0
1500.0
1500.0
1500.0
1500.0
1500.0
1500.0
1500.0
1500.0
1500.0
1500.0
1500.0
1449.8724365234375
1395.9964599609375
1344.6507568359375
1295.2369384765625
1247.29931640625
1200.84814453125
1155.9776611328125
1112.66845703125
1070.91015625
1030.99169921875
992.7969360351562
956.275634765625
921.342041015625
887.9573974609375
856.1084594726562
825.3666381835938
795.7905883789062
767.3406372070312
739.987548828125
713.6946411132812
688.3997802734375
664.0330200195312
640.6473388671875
618.60107421875
597.6992797851562
577.7434692382812
558.5098266601562
540.0973510742188
522.4149169921875
505.5062561035156
489.3535461425781
473.9538269042969
459.2948913574219
444.9919738769531
431.62640380859375
