2069.97900390625
2032.490478515625
1988.0657958984375
2107.122802734375
2125.895263671875
2119.15234375
2128.56982421875
2153.612548828125
2163.50634765625
2171.3271484375
2176.553466796875
2184.63720703125
2190.478759765625
2192.34033203125
2191.941650390625
2189.36669921875
2189.824462890625
2193.049072265625
2204.21630859375
2219.35791015625
2231.2490234375
2243.59423828125
2263.732666015625
2301.3876953125
2357.933349609375
2434.395751953125
2526.4091796875
2631.652587890625
2746.26025390625
2873.109375
3010.066162109375
3153.527587890625
117.81291961669922
121.20738220214844
122.70085144042969
123.52005767822266
124.02708435058594
124.38033294677734
2334.577392578125
3034.45361328125
3298.001220703125
3489.92431640625
3666.173583984375
3833.740478515625
3995.35546875
4153.1787109375
4310.01953125
4464.5478515625
4619.0419921875
4780.81591796875
4966.6142578125
5151.3310546875
5331.85009765625
5518.82666015625
5710.9423828125
5897.330078125
6077.00146484375
6281.85400390625
6464.93310546875
6636.69189453125
6795.2236328125
6945.857421875
7075.44189453125
7194.9697265625
7310.47314453125
7401.46484375
7478.16162109375
7547.134765625
7607.16064453125
7648.322265625
7648.37109375
7627.28369140625
7601.58837890625
7591.46435546875
7358.86572265625
7075.4755859375
6843.02197265625
6642.60302734375
6462.31494140625
6295.8994140625
6138.205078125
5985.06494140625
5814.26123046875
5649.455078125
5481.6689453125
5316.8251953125
5157.765625
4993.4853515625
4821.130859375
4642.03662109375
4464.54150390625
4295.572265625
