0.02387731894850731
0.02748764120042324
0.02909925952553749
0.030292345210909843
0.030816413462162018
0.03086811490356922
0.030812853947281837
0.030801335349678993
0.03084886632859707
0.030944829806685448
0.031103793531656265
0.03124268539249897
0.031445421278476715
0.03166802227497101
0.031848806887865067
0.032004475593566895
0.03214346617460251
0.032282717525959015
0.03242022171616554
0.03256445378065109
0.03271909058094025
0.0328805148601532
0.03304225206375122
0.033203236758708954
0.03336482122540474
0.03355070576071739
0.033778343349695206
0.034057099372148514
0.03440675511956215
0.03482696786522865
0.03531089425086975
0.03584980592131615
0.0016251729102805257
0.0014173483941704035
0.001357830362394452
0.0013546535046771169
0.0013507955009117723
0.0013488581171259284
0.030124008655548096
0.03334417566657066
0.03582763671875
0.03743524104356766
0.038469042629003525
0.03924466669559479
0.039973385632038116
0.040740106254816055
0.041306957602500916
0.040903542190790176
0.0405387356877327
0.04018675908446312
0.03983138129115105
0.039467573165893555
0.039096854627132416
0.03871212154626846
0.038205746561288834
0.03768789395689964
0.037165187299251556
0.03663145750761032
0.036086492240428925
0.035529181361198425
0.03500887379050255
0.03448415547609329
0.033948443830013275
0.03340675309300423
0.032856520265340805
0.032300688326358795
0.03174085542559624
0.03117462247610092
0.03060106188058853
0.030025143176317215
0.029443809762597084
0.028857296332716942
0.028263792395591736
0.02766682393848896
0.027068620547652245
0.02647085301578045
0.025877704843878746
0.02528960444033146
0.024705512449145317
0.0241249967366457
0.023549780249595642
0.022990757599473
0.022463807836174965
0.021936433389782906
0.021415263414382935
0.020900223404169083
0.02038993500173092
0.019882680848240852
0.019368302077054977
0.01886512152850628
0.018373340368270874
0.017911341041326523
