0.02430671826004982
0.0266627985984087
0.0300607793033123
0.033283576369285583
0.033934857696294785
0.03415738791227341
0.03447491675615311
0.03467658534646034
0.03484051674604416
0.035016369074583054
0.035164278000593185
0.035329822450876236
0.03553513437509537
0.03576124832034111
0.03600908815860748
0.036266159266233444
0.03650908172130585
0.03675857186317444
0.03702256456017494
0.03733395040035248
0.03770475089550018
0.03813072666525841
0.03861125558614731
0.03914649784564972
0.039734624326229095
0.0403892956674099
0.04110455885529518
0.04187117516994476
0.042680975049734116
0.043528683483600616
0.04440826550126076
0.04531516134738922
0.002445150865241885
0.0022871275432407856
0.0022320325952023268
0.0022152219898998737
0.0022146389819681644
0.0022214846685528755
0.041472211480140686
0.0445723682641983
0.04615892842411995
0.04722995683550835
0.04818940907716751
0.04919997602701187
0.0503135621547699
0.051555972546339035
0.052896399050951004
0.054318539798259735
0.05583272874355316
0.05719563364982605
0.05842255800962448
0.059606462717056274
0.06074683740735054
0.06186046451330185
0.06296397000551224
0.0641089603304863
0.0652260035276413
0.06629277020692825
0.06730751693248749
0.06827443093061447
0.06920405477285385
0.06966613978147507
0.07013870775699615
0.07110292464494705
0.07118624448776245
0.06856641173362732
0.06619443744421005
0.06394464522600174
0.061772771179676056
0.05966207757592201
0.05760173127055168
0.0555964894592762
0.05364726111292839
0.05174556002020836
0.04988337680697441
0.04805218428373337
0.046251676976680756
0.04448171705007553
0.04274225980043411
0.04111118242144585
0.03972184285521507
0.038459308445453644
0.037275366485118866
0.03615650534629822
0.035090018063783646
0.03407374024391174
0.03310225531458855
0.03216737508773804
0.03126777336001396
0.030402833595871925
0.029563510790467262
0.028755584731698036
0.02798490598797798
