1500.0
1499.9998779296875
1500.0
1500.0
1500.0
1500.0
1500.0
1500.0
1500.0
1500.0
1500.0
1500.0
1500.0
1500.0
1500.0
1500.0
1500.0
1500.0
1500.0
1500.0
1500.0
1500.0
1500.0
1500.0
1500.0
1500.0
1500.0
1500.0
1500.0
1500.0
1500.0
1500.0
100.0
100.0
100.0
100.0
100.0
100.0
1500.0
1500.0
1500.0
1500.0
1500.0
1500.0
1500.0
1500.0
1500.0
1500.0
1500.0
1500.0
1500.0
1500.0
1500.0
1500.0
1500.0
1500.0
1500.0
1500.0
1500.0
1500.0
1500.0
1500.0
1500.0
1500.0
1500.0
1500.0
1500.0
1500.0
1499.9998779296875
1500.0
1500.0
1449.0880126953125
1388.4857177734375
1331.5733642578125
1277.3883056640625
1225.596435546875
1175.9307861328125
1128.191162109375
1082.4217529296875
1038.6121826171875
996.96826171875
957.4716186523438
920.0030517578125
885.0796508789062
852.4961547851562
821.9893188476562
793.392333984375
766.5299682617188
741.292724609375
717.5084228515625
695.06396484375
673.7828369140625
653.712890625
634.7838134765625
