1500.0
1500.0
1500.0
1500.0
1500.0
1500.0
1500.0
1500.0
1500.0
1500.0
1500.0
1500.0
1500.0
1500.0
1500.0
1500.0
1500.0
1500.0
1500.0
1500.0
1500.0
1500.0
1500.0
1500.0
1500.0
1500.0
1500.0
1500.0
1500.0
1500.0
1500.0
1500.0
100.0
100.0
100.0
100.0
100.0
100.0
1500.0
1500.0
1500.0
1500.0
1500.0
1500.0
1500.0
1500.0
1500.0
1500.0
1500.0
1500.0
1500.0
1500.0
1500.0
1498.051513671875
1438.6446533203125
1378.549072265625
1322.510009765625
1267.4573974609375
1213.8533935546875
1161.664306640625
1111.869140625
1060.085693359375
1005.2754516601562
954.4370727539062
904.6944580078125
849.2199096679688
789.7117309570312
728.8934936523438
669.1334838867188
609.693603515625
553.9324951171875
501.6876525878906
450.51556396484375
407.0538635253906
353.6400451660156
315.306640625
293.4305725097656
275.3123779296875
261.2265625
248.3002471923828
233.82736206054688
219.0529327392578
203.5388641357422
191.21099853515625
180.1174774169922
169.78558349609375
161.3118896484375
154.33128356933594
148.4400177001953
143.5236053466797
139.7893524169922
136.9580841064453
