1500.0
1500.0
1500.0
1500.0
1500.0
1500.0
1499.9998779296875
1500.0
1500.0
1500.0
1500.0
1500.0
1500.0
1500.0
1499.99072265625
1499.9747314453125
1500.0
1500.0
1500.0
1500.0
1500.0
1500.0
1500.0
1500.0
1500.0
1500.0
1500.0
1500.0
1500.0
1500.0
1500.0
1500.0
99.97787475585938
100.0
100.0
100.0
100.0
100.0
1500.0
1500.0
1500.0
1500.0
1500.0
1500.0
1500.0
1500.0
1500.0
1500.0
1500.0
1500.0
1500.0
1500.0
1500.0
1500.0
1500.0
1500.0
1500.0
1500.0
1500.0
1500.0
1485.6278076171875
1418.6204833984375
1356.681640625
1297.7076416015625
1241.222900390625
1186.9725341796875
1134.8546142578125
1084.82568359375
1036.875244140625
990.8819580078125
946.95703125
904.8909301757812
864.511962890625
825.9728393554688
788.8294677734375
753.86865234375
720.6350708007812
689.0458984375
658.9479370117188
630.2838134765625
602.739990234375
576.1869506835938
551.6138305664062
528.2431030273438
505.88873291015625
484.5036926269531
464.4825439453125
445.4372863769531
427.4194030761719
410.2578430175781
393.9425964355469
378.4369201660156
