1499.999755859375
1500.0
1500.0057373046875
1499.9998779296875
1500.0003662109375
1500.0
1500.0
1500.0
1500.0
1500.0
1500.0
1500.0
1500.0
1500.0
1500.0
1500.0
1500.0
1500.0
1500.0
1499.998291015625
1500.0
1500.0
1500.0
1500.0
1500.0
1500.0
1500.0
1500.0
1500.0
1500.0
1500.0
1500.0
100.0
100.0
100.0
100.0
99.99999237060547
100.0
1494.9310302734375
1500.0
1500.0
1500.0
1500.0
1500.0
1481.7325439453125
1448.4388427734375
1422.603759765625
1398.260009765625
1373.5
1346.9449462890625
1318.6900634765625
1290.5712890625
1261.76708984375
1231.83447265625
1201.1046142578125
1169.9393310546875
1138.2349853515625
1106.395263671875
1074.6951904296875
1043.19775390625
1012.0180053710938
981.03466796875
950.3408203125
919.93994140625
889.7996215820312
859.9473266601562
830.4390258789062
801.4102172851562
772.969482421875
745.1763916015625
718.0599975585938
691.6668701171875
666.0086669921875
641.135009765625
617.1007690429688
593.9376831054688
571.6995849609375
550.3624267578125
529.8404541015625
510.0902404785156
491.0188903808594
472.5852966308594
454.78607177734375
437.66107177734375
421.1393737792969
405.0852966308594
389.7797546386719
375.1164855957031
361.02471923828125
347.3399963378906
333.6238098144531
321.4566955566406
