1494.7086181640625
1226.6654052734375
1090.960693359375
1028.1270751953125
1005.5719604492188
993.8489990234375
984.5724487304688
974.635009765625
963.1118774414062
951.8151245117188
941.5599975585938
931.650634765625
921.4036254882812
911.2945556640625
901.080810546875
891.1094360351562
881.3296508789062
871.6261596679688
861.82568359375
851.2925415039062
839.8934326171875
827.4990234375
813.7555541992188
798.5062866210938
781.7947998046875
763.7395629882812
744.66943359375
725.625
706.98828125
688.5465087890625
670.2728271484375
652.333251953125
100.0
100.0
100.0
100.0
100.0
100.0
633.303955078125
592.66455078125
567.4401245117188
550.489501953125
535.522216796875
520.2574462890625
504.9925537109375
489.73590087890625
474.4329528808594
459.0948791503906
444.7073669433594
430.4368896484375
415.76568603515625
400.8974609375
386.232421875
371.91009521484375
357.8706359863281
344.0166320800781
330.3855895996094
316.9877014160156
303.8951110839844
291.15704345703125
278.8138427734375
266.913818359375
255.47291564941406
244.55667114257812
234.25836181640625
224.17466735839844
214.5684356689453
205.38497924804688
196.56915283203125
188.11419677734375
179.9828643798828
171.9180450439453
164.38442993164062
157.1948699951172
150.3385467529297
143.8106231689453
137.61297607421875
131.7423858642578
126.16560363769531
120.85171508789062
115.78512573242188
110.94963836669922
106.32559204101562
101.89400482177734
97.67411041259766
93.47503662109375
89.35335540771484
85.64413452148438
82.13338470458984
78.80902862548828
75.66425323486328
72.67806243896484
