1499.9998779296875
1499.9998779296875
1500.0
1500.0
1500.0
1499.9998779296875
1500.0
1500.0
1500.0
1500.0
1500.0
1500.0
1500.0
1500.0
1500.0
1500.0
1500.0
1500.0
1500.0
1500.0
1500.0
1500.0
1500.0
1500.0
1500.0
1500.0
1500.0
1500.0
1500.0
1500.0
1500.0
1500.0
100.0
100.0
100.0
100.0
100.0
100.0
1500.0
1500.0
1500.0
1500.0
1500.0
1500.0
1500.0
1500.0
1500.0
1500.0
1500.0
1500.0
1500.0
1500.0
1500.0
1500.0
1500.0
1500.0
1500.0
1500.0
1500.0
1500.0
1500.0
1500.0
1500.0
1499.9998779296875
1463.3785400390625
1405.4317626953125
1350.365478515625
1296.97998046875
1244.8795166015625
1194.211669921875
1145.2752685546875
1098.373291015625
1053.47802734375
1009.3336791992188
967.16259765625
926.9681396484375
888.423095703125
851.2626342773438
815.8033447265625
781.808349609375
748.8720703125
716.2178344726562
687.0907592773438
662.3159790039062
640.0706787109375
619.3847045898438
600.4410400390625
582.9296264648438
566.3323364257812
550.5433349609375
535.8562622070312
522.32666015625
