1499.998779296875
1499.999755859375
1500.001220703125
1500.00537109375
1500.0
1500.0
1500.0
1500.0
1499.9998779296875
1500.0
1500.0
1500.0
1500.0
1500.0
1500.0
1500.0
1499.999755859375
1500.0
1500.0
1500.0
1500.0
1500.0
1500.0
1500.0
1500.0
1500.0
1500.0
1500.0
1500.0
1500.0
1500.0
1500.0
99.99925231933594
100.0
100.0
100.0
100.0
100.0
1500.0
1500.0
1500.0
1500.0
1500.0
1500.0
1500.0
1500.0
1500.0
1500.0
1500.0
1500.0
1500.0
1500.0
1500.0
1500.0
1500.0
1500.0
1500.0
1500.0
1500.0
1500.0
1446.4476318359375
1380.6640625
1319.913818359375
1260.8704833984375
1203.070556640625
1146.0682373046875
1089.771240234375
1036.6202392578125
987.3694458007812
938.0505981445312
890.1036376953125
845.7010498046875
806.6641235351562
774.3836669921875
746.419677734375
721.0468139648438
697.4373168945312
674.1406860351562
650.0659790039062
625.6690063476562
601.4536743164062
577.1875
553.6953735351562
531.2321166992188
509.8719177246094
489.0997314453125
468.33819580078125
447.6793518066406
427.8617248535156
410.966064453125
396.4723815917969
383.29864501953125
