1499.9835205078125
1500.0
1500.0
1500.0001220703125
1500.0
1500.0
1500.0
1500.0
1500.0
1500.0
1500.0
1500.0
1500.0
1500.0
1500.0
1499.994873046875
1500.0
1500.0
1500.0
1500.0
1500.0
1500.0
1500.0
1500.0
1500.0
1500.0
1500.0
1500.0
1499.9998779296875
1500.0
1500.0
1500.0
100.00004577636719
100.0
100.0
100.0
100.0
100.0
1500.0
1499.3846435546875
1500.0
1500.0
1500.0
1456.1351318359375
1359.175537109375
1264.3907470703125
1175.5797119140625
1091.833251953125
1024.8572998046875
978.3819580078125
943.6644897460938
912.6897583007812
884.5767211914062
857.4627075195312
830.667236328125
805.804931640625
784.986083984375
765.5155639648438
745.6884155273438
725.708984375
705.91455078125
686.5537109375
667.3801879882812
648.48388671875
629.8292236328125
611.4484252929688
593.6716918945312
576.5062255859375
559.75146484375
543.3984985351562
527.6768798828125
512.4163818359375
497.4493408203125
482.7330627441406
468.28656005859375
454.1346435546875
440.31719970703125
426.8612976074219
413.7964782714844
401.2073669433594
389.2314147949219
377.8543395996094
366.7408142089844
355.8310852050781
345.19830322265625
334.9442138671875
325.03155517578125
315.4458312988281
306.1703796386719
297.22735595703125
288.6307678222656
280.40191650390625
