1499.999755859375
1500.0
1500.0
1500.0003662109375
1500.0
1500.00244140625
1500.0
1500.0
1499.9998779296875
1500.0
1499.9998779296875
1500.0
1500.0
1499.9998779296875
1500.0
1499.9993896484375
1500.0
1499.9996337890625
1499.999267578125
1499.999267578125
1499.9998779296875
1499.9996337890625
1500.0
1500.0
1499.99951171875
1500.0
1499.9996337890625
1500.0
1499.9998779296875
1499.9998779296875
1500.0
1500.0
99.93933868408203
100.0
100.0
100.0
100.0
100.0
1500.0
1500.0
1500.0
1500.0
1500.0
1500.0
1500.0
1500.0
1500.0
1500.0
1500.0
1500.0
1500.0
1500.0
1493.56787109375
1450.3094482421875
1412.2908935546875
1375.633056640625
1339.450927734375
1304.4013671875
1270.2418212890625
1235.5802001953125
1200.098388671875
1164.2022705078125
1128.5538330078125
1093.7933349609375
1060.2918701171875
1028.161865234375
997.4976196289062
968.1743774414062
939.9697265625
912.5875854492188
886.0870361328125
860.2294921875
835.0690307617188
810.5004272460938
786.5120849609375
763.1812744140625
740.5372924804688
718.7404174804688
697.79345703125
677.6909790039062
658.4912109375
640.0440673828125
622.3191528320312
605.2882690429688
588.9506225585938
573.4035034179688
558.4593505859375
544.171142578125
530.4213256835938
517.2017211914062
504.5123291015625
492.3614196777344
