1499.999755859375
1500.0
1500.0
1500.0
1500.0
1500.0
1500.0
1500.0
1499.9998779296875
1500.0
1499.999755859375
1499.9998779296875
1499.999755859375
1499.999755859375
1499.999755859375
1499.9996337890625
1499.99951171875
1499.9993896484375
1499.999267578125
1499.99951171875
1499.999755859375
1499.9993896484375
1499.998779296875
1500.0
1499.9990234375
1499.998046875
1500.0
1499.9918212890625
1499.9901123046875
1500.0
1500.0
1500.0
99.88298797607422
100.0
100.0
100.0
100.0
100.0
1500.0
1500.0
1500.0
1500.0
1500.0
1500.0
1500.0
1500.0
1500.0
1500.0
1500.0
1500.0
1500.0
1500.0
1476.022705078125
1435.0145263671875
1397.33056640625
1360.52880859375
1324.483642578125
1289.5247802734375
1254.9493408203125
1219.614013671875
1183.548583984375
1147.3145751953125
1111.666015625
1077.131103515625
1043.9949951171875
1012.3041381835938
982.04443359375
953.064208984375
925.0121459960938
897.7147216796875
871.295654296875
845.5975341796875
820.5105590820312
796.1221313476562
772.2509765625
749.1051025390625
726.7246704101562
705.2530517578125
684.5941772460938
664.8698120117188
645.983154296875
627.841552734375
610.4149169921875
593.6948852539062
577.7598876953125
562.4810791015625
547.8624267578125
533.8396606445312
520.3751831054688
507.4359130859375
495.060791015625
483.2041320800781
