1499.9986572265625
1500.0
1499.9998779296875
1500.0
1500.0
1500.0
1500.0
1500.0
1500.0
1500.0
1500.0
1500.0
1500.0
1500.0
1500.0
1500.0
1500.0
1500.0
1500.0
1500.0
1500.0
1489.6312255859375
1477.0426025390625
1463.68212890625
1448.5384521484375
1431.18994140625
1411.9776611328125
1391.040771484375
1368.1544189453125
1343.48681640625
1317.4888916015625
1290.4202880859375
99.99976348876953
100.0
100.0
100.0
100.0
100.0
1499.9998779296875
1411.784912109375
1289.499267578125
1225.6251220703125
1181.6822509765625
1144.805419921875
1110.66357421875
1077.4520263671875
1044.5997314453125
1011.9400024414062
979.52880859375
947.8142700195312
916.0467529296875
884.5582885742188
853.3745727539062
822.508544921875
792.2053833007812
762.3084716796875
732.3771362304688
703.2649536132812
675.0333251953125
646.6085205078125
620.2990112304688
596.182861328125
573.7911376953125
552.3026123046875
532.1878051757812
513.1364135742188
495.1281433105469
477.63116455078125
460.6217956542969
444.3206787109375
428.9764099121094
414.6395568847656
401.0240783691406
387.5054931640625
374.0516052246094
360.3293762207031
346.068603515625
331.1391906738281
316.02490234375
303.0290832519531
292.1095886230469
282.4734191894531
273.5287170410156
264.70281982421875
254.09861755371094
243.16546630859375
232.32066345214844
222.3946990966797
213.49781799316406
205.47845458984375
198.12252807617188
191.45458984375
