1500.0
1500.0
1500.0
1500.0
1500.0
1500.0
1500.0
1500.0
1500.0
1500.0
1500.0
1500.0
1500.0
1500.0
1500.0
1500.0
1500.0
1500.0
1500.0
1500.0
1500.0
1500.0
1500.0
1500.0
1500.0
1500.0
1500.0
1500.0
1500.0
1500.0
1500.0
1500.0
100.0
100.0
100.0
100.0
100.0
100.0
1500.0
1500.0
1500.0
1500.0
1500.0
1500.0
1500.0
1500.0
1477.3646240234375
1433.20556640625
1391.318603515625
1349.1943359375
1306.5028076171875
1263.312255859375
1219.6708984375
1175.7608642578125
1131.654052734375
1087.6199951171875
1043.8341064453125
1000.538818359375
958.1881713867188
917.238525390625
878.3181762695312
841.3425903320312
806.0091552734375
772.1626586914062
739.6404418945312
708.3352661132812
678.188232421875
649.1876831054688
621.3040161132812
594.4614868164062
568.6549072265625
543.9483642578125
520.2944946289062
497.6320495605469
475.90509033203125
455.0984802246094
435.12152099609375
415.9638366699219
397.60650634765625
380.0804443359375
363.23516845703125
347.066650390625
332.00238037109375
317.6213684082031
303.8799133300781
290.8522033691406
277.9968566894531
265.5361328125
254.46119689941406
243.89349365234375
233.83499145507812
224.29965209960938
