1499.999755859375
1499.6080322265625
1500.0
1500.0
1500.0
1500.0
1500.0
1500.0
1500.0
1500.0
1500.0
1500.0
1500.0
1500.0
1500.0
1500.0
1500.0
1500.0
1500.0
1500.0
1500.0
1500.0
1500.0
1500.0
1500.0
1500.0
1500.0
1500.0
1500.0
1500.0
1500.0
1500.0
100.0
100.0
100.0
100.0
100.0
100.0
1500.0
1500.0
1500.0
1500.0
1500.0
1500.0
1500.0
1500.0
1473.1517333984375
1440.622314453125
1407.4862060546875
1373.21728515625
1338.13916015625
1302.0966796875
1265.7779541015625
1230.4676513671875
1196.56787109375
1163.0672607421875
1129.386474609375
1095.3306884765625
1061.901123046875
1029.9840087890625
998.5213623046875
966.7066650390625
935.379150390625
904.6985473632812
874.4821166992188
845.0346069335938
816.4911499023438
788.8170776367188
761.7210693359375
735.13720703125
709.3042602539062
684.20458984375
659.832763671875
636.2184448242188
613.40478515625
591.4860229492188
570.4575805664062
550.2117919921875
530.6655883789062
511.6594543457031
492.2449035644531
474.3096008300781
457.11785888671875
440.5530700683594
424.3546142578125
408.7813415527344
393.6003112792969
378.9651794433594
365.1733093261719
351.99676513671875
339.6709899902344
328.3017578125
