1500.0
1500.0
1500.0
1500.0
1500.0
1500.0
1500.0
1500.0
1500.0
1500.0
1500.0
1500.0
1500.0
1500.0
1500.0
1500.0
1500.0
1500.0
1500.0
1500.0
1500.0
1500.0
1500.0
1500.0
1500.0
1500.0
1500.0
1500.0
1500.0
1500.0
1500.0
1500.0
100.0
100.0
100.0
100.0
100.0
100.0
1500.0
1500.0
1500.0
1500.0
1500.0
1500.0
1500.0
1500.0
1500.0
1500.0
1500.0
1500.0
1500.0
1500.0
1500.0
1500.0
1500.0
1500.0
1500.0
1500.0
1500.0
1500.0
1500.0
1500.0
1500.0
1500.0
1500.0
1500.0
1496.0321044921875
1445.0194091796875
1395.69140625
1346.6383056640625
1297.9534912109375
1250.0172119140625
1203.2196044921875
1157.7891845703125
1113.5836181640625
1070.5726318359375
1028.830322265625
988.418701171875
949.3472290039062
911.5888671875
875.1535034179688
839.95947265625
806.104736328125
773.5619506835938
742.2825317382812
712.227294921875
683.3763427734375
655.2244873046875
628.4867553710938
603.0458984375
578.4602661132812
553.293701171875
