1475.8612060546875
1205.59521484375
1113.5572509765625
1066.8382568359375
1035.03662109375
1011.726318359375
994.2935791015625
981.7694702148438
971.0284423828125
959.6350708007812
948.562255859375
938.4332275390625
929.0631103515625
920.0589599609375
910.8508911132812
901.215576171875
891.467041015625
881.4249267578125
870.9187622070312
859.9324951171875
849.3160400390625
838.8314208984375
827.667236328125
815.1492919921875
801.1994018554688
785.9332885742188
769.5260620117188
752.2083129882812
734.2747802734375
717.2889404296875
700.6284790039062
684.035400390625
100.0
100.0
100.00049591064453
100.0
100.0
100.0
673.02001953125
661.8299560546875
645.7870483398438
623.0452880859375
605.0957641601562
589.194091796875
573.901123046875
558.6214599609375
543.1500854492188
527.4692993164062
511.5904235839844
495.4990234375
479.4140319824219
463.7030944824219
448.39178466796875
432.9050598144531
417.5377197265625
402.4272155761719
387.6159973144531
373.09295654296875
358.8111572265625
344.7709655761719
331.035400390625
317.61328125
304.5247802734375
291.77728271484375
279.4209899902344
267.5523681640625
256.2115173339844
245.47549438476562
235.3682403564453
225.69119262695312
216.42454528808594
207.4730682373047
198.73995971679688
190.49964904785156
182.6331787109375
175.10679626464844
167.92149353027344
161.07276916503906
154.5605010986328
148.3388214111328
142.41473388671875
136.8082275390625
131.48040771484375
128.05592346191406
126.37781524658203
121.53404998779297
116.79228973388672
112.26734161376953
107.70328521728516
103.40973663330078
99.48667907714844
95.75275421142578
92.20030212402344
88.80744934082031
