1500.0
1500.0
1500.0
1500.0
1499.9837646484375
1500.0059814453125
1500.0
1500.0
1500.0
1500.0
1500.0
1500.0
1500.0
1477.5272216796875
1450.379150390625
1430.092041015625
1412.677978515625
1395.0003662109375
1376.507568359375
1360.0438232421875
1343.8564453125
1327.2890625
1310.9400634765625
1294.0902099609375
1275.071533203125
1254.45947265625
1234.0347900390625
1214.072021484375
1193.86767578125
1174.0008544921875
1154.344970703125
1133.3192138671875
99.9999771118164
100.0
100.0
100.0
100.0
100.0
1443.4329833984375
1169.9757080078125
1072.4683837890625
1033.7723388671875
1005.4164428710938
978.6944580078125
952.0145874023438
924.6238403320312
895.2056884765625
862.934326171875
826.7063598632812
792.2160034179688
758.4437866210938
725.72314453125
698.98779296875
680.767822265625
665.099609375
650.2879638671875
635.9805908203125
622.0592041015625
608.3464965820312
594.7499389648438
581.1992797851562
567.6641845703125
554.1482543945312
540.6304931640625
527.220947265625
514.071044921875
501.10552978515625
488.283935546875
475.5984802246094
463.0482482910156
450.6229553222656
438.3361511230469
426.2424621582031
414.397705078125
402.8524475097656
391.6589050292969
380.83380126953125
370.3644714355469
360.26544189453125
350.5303649902344
341.1153259277344
331.9980773925781
323.1317443847656
314.4477844238281
305.9622802734375
297.7591247558594
289.98602294921875
282.3926086425781
274.96954345703125
267.726318359375
260.6883239746094
253.8910675048828
