1500.0
1500.0
1500.000732421875
1500.0
1500.0
1500.000244140625
1500.0
1500.0
1500.0
1500.0
1500.0
1500.0
1500.0
1500.0
1500.0
1500.0
1500.0
1500.0
1500.0
1500.0
1500.0
1500.0
1500.0
1500.0
1500.0
1500.0
1500.0
1500.0
1500.0
1500.0
1500.0
1500.0
100.0
100.0
100.0
100.0
100.0
100.0
1500.0
1500.0
1500.0
1500.0
1500.0
1500.0
1500.0
1500.0
1500.0
1500.0
1500.0
1500.0
1500.0
1500.0
1500.0
1500.0
1500.0
1500.0
1500.0
1500.0
1500.0
1500.0
1500.0
1500.0
1500.0
1500.0
1500.0
1500.0
1500.0
1500.0
1500.0
1500.0
1489.3585205078125
1429.31884765625
1373.73046875
1324.1041259765625
1274.941162109375
1225.041748046875
1175.88818359375
1127.8040771484375
1081.6224365234375
1037.5557861328125
995.8228149414062
958.80810546875
924.2610473632812
889.2976684570312
857.251708984375
826.8914794921875
797.1137084960938
766.0222778320312
732.5252075195312
699.095947265625
667.1390991210938
636.3141479492188
