1499.9998779296875
1500.0
1499.9998779296875
1500.0
1500.0
1500.0
1500.0
1500.0
1500.0
1500.0
1500.0
1500.0
1500.0
1500.0
1500.0
1500.0
1500.0
1500.0
1500.0
1500.0
1500.0
1500.0
1500.0
1500.0
1500.0
1500.0
1500.0
1500.0
1500.0
1500.0
1500.0
1500.0
99.99652099609375
100.0
100.0
100.0
100.0
100.0
1500.0
1500.0
1500.0
1500.0
1500.0
1500.0
1500.0
1500.0
1500.0
1500.0
1500.0
1500.0
1500.0
1500.0
1500.0
1500.0
1500.0
1470.16796875
1428.5784912109375
1388.2742919921875
1347.8740234375
1307.099365234375
1266.0408935546875
1224.8221435546875
1183.6756591796875
1142.776123046875
1102.2047119140625
1062.129150390625
1022.7374877929688
984.3196411132812
947.058349609375
911.0025634765625
876.209716796875
843.0609130859375
811.4766845703125
781.1407470703125
752.0155639648438
723.950927734375
696.8685302734375
670.6686401367188
645.331787109375
620.8568115234375
597.2389526367188
574.44775390625
552.4364624023438
531.26513671875
510.92669677734375
491.3768005371094
472.5311279296875
454.2406921386719
436.5797424316406
419.55914306640625
403.1306457519531
387.0935974121094
