0.006547838449478149
0.0070003727450966835
0.007654974237084389
0.008280069567263126
0.008767647668719292
0.009209412150084972
0.009527948684990406
0.009708479046821594
0.00986838061362505
0.009947744198143482
0.009987994097173214
0.01004795078188181
0.010122133418917656
0.010189607739448547
0.010238846763968468
0.010277352295815945
0.010324510745704174
0.010371974669396877
0.010417836718261242
0.010466265492141247
0.010522731579840183
0.01058809831738472
0.010654724203050137
0.010721390135586262
0.010791422799229622
0.010869563557207584
0.010953117161989212
0.011046374216675758
0.011154638603329659
0.011279238387942314
0.011418674141168594
0.011571821756660938
0.0007032152498140931
0.0006056404672563076
0.0005820736405439675
0.000573444296605885
0.000570655451156199
0.0005702399648725986
0.010894561186432838
0.011780595406889915
0.012108488008379936
0.012266040779650211
0.012405694462358952
0.012572676874697208
0.012776161544024944
0.012983041815459728
0.013206014409661293
0.013439042493700981
0.013689089566469193
0.0139528913423419
0.014231094159185886
0.01452388521283865
0.014833442866802216
0.015157537534832954
0.015497035346925259
0.015851058065891266
0.016222048550844193
0.016612380743026733
0.017029952257871628
0.017464404925704002
0.01785299926996231
0.01824577897787094
0.018646525219082832
0.019018229097127914
0.019355077296495438
0.01968999393284321
0.020020538941025734
0.020349925383925438
0.02068321220576763
0.021021556109189987
0.021367520093917847
0.021719912067055702
0.022077620029449463
0.022440629079937935
0.02281074784696102
0.02318897470831871
0.023573964834213257
0.02396462671458721
0.024360038340091705
0.024753374978899956
0.02514701709151268
0.025538122281432152
0.02593066915869713
0.026322979480028152
0.026715369895100594
0.02710930071771145
0.027506526559591293
0.02790478803217411
0.02830313891172409
0.02870088443160057
0.0290993545204401
0.02949647605419159
