0.006704393774271011
0.0073787453584373
0.00844986829906702
0.00918375700712204
0.009428010322153568
0.009644187986850739
0.009834401309490204
0.009918082505464554
0.009966895915567875
0.010039354674518108
0.010120660066604614
0.010186332277953625
0.010247611440718174
0.010308328084647655
0.010363969020545483
0.010416427627205849
0.010471666231751442
0.010533840395510197
0.010604562237858772
0.01068168319761753
0.010761778801679611
0.010847102850675583
0.010947388596832752
0.01106274500489235
0.01119665801525116
0.011353109031915665
0.01153137069195509
0.011730083264410496
0.011949177831411362
0.012187759391963482
0.012442667968571186
0.012709992937743664
0.0007465944509021938
0.0006873092497698963
0.0006837794790044427
0.0006870480719953775
0.0006966961664147675
0.0007130081648938358
0.012708095833659172
0.013123278506100178
0.013314476236701012
0.013488647527992725
0.01363229937851429
0.013802693225443363
0.01401034090667963
0.014251547865569592
0.014524041675031185
0.014818819239735603
0.015133161097764969
0.015462713316082954
0.015806380659341812
0.01616368629038334
0.016535285860300064
0.016923632472753525
0.01733359880745411
0.01777367852628231
0.01816503144800663
0.018562793731689453
0.018967291340231895
0.01936369761824608
0.019738394767045975
0.020111946389079094
0.020496344193816185
0.020884953439235687
0.021280620247125626
0.02168385684490204
0.02209380641579628
0.022509664297103882
0.02293214574456215
0.023359127342700958
0.023786606267094612
0.02420698292553425
0.02462082728743553
0.025027306750416756
0.025427231565117836
0.025820620357990265
0.026209738105535507
0.026595918461680412
0.026979882270097733
0.027361193671822548
0.027738159522414207
0.028108857572078705
0.028472166508436203
0.028835393488407135
0.029200170189142227
0.029564904049038887
0.029928456991910934
0.03028889000415802
0.03064294531941414
0.03099766932427883
0.031356580555438995
0.031713709235191345
0.03206834942102432
