0.021536296233534813
0.023317275568842888
0.026821140199899673
0.029731497168540955
0.03043457493185997
0.03085401840507984
0.031178079545497894
0.03133009001612663
0.031399015337228775
0.03143908828496933
0.0314740352332592
0.031530726701021194
0.03160269558429718
0.03168968856334686
0.03180454671382904
0.03191303461790085
0.032015662640333176
0.03209849074482918
0.03216917812824249
0.032245390117168427
0.03232736140489578
0.032409779727458954
0.03249537572264671
0.03259415552020073
0.032699357718229294
0.03280067816376686
0.032898809760808945
0.03299938142299652
0.03311440721154213
0.033240899443626404
0.033399999141693115
0.033606451004743576
0.0022144399117678404
0.0018030119827017188
0.001674723345786333
0.0016031652921810746
0.0015486759366467595
0.0015230255667120218
0.027989009395241737
0.03131602331995964
0.03312274068593979
0.03422918915748596
0.03493380919098854
0.03545340523123741
0.03591988608241081
0.03638458997011185
0.03687918186187744
0.03741539269685745
0.0379895344376564
0.0385916568338871
0.03921721503138542
0.03986208140850067
0.040527164936065674
0.041217632591724396
0.04193351790308952
0.04267166182398796
0.043426647782325745
0.04420138895511627
0.04499014467000961
0.045799657702445984
0.046633586287498474
0.04751405864953995
0.048280827701091766
0.049012526869773865
0.04976020008325577
0.05051634833216667
0.051278479397296906
0.052047938108444214
0.052824512124061584
0.05361142009496689
0.05441480875015259
0.055241070687770844
0.05609724298119545
0.05698182061314583
0.05791039764881134
0.05730699375271797
0.05629623308777809
0.05534723401069641
0.054399289190769196
0.05345679447054863
0.05252232402563095
0.05159037932753563
0.05066288262605667
0.04974961280822754
0.048856254667043686
0.0479779876768589
0.047108642756938934
0.04624688997864723
0.045388415455818176
0.04453403130173683
0.04368918389081955
0.042856987565755844
