0.04865949600934982
0.05344691127538681
0.05842076614499092
0.060424190014600754
0.06121181696653366
0.061939869076013565
0.06265726685523987
0.06329511106014252
0.06388014554977417
0.06429153680801392
0.06460027396678925
0.06488536298274994
0.06523946672677994
0.06511720269918442
0.06439806520938873
0.06375853717327118
0.06317489594221115
0.06261799484491348
0.062079641968011856
0.06156157702207565
0.0610814243555069
0.06061451509594917
0.06015016511082649
0.05971850827336311
0.059302717447280884
0.05888465791940689
0.05845608934760094
0.05801450088620186
0.057557933032512665
0.057075973600149155
0.05656687542796135
0.056028589606285095
0.0032127259764820337
0.0030604295898228884
0.00289618456736207
0.0029104885179549456
0.002988999243825674
0.0030615334399044514
0.06434226781129837
0.06327953934669495
0.06071370840072632
0.05801984295248985
0.056221362203359604
0.05475819855928421
0.053480613976716995
0.0522509403526783
0.050941865891218185
0.04967232048511505
0.04841428995132446
0.0471666045486927
0.04593006521463394
0.04470408707857132
0.04345293343067169
0.04215722531080246
0.04091076925396919
0.03972633183002472
0.03856900706887245
0.03743567317724228
0.0364060252904892
0.0354372039437294
0.03447099030017853
0.03350285068154335
0.03257463499903679
0.032176703214645386
0.03169193118810654
0.03085128776729107
0.030038610100746155
0.02925005927681923
0.02849128656089306
0.02776048332452774
0.027054080739617348
0.026368210092186928
0.025702031329274178
0.025053130462765694
0.024418318644165993
0.02380221337080002
0.023202355951070786
0.02261931262910366
0.022050881758332253
0.021489998325705528
0.020930074155330658
0.020381594076752663
0.01984892413020134
0.019334863871335983
0.018840672448277473
0.01835796609520912
0.017889296635985374
0.017436591908335686
0.017002953216433525
0.0165884867310524
0.016189439222216606
0.01580335572361946
0.015427674166858196
0.015062163583934307
