0.03877991437911987
0.04185149446129799
0.04858611896634102
0.0522916242480278
0.0531025230884552
0.05359664559364319
0.053979311138391495
0.054182019084692
0.054471977055072784
0.05465257912874222
0.05479586869478226
0.055008385330438614
0.05524254962801933
0.055436309427022934
0.05560319125652313
0.05574112758040428
0.05585048347711563
0.05594566836953163
0.05604568496346474
0.05616717040538788
0.05630166456103325
0.056447289884090424
0.056612417101860046
0.056820500642061234
0.05706720054149628
0.05736830085515976
0.05772131681442261
0.05811787396669388
0.058567699044942856
0.05908868461847305
0.05967256799340248
0.06032533198595047
0.0032254455145448446
0.0030578142032027245
0.002941231243312359
0.0027968932408839464
0.0027242775540798903
0.002687203697860241
0.0026606512255966663
0.05395180359482765
0.056290026754140854
0.05782269313931465
0.06026596575975418
0.061838749796152115
0.06303654611110687
0.06413006037473679
0.06521245837211609
0.06630802899599075
0.06742365658283234
0.06856227666139603
0.06972115486860275
0.070902019739151
0.07208496332168579
0.07329224795103073
0.07451573014259338
0.0757518783211708
0.07698532938957214
0.07820677757263184
0.07940790057182312
0.08041262626647949
0.08139760792255402
0.08240373432636261
0.08340803533792496
0.08440139144659042
0.08538274466991425
0.08631958812475204
0.08722951263189316
0.08814065903425217
0.08910276740789413
0.09011183679103851
0.0910128802061081
0.09176664799451828
0.09246622771024704
0.09314224123954773
0.09378015995025635
0.09437689930200577
0.09498417377471924
0.09563114494085312
0.09630513191223145
0.09693671762943268
0.09753388911485672
0.09812401980161667
0.09879032522439957
0.10001543909311295
0.10121233761310577
0.10239970684051514
0.10353604704141617
0.10459352284669876
0.10553194582462311
0.10446704179048538
0.10226145386695862
0.10022417455911636
0.09822707623243332
0.0962420329451561
