0.009021427482366562
0.009948187507689
0.011166362091898918
0.01221969723701477
0.012741845101118088
0.01316136121749878
0.014059597626328468
0.014442681334912777
0.014857596717774868
0.015013855881989002
0.015052569098770618
0.015060734935104847
0.015083590522408485
0.015129993669688702
0.015212861821055412
0.015322932973504066
0.015458034351468086
0.015605091117322445
0.0157471913844347
0.01589292287826538
0.016042867675423622
0.016216864809393883
0.016482843086123466
0.016874510794878006
0.01738271862268448
0.01799767278134823
0.018684137612581253
0.019449865445494652
0.02012956514954567
0.020775945857167244
0.021251259371638298
0.01913590542972088
0.01941375993192196
0.019476743414998055
0.019467290490865707
0.01932433806359768
0.01914164423942566
0.018938612192869186
0.018725400790572166
0.018508942797780037
0.0013433725107461214
0.0013181931572034955
0.0010689680930227041
0.0009926503989845514
0.0009904481703415513
0.0009907063795253634
0.019080685451626778
0.021685851737856865
0.023266831412911415
0.020752055570483208
0.019314786419272423
0.01815384067595005
0.01757228560745716
0.017245115712285042
0.016999606043100357
0.01677640713751316
0.016561051830649376
0.016353588551282883
0.016146020963788033
0.015939882025122643
0.015736350789666176
0.015535568818449974
0.015338498167693615
0.01514800637960434
0.014954433776438236
0.014763657934963703
0.014671108685433865
0.01457858458161354
0.014393859542906284
0.01421190332621336
0.01402981486171484
0.013847819529473782
0.013757946901023388
0.013668108731508255
0.013487572781741619
0.013308954425156116
0.013207832351326942
0.013131918385624886
0.013043350540101528
0.012955130077898502
0.012779423967003822
0.012692878022789955
0.012606102041900158
0.012435529381036758
0.012269163504242897
0.012105565518140793
0.011944147758185863
0.01178485993295908
0.01162752602249384
0.01147225871682167
0.011319347657263279
0.011168887838721275
0.011022091843187809
0.010878821834921837
0.010738812386989594
0.010602179914712906
0.010469033382833004
0.01033933088183403
0.010213098488748074
0.010090222582221031
0.009970679879188538
0.009854426607489586
0.009741390123963356
0.009631593711674213
0.009524970315396786
0.009422261267900467
0.009322820231318474
