4.115694046020508
5.209000110626221
5.979852199554443
5.659533977508545
5.7309980392456055
5.807781219482422
6.320211887359619
7.081938743591309
7.69984245300293
8.449472427368164
8.970938682556152
9.457060813903809
10.011034965515137
10.705009460449219
11.51628589630127
12.52601432800293
13.650047302246094
14.906795501708984
16.38399887084961
18.033273696899414
19.782779693603516
21.50478172302246
23.26544761657715
25.152467727661133
27.090187072753906
29.807186126708984
32.973140716552734
36.432289123535156
39.75796127319336
42.794593811035156
45.5992317199707
48.13883590698242
50.337013244628906
52.063140869140625
10.580742835998535
10.709440231323242
10.72642707824707
10.636515617370605
10.742621421813965
11.019026756286621
11.44946002960205
61.822959899902344
65.33770751953125
66.99810028076172
68.31889343261719
69.85395812988281
71.09166717529297
71.39789581298828
71.41297912597656
71.24212646484375
70.66918182373047
69.96417236328125
69.25397491455078
68.56712341308594
67.94010925292969
67.6484375
67.37952423095703
67.0326919555664
66.71739959716797
66.48245239257812
66.33036041259766
66.25019073486328
66.24427795410156
66.29837799072266
66.39529418945312
66.5029067993164
66.6081314086914
66.71480560302734
66.8270034790039
66.94376373291016
67.05511474609375
67.17383575439453
67.28185272216797
67.38641357421875
67.48522186279297
67.5714340209961
67.66523742675781
67.76080322265625
67.82978057861328
67.83771514892578
67.80946350097656
67.76545715332031
67.73137664794922
67.71507263183594
67.71435546875
67.73522186279297
67.7769775390625
67.83721923828125
67.91578674316406
68.00806427001953
68.10350036621094
68.19922637939453
68.29251098632812
68.37725830078125
68.45162963867188
68.51587677001953
68.56790161132812
68.61129760742188
68.64458465576172
