0.038876477628946304
0.04342639818787575
0.04851154983043671
0.05057255178689957
0.05207394063472748
0.0523543581366539
0.05276479199528694
0.05324310436844826
0.05363769456744194
0.054085515439510345
0.05472739413380623
0.05538664013147354
0.055946607142686844
0.05641326680779457
0.05689287930727005
0.057524386793375015
0.05855708569288254
0.05984899774193764
0.061307862401008606
0.06287234276533127
0.06450697779655457
0.06617411226034164
0.0678722932934761
0.06961190700531006
0.07143215835094452
0.07336673140525818
0.07556043565273285
0.07771005481481552
0.07983788102865219
0.08212019503116608
0.08466033637523651
0.08753716945648193
0.0907692164182663
0.09401681274175644
0.0048243459314107895
0.004653762560337782
0.004611256532371044
0.004610627889633179
0.0046160039491951466
0.004618892911821604
0.004610779695212841
0.08847474306821823
0.09168210625648499
0.09300302714109421
0.09379580616950989
0.09484120458364487
0.09640856832265854
0.09811331331729889
0.09890793263912201
0.10018865019083023
0.10269249975681305
0.10593036562204361
0.10934749245643616
0.1094113439321518
0.10410140454769135
0.10157354921102524
0.09931013733148575
0.09559730440378189
0.09204641729593277
0.08852511644363403
0.0851275622844696
0.08192837983369827
0.07887393236160278
0.07590138912200928
0.07301854342222214
0.07022862881422043
0.06751690059900284
0.06478680670261383
0.06202737241983414
0.05947212874889374
0.05743129178881645
0.05553024634718895
0.053655751049518585
0.051831215620040894
0.05005344748497009
0.04833173379302025
0.0466693677008152
0.045110899955034256
0.04515772685408592
0.04683398827910423
0.0629955604672432
0.08834658563137054
0.11815070360898972
0.15477801859378815
0.2278721183538437
0.33493876457214355
4.73681116104126
10.740915298461914
12.189544677734375
13.318100929260254
14.279658317565918
15.125239372253418
15.839035987854004
16.411977767944336
16.887908935546875
17.315452575683594
17.697425842285156
18.02273178100586
18.324949264526367
