4.012866020202637
4.997939586639404
7.044229030609131
7.949140548706055
7.1316914558410645
6.828116416931152
6.924738883972168
7.259535789489746
7.74450159072876
8.337810516357422
8.95666217803955
9.274818420410156
9.402515411376953
9.437838554382324
9.355855941772461
9.325960159301758
9.368701934814453
9.48116397857666
9.655996322631836
9.861481666564941
10.09102725982666
10.32761001586914
10.564568519592285
10.791168212890625
11.024053573608398
11.268233299255371
11.532299995422363
11.81800365447998
12.126594543457031
12.450629234313965
12.789517402648926
13.148420333862305
0.3185189664363861
0.301999032497406
0.3079400360584259
0.3220461308956146
0.33740100264549255
0.3532612919807434
0.36919134855270386
15.444198608398438
16.267597198486328
16.76478385925293
17.429420471191406
18.099287033081055
18.834606170654297
19.650161743164062
20.509824752807617
21.397598266601562
22.30617332458496
23.237728118896484
24.192790985107422
25.15869140625
26.130037307739258
27.113405227661133
28.099151611328125
29.10146141052246
30.078330993652344
31.01482391357422
31.91375732421875
32.7671012878418
33.56008529663086
34.30079650878906
34.98739242553711
35.68117141723633
36.33732986450195
36.93135070800781
37.49347686767578
38.029178619384766
38.53766632080078
39.0146369934082
39.45396041870117
39.85808563232422
40.224090576171875
40.553531646728516
40.84260940551758
41.0798454284668
41.268821716308594
41.41722106933594
41.53169631958008
41.6327018737793
41.715919494628906
41.7862663269043
41.849788665771484
41.9078369140625
41.963844299316406
42.01781463623047
42.070556640625
42.12563705444336
42.18644714355469
42.25666427612305
42.33297348022461
42.41640853881836
42.50831604003906
