-0.0
-0.0
-0.0
-0.0
-0.0
-0.0
-0.0
-0.0
-0.0
-0.0
-0.0
-0.0
-0.0
-0.0
-0.0
-0.0
-0.0
-0.0
-0.0
-0.0
-0.0
-0.0
-0.0
-0.0
-0.0
-0.0
-0.0
-0.0
-0.0
-0.0
-0.0
-0.0
-0.0
-0.0
-0.0
-0.0
-0.0
-0.0
-0.0
-0.0
-0.0
-0.0
-0.0
-0.0
-0.0
-0.0
-0.0
-0.0
-0.0
-0.0
-0.0
-0.0
-0.0
-0.0
-0.0
-0.0
-0.0
-0.0
-0.0
-0.0
-0.0
-0.0
-0.0
-0.0
-0.0
-0.0
-0.0
-0.0
-0.0
-0.0
-0.0
-0.0
-0.0
-0.0
-0.0
1.8795840617258364e-07
3.8593915974161064e-07
5.609151685348479e-07
7.15341286650073e-07
8.514535352333041e-07
9.708268180474988e-07
1.0750347883003997e-06
1.1665857755360776e-06
1.2468652812458458e-06
1.3170027841624687e-06
1.377993612550199e-06
1.4307289575299365e-06
1.4759883697479381e-06
1.514537188995746e-06
1.5471919141418766e-06
1.5743526091682725e-06
1.5965159718689392e-06
1.6141882497322513e-06
1.6278212342513143e-06
1.6379029830204672e-06
1.644813664825051e-06
1.6489137806274812e-06
1.6504797031302587e-06
1.6497148180860677e-06
1.6468583226014744e-06
