-0.0
-0.0
-0.0
-0.0
-0.0
-0.0
-0.0
-0.0
-0.0
-0.0
-0.0
-0.0
-0.0
-0.0
-0.0
-0.0
-0.0
-0.0
-0.0
-0.0
-0.0
-0.0
-0.0
-0.0
-0.0
-0.0
-0.0
-0.0
-0.0
-0.0
-0.0
-0.0
-0.0
-0.0
-0.0
-0.0
-0.0
-0.0
-0.0
-0.0
-0.0
-0.0
-0.0
-0.0
-0.0
-0.0
-0.0
-0.0
-0.0
-0.0
-0.0
-0.0
-0.0
-0.0
-0.0
-0.0
-0.0
-0.0
-0.0
-0.0
-0.0
-0.0
-0.0
-0.0
-0.0
-0.0
-0.0
-0.0
-0.0
-0.0
-0.0
-0.0
-0.0
-0.0
-0.0
-0.0
-0.0
-0.0
-0.0
-0.0
-0.0
2.1373651293288276e-08
4.672646127801272e-07
8.659063723825966e-07
1.2229899084559293e-06
1.5426822983499733e-06
1.8285312535226694e-06
2.0834518181800377e-06
2.3100826638255967e-06
2.5110925889748614e-06
2.689054781512823e-06
2.846260031219572e-06
2.984549382745172e-06
3.105816176685039e-06
3.2115431167767383e-06
3.303411176602822e-06
3.3827886909421068e-06
3.4507618238421855e-06
3.5083562579529826e-06
3.5565942653192906e-06
