0.023609662428498268
0.02584894560277462
0.03000633791089058
0.03231886774301529
0.03288072347640991
0.033404093235731125
0.03361748903989792
0.033816881477832794
0.03402196988463402
0.03417322039604187
0.034321561455726624
0.034523505717515945
0.03475167602300644
0.03496678173542023
0.03516262769699097
0.03534683957695961
0.035526495426893234
0.035703372210264206
0.03588498756289482
0.03607570007443428
0.03627612069249153
0.03649812936782837
0.0367441363632679
0.03701930120587349
0.03733858838677406
0.037700191140174866
0.038102056831121445
0.038546789437532425
0.03904004767537117
0.03958699852228165
0.04018373787403107
0.04082077741622925
0.00190723966807127
0.0016212714836001396
0.0016064519295468926
0.001602189615368843
0.001599106821231544
0.0015970702515915036
0.03349002078175545
0.03814037889242172
0.04076949134469032
0.04239298030734062
0.043508004397153854
0.0443735271692276
0.04514814540743828
0.04591985046863556
0.04674419388175011
0.0476432666182518
0.04861512407660484
0.04966585710644722
0.050796229392290115
0.05201249569654465
0.05334068462252617
0.05472720041871071
0.055812280625104904
0.056867972016334534
0.057939883321523666
0.05895964428782463
0.06000455096364021
0.06109083071351051
0.06215621531009674
0.0631815567612648
0.06417181342840195
0.06513890624046326
0.06609194725751877
0.06703676283359528
0.06543926149606705
0.06381233036518097
0.06231224909424782
0.060878053307533264
0.05948309600353241
0.058114469051361084
0.056761905550956726
0.055417947471141815
0.05408195033669472
0.05276373401284218
0.05146551504731178
0.050191398710012436
0.04894464462995529
0.04772200062870979
0.04651525989174843
0.04532027989625931
0.044131409376859665
0.04295413941144943
0.0417914055287838
0.04064444079995155
0.039514198899269104
0.0384070910513401
0.03733055293560028
0.036290641874074936
0.0352758914232254
0.03428126126527786
