0.11313434690237045
0.12286613136529922
0.139473557472229
0.14827226102352142
0.15001429617404938
0.15069732069969177
0.15132419764995575
0.15173999965190887
0.15216641128063202
0.15261006355285645
0.15300393104553223
0.1533624529838562
0.15380093455314636
0.1543939858675003
0.15489248931407928
0.15540526807308197
0.15584631264209747
0.15621450543403625
0.15653757750988007
0.1569007933139801
0.15732592344284058
0.15774740278720856
0.1582018882036209
0.1586647480726242
0.15911996364593506
0.15956155955791473
0.16002680361270905
0.16052134335041046
0.16112953424453735
0.16186082363128662
0.16268178820610046
0.16362853348255157
0.008160265162587166
0.008118806406855583
0.007889583706855774
0.007764867972582579
0.0077214231714606285
0.007696495391428471
0.148464635014534
0.15664935111999512
0.1624108999967575
0.16631831228733063
0.16916029155254364
0.17153598368167877
0.17385800182819366
0.17619866132736206
0.17865735292434692
0.18135473132133484
0.1842973530292511
0.18748953938484192
0.19091378152370453
0.19456565380096436
0.1984575092792511
0.2025703340768814
0.2083415538072586
0.2151806652545929
0.22214727103710175
0.22918325662612915
0.23626433312892914
0.24334554374217987
0.2505384683609009
0.2578986883163452
0.2657663822174072
0.2720843553543091
0.26828935742378235
0.26445937156677246
0.2607199251651764
0.2568857967853546
0.252976655960083
0.2490287870168686
0.2450464963912964
0.24100588262081146
0.2369132936000824
0.23278240859508514
0.22863280773162842
0.22446022927761078
0.22029168903827667
0.2161511480808258
0.2120928019285202
0.2078993171453476
0.20372477173805237
0.1995771825313568
0.1954377293586731
0.19134995341300964
0.18729792535305023
0.1832665354013443
0.17928588390350342
0.17540526390075684
0.17162969708442688
0.1679496169090271
0.16435492038726807
0.16082875430583954
