10.578410148620605
10.294255256652832
7.716432094573975
7.0153021812438965
6.883094310760498
6.846510887145996
6.728211879730225
6.547996997833252
6.380683898925781
6.256081581115723
6.124309062957764
6.050204753875732
6.024010181427002
6.035233497619629
6.0731635093688965
6.1297831535339355
6.190856456756592
6.248170375823975
6.302767276763916
6.3526153564453125
6.3996405601501465
6.4301981925964355
6.4528045654296875
6.477402687072754
6.508920192718506
6.550828456878662
6.604893684387207
6.671026229858398
6.7218756675720215
6.770971775054932
6.833585262298584
6.911442279815674
0.4126380383968353
0.4023081660270691
0.4116615355014801
0.42449823021888733
0.4340023994445801
0.44036638736724854
7.186232566833496
7.775048732757568
7.906536102294922
7.964527606964111
8.051337242126465
8.176278114318848
8.338671684265137
8.535362243652344
8.762288093566895
9.023564338684082
9.326725959777832
9.664645195007324
10.039436340332031
10.4572172164917
10.91140079498291
11.37764835357666
11.863849639892578
12.364054679870605
12.929134368896484
13.566482543945312
14.252276420593262
15.014533996582031
15.881047248840332
16.748600006103516
17.584964752197266
18.424091339111328
19.27490234375
20.139591217041016
21.000885009765625
21.84152603149414
22.668338775634766
23.49052619934082
24.332988739013672
25.20377540588379
26.104154586791992
26.974895477294922
27.808713912963867
28.620080947875977
29.4072208404541
30.17149543762207
30.90872573852539
31.60902976989746
32.292076110839844
32.96584701538086
33.598609924316406
34.19971466064453
34.7744255065918
35.32576370239258
35.85181427001953
36.35157775878906
36.83161926269531
37.2935676574707
37.74266815185547
38.164894104003906
