0.037084538489580154
0.03848368674516678
0.04223041981458664
0.046100106090307236
0.04854169487953186
0.049741294234991074
0.05080505087971687
0.05131146311759949
0.0515107735991478
0.05159825086593628
0.05166497826576233
0.05173197388648987
0.051800232380628586
0.05187571421265602
0.05200522765517235
0.05221227556467056
0.052465375512838364
0.05267341807484627
0.052827153354883194
0.052960511296987534
0.05308898538351059
0.053234465420246124
0.053383197635412216
0.05353662371635437
0.05369134992361069
0.053848836570978165
0.05400495231151581
0.05418134853243828
0.054402921348810196
0.05467580631375313
0.055020492523908615
0.05543788895010948
0.0031296599190682173
0.0029207521583884954
0.0028430731035768986
0.002796018263325095
0.0027625439688563347
0.002737696748226881
0.05121145397424698
0.053775086998939514
0.05520864948630333
0.05622018501162529
0.05706828832626343
0.05785420909523964
0.05862117558717728
0.059395063668489456
0.06018392741680145
0.060990314930677414
0.06181927025318146
0.06267830729484558
0.0635700672864914
0.06450556963682175
0.06547068059444427
0.0664813220500946
0.0675172433257103
0.0685741975903511
0.06965920329093933
0.07078070193529129
0.07191701978445053
0.07305993139743805
0.07420160621404648
0.07533274590969086
0.07646287977695465
0.07763084769248962
0.07885342091321945
0.08007581532001495
0.08109143376350403
0.08206040412187576
0.08303068578243256
0.08400695770978928
0.08497023582458496
0.08591947704553604
0.08690150827169418
0.0879015102982521
0.08880028873682022
0.08965028822422028
0.09050446003675461
0.09138800203800201
0.09229041635990143
0.09316107630729675
0.09397219866514206
0.09473100304603577
0.09540034085512161
0.09602093696594238
0.09661226719617844
0.09719644486904144
0.09780492633581161
0.09869494289159775
0.0997394397854805
0.10085028409957886
0.1019258052110672
0.10289831459522247
