18.44424057006836
16.725971221923828
13.488872528076172
11.30880069732666
10.45934772491455
10.12358570098877
10.007506370544434
10.017948150634766
10.13713550567627
10.417078018188477
10.890490531921387
11.574006080627441
12.489151954650879
13.590295791625977
14.844980239868164
16.285152435302734
17.894289016723633
19.5429744720459
21.144014358520508
22.632898330688477
24.142393112182617
25.766895294189453
27.68625831604004
29.641164779663086
31.52611541748047
33.43423843383789
35.330265045166016
37.158843994140625
38.90019226074219
40.56443786621094
42.163230895996094
43.694236755371094
16.197912216186523
16.082889556884766
17.0300350189209
18.64581871032715
19.6705265045166
20.325611114501953
20.806602478027344
54.72756576538086
51.739131927490234
49.721370697021484
50.19950866699219
52.28939437866211
54.415340423583984
56.26605987548828
57.82997512817383
59.11677551269531
60.08911895751953
60.828914642333984
61.379459381103516
61.770389556884766
62.06333541870117
62.24890899658203
62.27349090576172
62.0798454284668
61.68748474121094
61.13908767700195
60.47212600708008
59.74494552612305
58.99624252319336
58.23265075683594
57.819129943847656
57.48997497558594
56.68613815307617
55.92534255981445
55.187355041503906
54.49321746826172
53.85446548461914
53.274559020996094
52.751468658447266
52.28085708618164
51.8634147644043
51.48773193359375
51.14520263671875
50.83498001098633
50.558799743652344
50.312278747558594
50.09701919555664
49.914119720458984
49.75607681274414
49.62274169921875
49.51365280151367
49.4239387512207
49.35222625732422
49.3056640625
49.27735137939453
49.264007568359375
49.26295471191406
49.27465057373047
49.2917594909668
49.313880920410156
49.3372802734375
49.35762405395508
49.370506286621094
