0.04112910479307175
0.04482315480709076
0.050255462527275085
0.05479554086923599
0.05590987578034401
0.05618848279118538
0.05633679777383804
0.056534457951784134
0.0567655973136425
0.056994713842868805
0.05720607936382294
0.05742247402667999
0.05763348564505577
0.05777816101908684
0.05788214132189751
0.057976219803094864
0.05807614326477051
0.05817282572388649
0.0582672655582428
0.058359138667583466
0.058445174247026443
0.05853462591767311
0.058626312762498856
0.05871666222810745
0.058832358568906784
0.05897190049290657
0.059123359620571136
0.05928651615977287
0.05944974347949028
0.059605032205581665
0.05977455526590347
0.059983767569065094
0.002901756204664707
0.002809664001688361
0.002802530536428094
0.0027989610098302364
0.0027860004920512438
0.0027749089058488607
0.04935677722096443
0.05615362897515297
0.058561455458402634
0.06002744659781456
0.06117654964327812
0.06214313581585884
0.0629875585436821
0.06376490741968155
0.06451274454593658
0.06526489555835724
0.06603620946407318
0.06683474779129028
0.0676751434803009
0.06857701390981674
0.06954356282949448
0.07055975496768951
0.0716085359454155
0.07268277555704117
0.07378575205802917
0.07492087781429291
0.07608597725629807
0.07729192078113556
0.0785350427031517
0.07979714870452881
0.08109652251005173
0.0824296846985817
0.08376788347959518
0.08510157465934753
0.08646635711193085
0.08788980543613434
0.08939608186483383
0.09095711261034012
0.09238301217556
0.09354111552238464
0.09463054686784744
0.0957425981760025
0.09693437069654465
0.09818557649850845
0.09960659593343735
0.10128742456436157
0.10381226241588593
0.10584545880556107
0.10772338509559631
0.10952091962099075
0.11126913130283356
0.11305280774831772
0.11403309553861618
0.114870086312294
0.11660169810056686
0.11831463128328323
0.12003150582313538
0.12175612151622772
0.12341896444559097
0.12504889070987701
0.12667642533779144
