1500.0
1500.0
1500.0
1500.0
1500.0
1500.0
1500.0
1500.0
1500.0
1499.9998779296875
1500.0
1500.0
1500.0
1500.0
1478.7137451171875
1442.157470703125
1413.90869140625
1391.9822998046875
1371.871337890625
1351.115478515625
1329.5904541015625
1307.7030029296875
1284.491943359375
1259.6424560546875
1233.407958984375
1206.792724609375
1180.4688720703125
1153.6949462890625
1126.3326416015625
1098.579345703125
1071.759765625
1042.600830078125
99.99970245361328
100.0
100.0
100.0
100.0
100.0
1327.8170166015625
1046.6875
941.45263671875
892.3348388671875
857.4917602539062
824.2708740234375
790.276611328125
756.4685668945312
725.8511352539062
705.8056640625
685.7501831054688
667.491455078125
650.2346801757812
633.4212646484375
617.0729370117188
600.8604736328125
584.8017578125
569.0076904296875
553.4051513671875
537.9898071289062
522.8128662109375
507.8853759765625
493.1272888183594
478.47259521484375
463.9783020019531
449.8619384765625
436.15277099609375
422.8347473144531
409.9399108886719
397.44818115234375
385.3479309082031
373.6534423828125
362.411376953125
351.62493896484375
341.29705810546875
331.4064636230469
321.95867919921875
313.0676574707031
304.47857666015625
296.1046142578125
287.9248962402344
279.95147705078125
272.1496276855469
264.5334777832031
257.1397705078125
249.98446655273438
243.07777404785156
236.41700744628906
230.00047302246094
223.8431854248047
217.93934631347656
212.28848266601562
206.88943481445312
201.7280731201172
