1499.999755859375
1500.0
1500.0
1500.0
1500.0
1500.0
1500.0
1500.0
1500.0
1500.0
1500.0
1500.0
1500.0
1500.0
1500.0
1500.0
1500.0
1499.9998779296875
1499.9998779296875
1500.0
1500.0
1500.0
1500.0
1500.0
1500.0
1500.0
1500.0
1500.0
1500.0
1500.0
1500.0
1500.0
100.0
100.0
100.0
100.0
100.0
100.0
1500.0
1500.0
1500.0
1500.0
1500.0
1500.0
1500.0
1500.0
1500.0
1500.0
1500.0
1500.0
1500.0
1500.0
1500.0
1500.0
1500.0
1500.0
1500.0
1500.0
1500.0
1500.0
1479.4930419921875
1410.7650146484375
1348.76953125
1289.4844970703125
1232.5572509765625
1204.92724609375
1178.56884765625
1128.5450439453125
1077.8084716796875
1025.8909912109375
976.1340942382812
937.0126953125
905.864990234375
879.229736328125
855.320068359375
830.1728515625
803.7857055664062
777.484130859375
751.2293701171875
725.572509765625
700.84619140625
679.2958374023438
662.4066772460938
647.2987670898438
632.6976928710938
618.9674072265625
606.12744140625
594.4468383789062
582.77783203125
572.7379760742188
563.2915649414062
553.7383422851562
543.9297485351562
534.0565185546875
