1499.999755859375
1499.9998779296875
1500.0
1500.0
1500.0
1500.0
1500.0
1500.0
1500.0
1500.0
1500.0
1500.0
1500.0
1500.0
1500.0
1500.0
1500.0
1500.0
1500.0
1500.0
1500.0
1500.0
1500.0
1500.0
1500.0
1500.0
1500.0
1500.0
1500.0
1500.0
1500.0
1500.0
99.99956512451172
100.0
100.0
100.0
100.0
100.0
1500.0
1500.0
1500.0
1500.0
1500.0
1500.0
1500.0
1500.0
1500.0
1500.0
1500.0
1500.0
1500.0
1500.0
1500.0
1500.0
1500.0
1500.0
1500.0
1500.0
1500.0
1500.0
1467.7254638671875
1404.5384521484375
1345.0277099609375
1287.4683837890625
1233.15234375
1181.709716796875
1132.074951171875
1083.5396728515625
1037.1546630859375
994.1749877929688
957.5955200195312
923.41259765625
889.3775634765625
855.699951171875
823.8197021484375
792.352783203125
762.6288452148438
738.22216796875
714.6951293945312
689.554443359375
663.1884765625
637.5814819335938
619.5218505859375
606.1554565429688
592.3758544921875
576.95166015625
560.8880615234375
545.7268676757812
535.6234130859375
516.3637084960938
491.2459411621094
458.2458190917969
445.332275390625
