1500.0
1500.0
1500.0008544921875
1500.0
1500.0
1500.0
1500.0
1500.0
1500.0
1500.0
1500.0
1500.0
1500.0
1500.0
1500.0
1500.0
1500.0
1500.0
1500.0
1500.0
1500.0
1500.0
1500.0
1500.0
1500.0
1500.0
1500.0
1500.0
1500.0
1500.0
1500.0
1500.0
100.0
100.0
100.0
100.0
100.0
100.0
1490.4993896484375
1500.0
1500.0
1500.0
1500.0
1500.0
1500.0
1500.0
1500.0
1500.0
1500.0
1500.0
1500.0
1500.0
1500.0
1500.0
1451.555419921875
1396.0035400390625
1340.5281982421875
1287.374755859375
1235.1507568359375
1183.9068603515625
1133.5057373046875
1085.5196533203125
1036.415283203125
991.4837646484375
948.9054565429688
906.7044067382812
863.6456298828125
823.7343139648438
803.31787109375
782.2604370117188
739.0220947265625
695.356201171875
654.6846923828125
615.9319458007812
577.5122680664062
540.2338256835938
505.3641357421875
473.2804260253906
446.4421691894531
421.0443115234375
395.4698486328125
369.8298645019531
349.3855895996094
326.8089599609375
300.8223571777344
272.009765625
251.73062133789062
237.4394989013672
221.66091918945312
207.2630157470703
195.53857421875
185.51913452148438
176.4499969482422
