1500.0
1500.0
1500.0
1500.0
1500.0
1500.0
1500.021484375
1500.0
1500.0
1500.0
1500.0
1493.396240234375
1449.53662109375
1397.0877685546875
1339.13037109375
1283.7647705078125
1239.937744140625
1206.016845703125
1174.8109130859375
1141.0491943359375
1102.711181640625
1061.3427734375
1021.147216796875
981.64697265625
942.437744140625
902.1583862304688
864.0703735351562
824.2716674804688
785.2034301757812
747.713623046875
712.1781616210938
683.814208984375
663.034423828125
642.6826782226562
100.0
100.0
99.9999771118164
100.0
100.0
100.0
712.185302734375
632.7926025390625
591.4290771484375
569.9407348632812
552.3467407226562
536.025146484375
520.1038208007812
504.2635803222656
488.2757873535156
472.2008056640625
456.2204284667969
440.525146484375
425.17724609375
410.21661376953125
395.7200622558594
381.6656494140625
368.1592102050781
355.282958984375
342.9066162109375
331.09417724609375
319.9058837890625
309.3803405761719
299.512451171875
290.29400634765625
281.6732177734375
273.5810852050781
265.96002197265625
258.7773132324219
251.98709106445312
245.5664825439453
239.49444580078125
233.7481231689453
228.27041625976562
223.0491485595703
218.0636749267578
213.2967529296875
208.73004150390625
204.3486785888672
200.1444549560547
196.1134796142578
192.26339721679688
188.6231689453125
185.22032165527344
181.9837646484375
178.90447998046875
175.94192504882812
173.10488891601562
170.38330078125
167.7645721435547
165.24362182617188
162.8172607421875
160.48243713378906
158.23623657226562
156.07603454589844
