1500.0
1499.9998779296875
1500.0
1498.9525146484375
1500.0
1500.0
1500.0
1500.0
1500.0
1500.0
1500.0
1500.0
1500.0
1500.0
1500.0
1500.0
1500.0
1500.0
1500.0
1500.0
1500.0
1500.0
1500.0
1500.0
1500.0
1500.0
1500.0
1500.0
1500.0
1500.0
1500.0
1500.0
100.0
100.0
100.0
100.0
100.0
100.0
1500.0
1500.0
1500.0
1500.0
1500.0
1500.0
1500.0
1500.0
1500.0
1500.0
1500.0
1500.0
1500.0
1500.0
1461.86865234375
1384.7884521484375
1314.662109375
1248.1092529296875
1186.5577392578125
1129.462646484375
1076.0943603515625
1026.1722412109375
979.0842895507812
934.5648193359375
891.9757690429688
851.1013793945312
812.9514770507812
776.7018432617188
742.40380859375
709.953125
679.1339111328125
649.6135864257812
621.6797485351562
595.4674072265625
570.6958618164062
547.00537109375
524.3298950195312
502.5320129394531
481.9986877441406
462.84521484375
444.62109375
427.1307373046875
410.1435241699219
393.91021728515625
378.46820068359375
370.9753723144531
363.6176452636719
349.7861328125
338.4700622558594
328.3833923339844
318.8614196777344
309.7046813964844
300.7787170410156
292.00408935546875
283.348388671875
