1500.0
1484.088134765625
1073.9097900390625
961.0411987304688
922.7372436523438
892.3532104492188
865.6546020507812
840.614990234375
815.4595336914062
797.256103515625
782.2850341796875
767.7301025390625
752.9993896484375
737.94140625
722.6220703125
708.65966796875
695.8157348632812
682.203369140625
667.1378784179688
652.3880004882812
638.2669677734375
624.4526977539062
610.6220092773438
596.32080078125
582.3134765625
568.3197021484375
555.4822387695312
544.7108154296875
535.4052124023438
525.9031982421875
515.9832763671875
506.2989807128906
100.0
100.0
100.0
100.0
100.0
100.0
794.0621337890625
598.577880859375
516.073486328125
471.5452575683594
450.1184387207031
437.493408203125
427.8982849121094
419.1413879394531
409.9786376953125
399.8940734863281
389.0687255859375
377.6593017578125
367.9967956542969
359.4291687011719
349.9848327636719
340.135009765625
331.7558898925781
324.0675354003906
316.8462829589844
309.4261474609375
302.0069274902344
295.6778869628906
289.2544860839844
282.8049011230469
276.3425598144531
269.8765869140625
263.4068603515625
256.9595642089844
250.55238342285156
244.17767333984375
237.8776397705078
234.8082733154297
231.71331787109375
225.58241271972656
219.63031005859375
213.81556701660156
208.14059448242188
202.6128692626953
197.237060546875
192.0322265625
186.9940948486328
182.10894775390625
177.38681030273438
172.83233642578125
168.4530029296875
164.25489807128906
160.24378967285156
156.40213012695312
152.70108032226562
149.25408935546875
145.92059326171875
142.69375610351562
139.55377197265625
136.5121612548828
133.55633544921875
