1500.0
1500.0
1500.0
1500.0
1500.0
1500.0
1500.0
1500.0
1500.0
1500.0
1500.0
1500.0
1500.0
1500.0
1500.0
1500.0
1500.0
1500.0
1500.0
1500.0
1500.0
1500.0
1500.0
1500.0
1500.0
1500.0
1500.0
1500.0
1500.0
1500.0
1500.0
1500.0
100.0
100.0
100.0
100.0
100.0
100.0
1500.0
1500.0
1500.0
1500.0
1500.0
1500.0
1500.0
1500.0
1500.0
1500.0
1500.0
1500.0
1500.0
1500.0
1500.0
1500.0
1500.0
1500.0
1500.0
1500.0
1500.0
1500.0
1500.0
1500.0
1449.4190673828125
1401.0067138671875
1354.663330078125
1309.094970703125
1263.9927978515625
1219.4820556640625
1175.9183349609375
1133.7266845703125
1093.1866455078125
1054.0086669921875
1016.173583984375
979.704833984375
944.3888549804688
909.9479370117188
876.2426147460938
840.0172119140625
806.288818359375
774.5194091796875
744.1200561523438
714.8524169921875
686.9066162109375
660.76220703125
636.8610229492188
615.4010620117188
595.5744018554688
577.1981811523438
559.9799194335938
543.8449096679688
528.6939086914062
514.4070434570312
