1500.0
1500.0
1500.0
1500.0660400390625
1500.0
1500.0
1500.0
1500.0
1500.0
1500.0
1500.0
1500.0
1500.0
1500.0
1500.0
1500.0
1500.0
1500.0
1500.0
1500.0
1500.0
1500.0
1500.0
1500.0
1500.0
1500.0
1500.0
1500.0
1500.0
1500.0
1500.0
1500.0
100.0
100.0
100.0
100.0
100.0
100.0
1500.0
1500.0
1500.0
1500.0
1500.0
1500.0
1422.8780517578125
1314.805419921875
1215.4921875
1127.535400390625
1045.541015625
970.1889038085938
901.2066650390625
839.1859130859375
781.8981323242188
728.0894165039062
679.6920166015625
636.2998657226562
595.6226196289062
576.408203125
558.06884765625
525.0263061523438
495.2572326660156
467.6614990234375
441.140380859375
415.35235595703125
390.4221496582031
366.4295349121094
343.5385437011719
321.88775634765625
301.5746765136719
283.1410217285156
268.7282409667969
257.51678466796875
248.14682006835938
239.8511962890625
232.23455810546875
225.09054565429688
218.23789978027344
212.11634826660156
206.7435760498047
203.0909423828125
199.86924743652344
196.2718963623047
192.3930206298828
188.39739990234375
184.4575653076172
180.5999298095703
176.8333282470703
173.14747619628906
169.53895568847656
166.21875
163.14089965820312
160.2200469970703
157.38735961914062
