1500.0
1500.0
1500.0
1500.0
1500.0
1500.0
1500.0
1500.0
1500.0
1500.0
1500.0
1500.0
1500.0
1500.0
1500.0
1500.0
1500.0
1500.0
1500.0
1500.0
1500.0
1500.0
1500.0
1500.0
1500.0
1500.0
1500.0
1500.0
1500.0
1500.0
1500.0
1500.0
100.0
99.99992370605469
100.0
100.0
100.0
100.0
1499.9998779296875
1500.0
1500.0
1500.0
1500.0
1500.0
1500.0
1500.0
1500.0
1500.0
1500.0
1500.0
1500.0
1500.0
1500.0
1500.0
1500.0
1500.0
1500.0
1500.0
1500.0
1500.0
1500.0
1500.0
1500.0
1475.1129150390625
1425.8260498046875
1379.883056640625
1335.2366943359375
1291.0655517578125
1247.427490234375
1204.480712890625
1162.6038818359375
1122.1434326171875
1102.5220947265625
1083.1502685546875
1045.3397216796875
1008.9080200195312
973.6781005859375
939.4528198242188
905.8411254882812
872.804443359375
837.0459594726562
804.1785888671875
772.9376220703125
743.0780639648438
714.2548217773438
686.7176513671875
661.1072998046875
648.8157958984375
637.1527099609375
615.7618408203125
596.1239013671875
577.9249877929688
561.0043334960938
545.2125244140625
