1500.0
1500.0
1500.0
1500.0
1500.0
1500.0
1500.0
1500.0
1500.0
1500.0
1500.0
1499.9998779296875
1500.0
1500.0
1500.0
1500.0
1500.0
1500.0
1500.0
1500.0
1499.9998779296875
1499.9998779296875
1500.0
1499.9998779296875
1499.99951171875
1499.9996337890625
1499.999755859375
1499.999755859375
1500.0
1499.999755859375
1499.9998779296875
1499.9984130859375
99.86542510986328
99.99974822998047
100.0
100.0
100.0
100.0
1500.0
1499.992919921875
1498.7083740234375
1499.9993896484375
1499.947265625
1500.0
1500.0
1500.0
1500.0
1500.0
1500.0
1500.0
1500.0
1500.0
1500.0
1500.0
1500.0
1500.0
1500.0
1500.0
1500.0
1500.0
1465.9337158203125
1433.952880859375
1404.3544921875
1375.5416259765625
1347.2979736328125
1319.352294921875
1291.390625
1263.627197265625
1236.3243408203125
1209.560791015625
1182.9212646484375
1156.315185546875
1129.6279296875
1102.912109375
1076.489501953125
1050.5716552734375
1025.1923828125
1000.396240234375
976.2833862304688
952.8562622070312
930.2564086914062
908.2794799804688
886.7363891601562
865.7318115234375
845.2838134765625
825.34912109375
815.7196044921875
805.9465942382812
786.7421875
768.4825439453125
750.580322265625
733.1835327148438
716.2996215820312
