1500.0
1500.0
1062.7843017578125
966.3974609375
927.1854858398438
893.2825927734375
861.9164428710938
829.8092651367188
796.2611694335938
770.0560913085938
747.290283203125
724.7559204101562
702.3306884765625
683.1582641601562
671.8896484375
661.0892333984375
648.2276611328125
634.2702026367188
620.8014526367188
608.2400512695312
597.1317749023438
586.6396484375
576.0721435546875
565.3200073242188
555.1829833984375
545.5087890625
535.8985595703125
526.1302490234375
515.5298461914062
503.9542236328125
492.11236572265625
480.0456848144531
100.0
100.0
100.0
100.0
100.0
100.0
723.8579711914062
558.474365234375
471.0705871582031
419.3970031738281
390.2963562011719
373.7133483886719
364.2603454589844
355.2926330566406
346.418701171875
337.8321838378906
330.73260498046875
323.81585693359375
316.9251708984375
310.0192565917969
303.05316162109375
296.02392578125
288.89984130859375
281.67120361328125
274.43206787109375
267.2540588378906
260.1454162597656
253.11341857910156
246.16510009765625
239.26507568359375
232.4208984375
225.66387939453125
219.0293731689453
212.53453063964844
206.18472290039062
199.9873504638672
193.94293212890625
188.0608367919922
182.37474060058594
176.8756103515625
171.67404174804688
166.74351501464844
161.96571350097656
157.36964416503906
152.98275756835938
148.75714111328125
144.65769958496094
140.6820526123047
136.82908630371094
133.1006622314453
129.50486755371094
126.04009246826172
122.70316314697266
119.49676513671875
116.42527770996094
113.48994445800781
110.6893539428711
108.01390838623047
105.4581298828125
103.02055358886719
