1500.0
1500.0
1500.0
1500.0
1499.985595703125
1500.0035400390625
1500.0
1500.0
1500.0
1500.0
1500.0
1500.0
1500.0
1499.999755859375
1466.4842529296875
1434.1900634765625
1408.960205078125
1384.4412841796875
1358.5904541015625
1333.224609375
1307.166259765625
1281.9710693359375
1258.1715087890625
1233.4647216796875
1207.5526123046875
1183.1279296875
1158.418701171875
1132.621337890625
1104.803955078125
1076.7073974609375
1048.07373046875
1015.9461059570312
100.0
100.0
100.0
100.0
100.0
100.0
1408.59619140625
1064.265625
932.7368774414062
870.828125
832.12548828125
803.5786743164062
774.363037109375
744.3466796875
716.1005859375
697.141845703125
678.080810546875
662.166259765625
646.5049438476562
630.8648681640625
615.2056274414062
599.5945434570312
584.2542724609375
569.1490478515625
554.1904907226562
539.3709716796875
524.7361450195312
510.3236389160156
496.0812072753906
482.00421142578125
468.1413269042969
454.53985595703125
441.16900634765625
427.9685974121094
414.9273681640625
402.0752258300781
389.4519958496094
377.1270751953125
365.1806335449219
353.7218322753906
342.8272399902344
332.48907470703125
322.61285400390625
313.0433654785156
303.9087219238281
295.0080261230469
286.31134033203125
277.95721435546875
269.85955810546875
262.0027160644531
254.39666748046875
247.0582275390625
240.00123596191406
233.2308349609375
226.7493896484375
220.55606079101562
214.6503143310547
209.04254150390625
203.72584533691406
198.6911163330078
