1500.0
1500.0
1500.0
1500.0
1500.0
1500.0
1500.0
1500.0
1500.0
1500.0
1500.0
1500.0
1500.0
1500.0
1500.0
1500.0
1500.0
1500.0
1500.0
1500.0
1500.0
1499.9998779296875
1500.0
1500.0
1500.0
1500.0
1500.0
1500.0
1500.0
1500.0
1500.0
1500.0
100.0
100.0
100.0
100.0
100.0
100.0
1500.0
1500.0
1500.0
1500.0
1500.0
1500.0
1500.0
1500.0
1500.0
1500.0
1500.0
1500.0
1500.0
1500.0
1499.8082275390625
1430.9468994140625
1364.641357421875
1301.8939208984375
1243.90771484375
1187.539794921875
1132.5474853515625
1079.060546875
1027.1849365234375
977.8212890625
930.3679809570312
885.0404052734375
841.4362182617188
799.8849487304688
760.954345703125
724.4950561523438
690.4506225585938
658.206787109375
627.2432861328125
597.4801025390625
569.494384765625
543.0618896484375
518.4231567382812
496.409912109375
476.1910705566406
456.60772705078125
437.171630859375
417.8741455078125
399.69122314453125
383.3023681640625
368.7004699707031
354.2724914550781
339.667724609375
324.8497314453125
310.7856140136719
298.0943908691406
285.8383483886719
276.4050598144531
267.3896179199219
257.6935119628906
