1500.0
1500.0
1500.0
1500.0
1500.0
1500.0003662109375
1500.0
1500.0
1500.0
1500.0
1500.0
1500.0
1500.0
1500.0
1500.0
1500.0
1495.213134765625
1466.158203125
1431.9764404296875
1396.7923583984375
1367.709716796875
1344.45361328125
1325.9259033203125
1309.0877685546875
1292.443603515625
1275.8116455078125
1258.5762939453125
1239.9537353515625
1219.2611083984375
1196.4622802734375
1173.555419921875
1150.6883544921875
99.99894714355469
100.0
100.0
100.0
100.0
100.0
1500.0
1227.69287109375
1087.4808349609375
1046.49951171875
1025.7138671875
1006.9845581054688
984.85888671875
958.8614501953125
930.84814453125
901.7283325195312
872.3423461914062
841.2340698242188
811.0004272460938
783.163818359375
755.7723999023438
727.814453125
704.255859375
686.7623901367188
671.289306640625
657.7792358398438
644.8178100585938
631.8429565429688
618.8016967773438
605.7513427734375
592.7864379882812
579.8908081054688
567.0562744140625
554.2919311523438
541.6102905273438
528.9436645507812
516.2952270507812
503.7309265136719
491.30157470703125
479.0151672363281
466.89794921875
454.9670104980469
443.188232421875
431.5512390136719
420.0819091796875
408.8297119140625
397.85015869140625
387.1908874511719
376.9144287109375
367.0038757324219
357.45697021484375
348.2579650878906
339.3950500488281
330.8437805175781
322.5658264160156
314.41864013671875
306.42425537109375
298.86334228515625
291.4280700683594
284.1410217285156
