0.007856758311390877
0.008539737202227116
0.009447076357901096
0.010303945280611515
0.011018048040568829
0.011501243337988853
0.011633492074906826
0.011710497550666332
0.011778578162193298
0.011832445859909058
0.011918396688997746
0.011990788392722607
0.012068710289895535
0.01214523334056139
0.012226787395775318
0.012305262498557568
0.012367495335638523
0.012425337918102741
0.01249448861926794
0.012585287913680077
0.012707335874438286
0.012859427370131016
0.01304218452423811
0.013252691365778446
0.013485955074429512
0.013737106695771217
0.01400044932961464
0.014273423701524734
0.014555662870407104
0.014822892844676971
0.0150667205452919
0.015324895270168781
0.0008498940733261406
0.0008258693851530552
0.0008279597968794405
0.0008356836042366922
0.0008438045042566955
0.0008511026971973479
0.015263131819665432
0.01582714356482029
0.016057493165135384
0.01621563546359539
0.016389859840273857
0.016614766791462898
0.016884488984942436
0.01719084568321705
0.017525995150208473
0.01788702979683876
0.018276717513799667
0.018695445731282234
0.0191416684538126
0.019613083451986313
0.02010313980281353
0.02062130719423294
0.021171320229768753
0.021648773923516273
0.022101985290646553
0.022563986480236053
0.023036889731884003
0.023521140217781067
0.024022208526730537
0.02452785149216652
0.025039201602339745
0.025556564331054688
0.026076940819621086
0.02659451775252819
0.0271086934953928
0.027608564123511314
0.028099454939365387
0.0285783763974905
0.029047267511487007
0.029507625848054886
0.029958520084619522
0.030401362106204033
0.030835822224617004
0.031263865530490875
0.03168566897511482
0.032114796340465546
0.032522741705179214
0.03293299302458763
0.03332224860787392
0.033694151788949966
0.03404824808239937
0.03438413888216019
0.0347055159509182
0.03501641005277634
0.03531521558761597
0.03560180962085724
0.035800691694021225
0.034766945987939835
0.03384101390838623
0.03295430541038513
