0.006555333733558655
0.0070221093483269215
0.007727257441729307
0.008357650600373745
0.008841271512210369
0.009291771799325943
0.009626675397157669
0.009830135852098465
0.009934802539646626
0.01001136563718319
0.010075772181153297
0.01015026681125164
0.0102086765691638
0.010249150916934013
0.010296476073563099
0.010349038988351822
0.010402388870716095
0.010464849881827831
0.010534204542636871
0.010606667958199978
0.01068803109228611
0.01078331284224987
0.010899169370532036
0.01103543397039175
0.01119057647883892
0.011364939622581005
0.011556210927665234
0.011762448586523533
0.011982693336904049
0.01221503596752882
0.01245696097612381
0.012709074653685093
0.0007896802271716297
0.0006843388546258211
0.0006620924104936421
0.0006636277539655566
0.0006749890744686127
0.0006878183339722455
0.012427062727510929
0.013087448664009571
0.013386433944106102
0.013615136034786701
0.013832864351570606
0.014058726839721203
0.01429925300180912
0.014558754861354828
0.014837902039289474
0.01513813529163599
0.015454563312232494
0.015789255499839783
0.0161418616771698
0.016514237970113754
0.016909349709749222
0.01733378693461418
0.017787670716643333
0.018199339509010315
0.018606582656502724
0.019011851400136948
0.019396141171455383
0.01976543292403221
0.02013762667775154
0.02052106335759163
0.020920660346746445
0.021336179226636887
0.02176576666533947
0.02220727689564228
0.022659189999103546
0.02312135137617588
0.023593809455633163
0.02407221496105194
0.024548156186938286
0.025026502087712288
0.02550583705306053
0.02598845586180687
0.02647295594215393
0.02696133777499199
0.027451608330011368
0.0279417484998703
0.02843029610812664
0.028917323797941208
0.029401704668998718
0.02988743968307972
0.030382702127099037
0.030875300988554955
0.031373269855976105
0.03186764195561409
0.032358717173337936
0.03285328671336174
0.033345241099596024
0.03382086381316185
0.03428233787417412
0.03474182263016701
