2085.0
2075.8388671875
2047.40478515625
2022.7757568359375
2007.9822998046875
1996.6798095703125
2049.406494140625
2103.76171875
2099.106201171875
2090.465576171875
2086.118896484375
2082.58056640625
2080.048828125
2078.60986328125
2081.624755859375
2083.60888671875
2084.66650390625
2086.906005859375
2115.512451171875
2129.2099609375
2089.875
2040.0738525390625
1994.2110595703125
1951.9893798828125
1923.7623291015625
1905.806396484375
1891.3487548828125
1876.1800537109375
1862.12744140625
1845.7032470703125
1826.9652099609375
1808.14306640625
121.17591094970703
121.29487609863281
121.63841247558594
121.91954803466797
122.1385498046875
122.31668853759766
1791.73974609375
1731.9984130859375
1853.5155029296875
1847.54736328125
1821.5616455078125
1796.9207763671875
1779.2718505859375
1768.9765625
1761.501953125
1754.6773681640625
1748.601806640625
1745.113525390625
1743.843505859375
1741.96240234375
1740.2435302734375
1751.3109130859375
1763.181884765625
1774.4534912109375
1784.25244140625
1791.922607421875
1816.555908203125
1853.8604736328125
1893.4019775390625
1937.154541015625
1985.88671875
2035.7620849609375
2082.711669921875
2126.019287109375
2168.056640625
2210.13427734375
2252.349365234375
2293.118408203125
2331.516845703125
2367.1279296875
2399.236572265625
2427.755126953125
2453.08740234375
2475.852294921875
2496.688720703125
2516.01220703125
2533.93896484375
2550.635986328125
2565.3720703125
2577.853271484375
2587.89208984375
2595.356689453125
2600.236572265625
2602.38818359375
2601.781494140625
2598.601806640625
2593.308349609375
2586.4638671875
2579.0029296875
2570.83203125
