2082.8837890625
2053.452880859375
2021.1513671875
1998.3807373046875
2053.64599609375
2088.790283203125
2076.89599609375
2067.25537109375
2065.310546875
2061.464111328125
2057.92431640625
2060.792724609375
2062.9306640625
2065.43603515625
2069.36572265625
2084.619384765625
2083.176025390625
2082.91357421875
2097.091796875
2106.728515625
2127.61767578125
2140.330078125
2146.775634765625
2156.82958984375
2167.538330078125
2177.087158203125
2194.29931640625
2217.668701171875
2239.100830078125
2264.48193359375
2288.479248046875
2317.141357421875
117.74801635742188
118.14732360839844
118.4829330444336
118.79400634765625
119.08722686767578
119.37749481201172
1778.8770751953125
1758.5225830078125
1893.359375
2214.984619140625
2409.267578125
2549.190673828125
2665.5859375
2784.34716796875
2937.55419921875
3123.1376953125
3318.8310546875
3298.49853515625
3208.698974609375
3132.86328125
3061.016357421875
2987.59716796875
2912.211181640625
2833.219970703125
2744.44580078125
2672.745849609375
2725.041748046875
2765.9775390625
2786.61962890625
2794.822021484375
2795.809814453125
2795.701416015625
2794.017822265625
2792.093994140625
2798.885986328125
2802.344482421875
2799.5810546875
2792.648681640625
2779.951904296875
2761.93359375
2738.75341796875
2712.793701171875
2684.02978515625
2653.099853515625
2621.255615234375
2590.072509765625
2560.367919921875
2531.3291015625
2502.8427734375
2473.786376953125
2444.739501953125
2416.32666015625
2385.654541015625
2353.228271484375
2319.883056640625
2287.436767578125
2258.215576171875
2233.719970703125
2213.5185546875
2196.6240234375
2181.55224609375
