2023.0706787109375
2070.00341796875
2150.0556640625
2193.63037109375
2266.869873046875
2281.602783203125
2274.478759765625
2253.8310546875
2227.998291015625
2213.15283203125
2214.217529296875
2219.619140625
2231.662353515625
2248.599609375
2263.55859375
2279.477294921875
2299.5380859375
2325.056396484375
2352.456298828125
2384.00830078125
2428.31689453125
2491.37060546875
2572.97802734375
2671.62841796875
2785.559814453125
2913.12060546875
3053.188232421875
3205.4873046875
3369.92333984375
3545.96728515625
3733.9130859375
3932.931640625
145.05784606933594
136.66439819335938
147.83633422851562
154.0774383544922
158.9905242919922
163.58558654785156
3693.72607421875
4751.40869140625
5389.11181640625
5749.34130859375
5988.63671875
6174.609375
6164.5380859375
6202.3466796875
6274.3916015625
6359.2080078125
6464.9365234375
6597.73291015625
6735.84619140625
6884.04443359375
7056.86083984375
7238.5849609375
7415.828125
7585.119140625
7747.7763671875
7901.14306640625
8042.41015625
8174.490234375
8295.5888671875
8402.6630859375
8493.2314453125
8567.8515625
8624.8466796875
8663.7451171875
8685.0751953125
8689.84765625
8678.900390625
8652.958984375
8613.61328125
8562.201171875
8499.84375
8428.2939453125
8347.923828125
8258.9443359375
8161.61474609375
8055.5078125
7942.60888671875
7823.9814453125
7700.0888671875
7571.55029296875
7439.3173828125
7304.22216796875
7166.97802734375
7028.26220703125
6888.955078125
6749.7216796875
6610.52978515625
6472.033203125
6333.61669921875
6196.35986328125
