2081.950439453125
2054.75927734375
2019.1939697265625
1995.841064453125
2070.857666015625
2085.08837890625
2073.200439453125
2064.9306640625
2059.08203125
2057.05029296875
2054.560791015625
2054.884765625
2057.36474609375
2061.20751953125
2075.80859375
2087.01416015625
2093.142578125
2106.071044921875
2109.797607421875
2121.98291015625
2132.8662109375
2142.588623046875
2160.66748046875
2170.16943359375
2175.32373046875
2183.802001953125
2199.4951171875
2226.30859375
2258.288818359375
2288.153076171875
2317.114013671875
2360.61083984375
117.09257507324219
117.48028564453125
117.8421401977539
118.15110778808594
118.44599914550781
118.73221588134766
1770.8809814453125
1810.36962890625
2298.714111328125
2583.567138671875
2800.334228515625
3022.77294921875
3241.383056640625
3465.3759765625
3598.69677734375
3546.439697265625
3513.978759765625
3485.150146484375
3451.43359375
3413.278076171875
3373.972412109375
3334.130126953125
3292.05859375
3244.480224609375
3191.828125
3145.101806640625
3161.828125
3157.336181640625
3137.437744140625
3109.929931640625
3090.741943359375
3092.9638671875
3093.701416015625
3084.49072265625
3064.94091796875
3036.416748046875
3001.59375
2964.61083984375
2928.84130859375
2894.647705078125
2862.037109375
2830.035400390625
2795.784423828125
2758.218994140625
2717.424560546875
2674.346923828125
2630.117431640625
2586.56884765625
2545.217041015625
2506.27783203125
2469.451171875
2434.47021484375
2402.1318359375
2369.42822265625
2335.521728515625
2300.075439453125
2263.37255859375
2226.498046875
2189.16357421875
2150.861572265625
