2022.9920654296875
2070.327880859375
2151.743408203125
2196.557373046875
2271.495361328125
2287.1787109375
2279.766845703125
2257.988525390625
2232.084228515625
2220.713134765625
2222.880859375
2228.555908203125
2242.157958984375
2258.799072265625
2274.410400390625
2291.357666015625
2315.1865234375
2342.69677734375
2371.53125
2408.892333984375
2464.013671875
2539.334716796875
2633.8974609375
2745.86279296875
2873.559326171875
3015.308349609375
3170.3564453125
3338.787109375
3519.554443359375
3712.92333984375
3918.014404296875
4134.4541015625
151.63047790527344
147.97653198242188
159.8743896484375
162.41165161132812
168.411376953125
173.88601684570312
3947.47314453125
5052.16845703125
5711.75146484375
6091.5966796875
6297.8154296875
6269.234375
6303.7548828125
6365.49658203125
6445.37744140625
6553.1279296875
6687.630859375
6823.4560546875
6977.59521484375
7148.607421875
7321.13134765625
7485.9765625
7644.50390625
7798.41552734375
7943.52734375
8077.74462890625
8202.2783203125
8314.576171875
8411.375
8491.951171875
8555.224609375
8599.9384765625
8626.3134765625
8635.0576171875
8627.1787109375
8603.4697265625
8565.4736328125
8514.7041015625
8452.2861328125
8380.16796875
8298.7734375
8208.3095703125
8109.05224609375
8000.525390625
7885.080078125
7763.4853515625
7636.47900390625
7504.71533203125
7369.11962890625
7230.6474609375
7090.0625
6948.12841796875
6805.70458984375
6663.53076171875
6521.68701171875
6379.5810546875
6237.89453125
6097.83984375
5955.05224609375
5814.10693359375
