2084.05859375
2057.528564453125
2027.478271484375
2001.3511962890625
1992.39794921875
2056.9228515625
2051.894775390625
2039.55419921875
2062.941650390625
2090.36767578125
2107.3310546875
2114.767822265625
2129.0517578125
2148.81884765625
2168.07568359375
2180.04833984375
2194.76611328125
2209.79736328125
2228.201904296875
2246.878662109375
2261.861328125
2274.6904296875
2288.286865234375
2303.586669921875
2318.47412109375
2332.72509765625
2348.48876953125
2366.928955078125
2390.51611328125
2425.540771484375
2470.416259765625
2524.191162109375
122.83232116699219
125.09858703613281
126.052001953125
126.12133026123047
126.2096176147461
126.2956771850586
1840.5440673828125
1853.9803466796875
2239.677001953125
2526.455078125
2742.281494140625
2911.32373046875
3051.375244140625
3174.004638671875
3284.11083984375
3384.545654296875
3481.602294921875
3580.792724609375
3685.53759765625
3794.45458984375
3904.514892578125
4013.437255859375
4121.42822265625
4229.85400390625
4340.94482421875
4455.42724609375
4571.6865234375
4688.8125
4813.57177734375
4943.2412109375
5077.279296875
5215.8603515625
5360.0615234375
5510.22607421875
5664.1484375
5814.1298828125
5964.39794921875
6124.71875
6321.2568359375
6515.11474609375
6710.06591796875
6914.33447265625
7109.923828125
7281.1376953125
7438.9541015625
7584.22314453125
7712.9736328125
7822.19580078125
7918.54345703125
8000.6513671875
8076.97265625
8143.21630859375
8203.46875
8262.9765625
8298.03125
8310.1435546875
8314.7177734375
8320.0029296875
8330.98828125
8348.9658203125
