2080.611328125
2051.5234375
2017.398193359375
1988.36865234375
2038.1190185546875
2053.852294921875
2041.5286865234375
2078.697021484375
2105.71533203125
2120.435546875
2132.327392578125
2132.7109375
2137.676513671875
2150.202880859375
2170.86376953125
2199.551513671875
2227.91455078125
2249.04248046875
2266.79150390625
2282.79052734375
2297.072998046875
2311.09814453125
2327.648681640625
2350.96044921875
2381.24072265625
2418.981689453125
2463.31396484375
2514.6318359375
2576.65673828125
2651.95654296875
2737.43310546875
2829.929931640625
121.20289611816406
123.40264129638672
124.13651275634766
124.23104095458984
124.32154846191406
124.40538787841797
1805.506103515625
2193.407958984375
2685.2373046875
2949.22509765625
3137.905029296875
3298.18017578125
3449.9677734375
3602.43359375
3757.26318359375
3913.4111328125
4071.506591796875
4232.8017578125
4397.76171875
4564.876953125
4732.23681640625
4898.384765625
5064.02392578125
5225.73095703125
5378.80126953125
5519.77978515625
5656.390625
5791.3583984375
5929.77978515625
6075.44970703125
6232.68310546875
6385.896484375
6514.76953125
6632.18994140625
6744.4345703125
6856.814453125
6975.40283203125
7092.080078125
7201.431640625
7327.9638671875
7454.52685546875
7567.75927734375
7659.1474609375
7745.32470703125
7859.27978515625
8007.40673828125
8155.17529296875
8301.9873046875
8446.4287109375
8547.330078125
8566.53125
8604.6748046875
8683.4521484375
8814.830078125
8955.5
9094.7216796875
9224.9921875
9349.2041015625
9469.822265625
9554.142578125
