2086.180419921875
2059.671142578125
2029.024658203125
2003.010498046875
1997.078125
2035.1094970703125
2051.774169921875
2045.4945068359375
2055.91064453125
2081.782958984375
2115.211181640625
2150.3349609375
2171.6044921875
2192.948974609375
2215.337158203125
2237.453369140625
2264.48291015625
2295.26708984375
2331.869140625
2369.363037109375
2415.615478515625
2479.982666015625
2562.746337890625
2659.913818359375
2768.605224609375
2887.740966796875
3015.342529296875
3148.320068359375
3285.531005859375
3424.646484375
3566.154052734375
3707.35400390625
135.6878204345703
124.22941589355469
124.24995422363281
125.5048828125
127.64009857177734
130.08717346191406
3085.818603515625
3495.8310546875
3704.396728515625
3849.453369140625
3992.1259765625
4151.68359375
4330.77880859375
4526.8701171875
4734.3896484375
4946.06298828125
5162.7099609375
5385.59033203125
5615.12158203125
5851.357421875
6086.1103515625
6304.201171875
6506.33447265625
6716.548828125
6877.13671875
6999.255859375
7102.26806640625
7178.01513671875
7230.94921875
7271.486328125
7305.21728515625
7333.7861328125
7362.41796875
7389.15185546875
7406.8466796875
7412.54931640625
7416.76416015625
7418.1826171875
7414.8720703125
7408.73095703125
7401.93115234375
7135.44482421875
6854.7724609375
6601.37353515625
6364.21142578125
6137.05078125
5916.95947265625
5704.0283203125
5499.40771484375
5304.89501953125
5121.61376953125
4948.5419921875
4783.791015625
4628.1181640625
4480.76806640625
4340.88720703125
4208.849609375
4084.25439453125
3966.55126953125
3848.268798828125
