2022.0001220703125
2023.78857421875
2315.66796875
2269.89453125
2286.746337890625
2278.376953125
2318.2568359375
2315.344970703125
2295.968017578125
2285.44677734375
2273.210205078125
2263.323974609375
2261.288818359375
2261.04345703125
2256.688720703125
2254.474365234375
2255.847900390625
2261.918212890625
2268.365966796875
2272.890625
2279.338134765625
2287.093017578125
2293.758544921875
2299.844482421875
2310.100341796875
2330.003662109375
2358.027587890625
2397.968505859375
2455.85693359375
2531.290283203125
2617.19287109375
2710.805419921875
2817.1220703125
99.47016906738281
101.02273559570312
102.3080062866211
103.59339904785156
104.42476654052734
105.14866638183594
1684.21435546875
2344.719970703125
2728.38916015625
3042.385986328125
3278.013427734375
3487.133544921875
3688.37548828125
3874.69921875
4046.290283203125
4204.28955078125
4354.11767578125
4504.4609375
4652.78125
4796.515625
4948.69873046875
5091.9501953125
5220.96240234375
5330.3369140625
5158.7080078125
5044.634765625
4952.8486328125
4869.86962890625
4788.4267578125
4704.89111328125
4618.5654296875
4540.791015625
4467.98828125
4400.64697265625
4334.3681640625
4263.19873046875
4183.86376953125
4095.474365234375
4002.31591796875
3902.08251953125
3799.823974609375
3700.459228515625
3614.569580078125
3534.13330078125
3451.7890625
3368.90869140625
3287.00634765625
3205.38525390625
3124.66064453125
3041.986328125
2954.704345703125
2865.594482421875
2778.667236328125
2695.1259765625
2617.57958984375
2546.19970703125
2478.81689453125
2412.89306640625
2348.3369140625
2286.51318359375
