2084.214111328125
2064.449462890625
2037.3865966796875
2018.932373046875
2006.2276611328125
1996.4200439453125
2048.231201171875
2043.0172119140625
2039.5692138671875
2040.707763671875
2046.9603271484375
2060.126708984375
2090.84423828125
2124.866943359375
2166.98779296875
2206.890625
2248.755126953125
2293.91455078125
2340.19580078125
2390.668701171875
2448.888671875
2524.156494140625
2616.2841796875
2724.60888671875
2848.49072265625
2987.577392578125
3141.43359375
3307.9560546875
3480.57470703125
3659.454833984375
3843.547607421875
4029.968505859375
162.64312744140625
159.85337829589844
169.29551696777344
180.3543701171875
191.02218627929688
200.531982421875
4343.01416015625
4546.548828125
4606.15283203125
4652.29296875
4721.35546875
4823.234375
4960.69970703125
5130.63134765625
5329.41259765625
5552.146484375
5794.32275390625
6054.451171875
6326.80078125
6627.08203125
6955.2509765625
7288.93017578125
7659.888671875
8007.3544921875
8353.7314453125
8716.751953125
9066.0087890625
9405.390625
9738.0185546875
10054.6181640625
10352.326171875
10631.296875
10893.1435546875
11139.271484375
11371.537109375
11587.689453125
11787.4892578125
11970.6611328125
12137.353515625
12288.6142578125
12426.46484375
12552.041015625
12666.236328125
12771.1845703125
12867.1220703125
12954.12890625
13032.6064453125
13103.7734375
13170.6845703125
13231.8046875
13285.974609375
13333.21484375
13376.4990234375
13415.1767578125
13442.9951171875
13242.2509765625
12799.115234375
12417.5146484375
12065.5283203125
11732.2998046875
