2235.725830078125
2172.65478515625
2850.82373046875
2640.7509765625
2408.580810546875
2315.806396484375
2296.1103515625
2297.8486328125
2305.547607421875
2307.71484375
2302.80517578125
2292.413818359375
2283.7646484375
2281.293212890625
2283.10302734375
2290.8466796875
2305.963623046875
2316.484619140625
2287.99072265625
2274.349365234375
2274.86865234375
2288.031005859375
2319.94873046875
2363.693603515625
2414.361328125
2468.994384765625
2527.355224609375
2587.3857421875
2646.105224609375
2702.2470703125
2755.84326171875
2805.695556640625
105.63384246826172
109.61809539794922
112.4917221069336
114.6552734375
115.71185302734375
116.27661895751953
2929.29052734375
3087.49267578125
2984.1162109375
2938.1904296875
2929.06640625
2935.867919921875
2946.21728515625
2962.277587890625
2976.93017578125
2989.693359375
2995.313232421875
2994.11767578125
2999.23828125
3010.05078125
3004.3564453125
2992.945068359375
2969.66015625
2935.689453125
2891.737060546875
2837.830322265625
2780.6806640625
2719.530029296875
2654.76513671875
2586.95458984375
2516.6201171875
2443.93359375
2370.90966796875
2298.2646484375
2224.9169921875
2151.0966796875
2078.2578125
2047.9222412109375
2006.779052734375
1937.50927734375
1870.1707763671875
1805.2904052734375
1742.8116455078125
1682.6566162109375
1624.82177734375
1568.96142578125
1514.233154296875
1460.1519775390625
1407.38232421875
1356.3321533203125
1307.279296875
1261.27880859375
1218.1160888671875
1177.3836669921875
1138.8717041015625
1102.3243408203125
1067.4752197265625
1033.5684814453125
1001.2477416992188
969.1381225585938
937.0615234375
