2069.060546875
2031.8880615234375
2002.6248779296875
2049.7646484375
2084.287841796875
2066.123046875
2055.216796875
2053.385986328125
2047.855712890625
2052.168212890625
2084.978515625
2114.8837890625
2141.919677734375
2155.583740234375
2165.265380859375
2180.63671875
2200.175537109375
2225.97802734375
2254.3798828125
2282.362548828125
2314.25390625
2357.14013671875
2421.722412109375
2507.808349609375
2613.81103515625
2735.54931640625
2866.238037109375
3003.339111328125
3145.19482421875
3294.064697265625
3456.84716796875
3637.67431640625
124.75355529785156
122.4109878540039
122.7366714477539
123.26795196533203
123.6059341430664
123.96414184570312
2683.82275390625
3365.92919921875
3680.03564453125
3935.53515625
4223.84765625
4563.67626953125
4948.21240234375
5367.1591796875
5797.03076171875
5708.09375
5639.72119140625
5589.13916015625
5522.22216796875
5439.29052734375
5348.59521484375
5241.1650390625
5130.19873046875
5020.1748046875
4901.76513671875
4775.6494140625
4645.41943359375
4511.37451171875
4373.8134765625
4235.53857421875
4100.974609375
3973.163818359375
3848.71533203125
3725.09912109375
3601.50048828125
3477.1591796875
3353.90673828125
3233.8173828125
3116.71484375
3001.3662109375
2888.36962890625
2778.399169921875
2678.07470703125
2592.38720703125
2516.07080078125
2446.072265625
2380.055419921875
2316.678955078125
2255.203125
2195.87060546875
2138.81982421875
2084.40771484375
2032.6671142578125
1983.41650390625
1936.2366943359375
1890.9837646484375
1847.508056640625
1805.6268310546875
1765.619140625
1727.23193359375
