2053.236328125
2019.4609375
2061.185546875
2059.87890625
2056.961181640625
2092.475341796875
2109.162841796875
2124.787353515625
2135.154296875
2133.8623046875
2144.54931640625
2164.95166015625
2171.1005859375
2168.2626953125
2165.44482421875
2172.319580078125
2182.931884765625
2193.739013671875
2204.055908203125
2217.629150390625
2229.014892578125
2239.29052734375
2251.031982421875
2265.06201171875
2280.71337890625
2297.936767578125
2314.37451171875
2329.21728515625
2343.01123046875
2357.770263671875
2376.334716796875
2400.253662109375
122.47730255126953
122.38878631591797
122.1688003540039
122.33989715576172
122.45968627929688
122.54983520507812
1786.7044677734375
1876.745849609375
1975.0548095703125
2253.49365234375
2503.337646484375
2682.1513671875
2813.339111328125
2914.095703125
2999.780517578125
3081.78271484375
3165.029052734375
3247.484130859375
3330.90478515625
3416.2822265625
3506.274658203125
3600.52783203125
3697.716064453125
3797.0068359375
3896.990966796875
3999.953369140625
4108.009765625
4222.17626953125
4342.88232421875
4469.82275390625
4605.58984375
4750.88134765625
4900.65380859375
5050.34033203125
5210.1513671875
5363.61572265625
5522.89111328125
5694.92578125
5870.4345703125
6038.9130859375
6209.44580078125
6374.04541015625
6535.9609375
6694.30322265625
6858.90283203125
6775.1259765625
6503.5986328125
6287.376953125
6106.22509765625
5942.68701171875
5785.7158203125
5630.06201171875
5472.33544921875
5311.83642578125
5149.54150390625
4983.04541015625
4817.41796875
4658.244140625
4517.7802734375
4388.22216796875
