2062.916748046875
2030.8795166015625
1994.9931640625
2045.4415283203125
2202.86279296875
2208.128173828125
2225.05126953125
2238.11474609375
2255.659423828125
2250.442138671875
2236.6083984375
2230.006103515625
2217.571533203125
2208.379150390625
2204.47021484375
2201.510986328125
2199.517333984375
2205.03759765625
2214.23828125
2219.629150390625
2228.879150390625
2239.996337890625
2260.103271484375
2290.419921875
2338.8818359375
2411.0625
2502.607177734375
2608.7314453125
2725.562744140625
2851.976318359375
2984.806884765625
3122.3173828125
3264.817626953125
114.34957122802734
118.5683822631836
120.56452941894531
121.79190063476562
122.6467056274414
123.14586639404297
2620.21240234375
3057.697265625
3306.39111328125
3512.42822265625
3694.111572265625
3872.05712890625
4047.947265625
4223.8076171875
4317.14404296875
4398.7802734375
4570.21044921875
4738.25390625
4901.3193359375
5058.19970703125
5216.7568359375
5373.9267578125
5527.74365234375
5677.21240234375
5840.43115234375
5978.4453125
6117.72705078125
6249.75634765625
6371.15673828125
6479.47607421875
6575.48583984375
6674.1376953125
6782.21728515625
6876.39697265625
6967.86572265625
7054.12744140625
7131.2666015625
7195.7109375
7250.560546875
7302.69140625
7367.36767578125
7343.4658203125
7117.8642578125
6942.48876953125
6787.17822265625
6635.22509765625
6484.04345703125
6322.08984375
6157.97119140625
6001.86279296875
5856.6494140625
5713.97314453125
5566.61767578125
5417.9482421875
5272.08203125
5130.140625
4990.712890625
4850.30029296875
4705.36474609375
4558.82958984375
4415.73291015625
