2083.8134765625
2065.80126953125
2038.56396484375
2019.5224609375
1990.4554443359375
2063.79248046875
2130.47802734375
2110.509765625
2104.96142578125
2109.026611328125
2108.573974609375
2108.88818359375
2080.3037109375
2011.66162109375
1947.9888916015625
1892.920654296875
1855.287841796875
1837.1123046875
1814.037109375
1787.2257080078125
1758.2298583984375
1731.11572265625
1708.76171875
1692.890625
1680.5008544921875
1668.9605712890625
1656.4024658203125
1644.9580078125
1634.2318115234375
1624.642822265625
1616.4288330078125
1609.9510498046875
1606.230712890625
114.64463806152344
114.95704650878906
115.2175064086914
115.47137451171875
115.72100830078125
115.96620178222656
1575.86328125
1599.0299072265625
1680.595458984375
1681.439208984375
1670.447265625
1680.2003173828125
1693.3974609375
1713.25390625
1768.1922607421875
1825.80712890625
1880.0513916015625
1938.3431396484375
1993.102783203125
2042.2618408203125
2083.716552734375
2116.524658203125
2142.946533203125
2165.843505859375
2186.74658203125
2205.938232421875
2222.82080078125
2236.6064453125
2247.23193359375
2255.541748046875
2262.424560546875
2268.572509765625
2274.442138671875
2279.801513671875
2283.967529296875
2286.185791015625
2286.236328125
2283.63037109375
2278.146728515625
2270.21533203125
2260.767333984375
2250.95751953125
2240.840087890625
2229.954345703125
2218.14013671875
2205.314697265625
2192.5048828125
2178.614013671875
2163.112548828125
2146.2021484375
2127.955810546875
2108.243896484375
2087.052734375
2064.47265625
2040.598388671875
2015.611328125
1989.65380859375
1962.92333984375
1935.6351318359375
1908.033203125
