2082.55517578125
2054.133544921875
2016.048095703125
1991.635009765625
2069.02783203125
2087.624755859375
2073.756591796875
2069.45361328125
2064.80615234375
2061.22998046875
2062.931396484375
2063.583740234375
2067.8037109375
2074.820556640625
2087.94140625
2091.20263671875
2103.211181640625
2129.864990234375
2156.285400390625
2171.661865234375
2182.51220703125
2198.668701171875
2213.5234375
2233.127197265625
2262.089599609375
2288.009765625
2317.119384765625
2350.49462890625
2387.345947265625
2428.927490234375
2477.97314453125
2533.430908203125
114.61516571044922
115.08660125732422
115.48269653320312
115.82429504394531
116.1381607055664
116.45425415039062
1747.514892578125
1735.8905029296875
2335.1162109375
2709.461669921875
3014.438232421875
3293.43408203125
3563.093994140625
3512.53125
3435.422119140625
3374.84033203125
3317.408203125
3253.88671875
3176.325927734375
3079.18408203125
2972.206298828125
2859.663330078125
2757.0234375
2773.98876953125
2787.16357421875
2809.2705078125
2815.638671875
2810.257568359375
2802.60693359375
2792.307373046875
2785.247802734375
2775.35107421875
2759.2880859375
2735.98974609375
2704.687744140625
2665.978515625
2618.718994140625
2566.578369140625
2514.28515625
2462.32958984375
2412.276611328125
2364.35888671875
2316.983154296875
2271.544677734375
2227.89111328125
2185.16357421875
2143.583740234375
2104.45068359375
2065.32421875
2026.5958251953125
1988.6600341796875
1951.798583984375
1916.222900390625
1882.3211669921875
1849.9190673828125
1818.62451171875
1803.1121826171875
1787.791015625
1757.606689453125
1727.276611328125
1697.44140625
