2085.072998046875
2065.10009765625
2036.568603515625
2015.7532958984375
2015.05908203125
2004.2615966796875
2025.8541259765625
2050.09228515625
2042.7789306640625
2037.587646484375
2036.041015625
2051.4140625
2095.584228515625
2132.809326171875
2165.29052734375
2195.98828125
2227.259521484375
2261.1005859375
2297.69775390625
2350.9150390625
2424.30029296875
2517.207275390625
2626.063232421875
2746.5927734375
2874.47265625
3007.053955078125
3143.6220703125
3284.40966796875
3427.907958984375
3573.2158203125
3721.007568359375
3870.0009765625
161.0237579345703
139.2921600341797
130.37747192382812
127.49121856689453
126.2167739868164
125.69832611083984
3218.140625
3410.67626953125
3558.619384765625
3716.145263671875
3889.530517578125
4080.957275390625
4287.76123046875
4506.95263671875
4727.4404296875
4937.009765625
5137.5966796875
5333.12158203125
5522.15087890625
5699.5830078125
5869.22607421875
6036.6611328125
6196.07421875
6339.07666015625
6450.939453125
6531.3662109375
6586.07763671875
6628.21875
6667.84033203125
6711.91650390625
6732.134765625
6716.3125
6678.0986328125
6638.39501953125
6611.37841796875
6587.10693359375
6557.87353515625
6537.1865234375
6534.7177734375
6519.95263671875
6496.57080078125
6470.88427734375
6493.439453125
6547.857421875
6664.86669921875
6779.00537109375
6791.43798828125
6777.77734375
6778.67431640625
6517.966796875
6209.85546875
5931.1455078125
5680.99560546875
5444.31640625
5216.89501953125
4982.3740234375
4736.755859375
4483.97998046875
4234.3056640625
4036.596435546875
