2063.317138671875
2018.4886474609375
2004.7769775390625
2117.77294921875
2075.824462890625
2055.086181640625
2044.12548828125
2035.1798095703125
2029.6632080078125
2040.8856201171875
2048.901611328125
2067.1552734375
2078.854248046875
2092.843994140625
2115.049560546875
2139.544189453125
2164.83349609375
2185.7373046875
2205.740234375
2223.645751953125
2245.240478515625
2280.52685546875
2331.077392578125
2394.0244140625
2468.545166015625
2558.310791015625
2660.469970703125
2771.737548828125
2892.088134765625
3024.2978515625
3169.172119140625
3323.9111328125
117.98419189453125
120.46649932861328
121.6412353515625
122.03118133544922
122.22766876220703
122.3649673461914
2406.5498046875
2879.715087890625
3038.597412109375
3236.65771484375
3486.984619140625
3767.70654296875
4077.293701171875
4404.28125
4742.93798828125
5052.365234375
5234.23583984375
5124.98486328125
5020.68017578125
4915.123046875
4804.279296875
4685.89111328125
4558.67138671875
4426.72705078125
4293.56591796875
4159.580078125
4024.674560546875
3889.097900390625
3750.705078125
3610.882080078125
3473.46142578125
3339.019287109375
3206.638671875
3077.887451171875
2949.7138671875
2820.9208984375
2694.05810546875
2569.955078125
2448.9765625
2330.889892578125
2218.336669921875
2107.550537109375
2052.468017578125
1997.1966552734375
1884.254638671875
1770.4786376953125
1656.5240478515625
1543.118896484375
1431.71435546875
1322.3599853515625
1213.6922607421875
1113.4815673828125
1046.232666015625
988.2638549804688
935.630615234375
886.0775756835938
838.5882568359375
801.2169189453125
769.1873168945312
737.8717651367188
708.7362670898438
