2077.069580078125
2057.78271484375
2036.25927734375
2021.7899169921875
1999.1845703125
2019.03369140625
2045.93408203125
2047.9993896484375
2064.087158203125
2085.856201171875
2113.07568359375
2153.8701171875
2186.292236328125
2202.491455078125
2211.53857421875
2224.869384765625
2251.527587890625
2295.344970703125
2358.39892578125
2445.092529296875
2557.398193359375
2689.81787109375
2836.522705078125
2993.573486328125
3158.89404296875
3331.14501953125
3506.897705078125
3689.472900390625
3881.71484375
4085.49853515625
4300.5234375
4524.75390625
4758.9345703125
187.34974670410156
177.3231201171875
180.69125366210938
186.42684936523438
192.29908752441406
197.91148376464844
4937.4033203125
5432.56689453125
5554.3818359375
5589.677734375
5654.82275390625
5780.2216796875
5969.4560546875
6200.43798828125
6467.15185546875
6766.34326171875
7089.67431640625
7480.35302734375
7914.02685546875
8340.07421875
8770.765625
9193.583984375
9615.2490234375
10034.80859375
10433.869140625
10812.560546875
11170.6748046875
11506.529296875
11817.5166015625
12098.822265625
12351.8115234375
12571.341796875
12758.4951171875
12913.548828125
13040.162109375
13141.478515625
13217.951171875
13274.201171875
13296.1396484375
13290.482421875
13259.046875
13207.31640625
13139.1591796875
13058.4501953125
12969.7001953125
12878.841796875
12671.5693359375
12207.080078125
11802.84765625
11428.62890625
11074.44140625
10735.91015625
10410.7265625
10097.677734375
9795.501953125
9502.931640625
9219.3564453125
8944.6416015625
8677.9736328125
8418.7216796875
