2085.0
2061.80859375
2024.7672119140625
2022.63623046875
2070.148193359375
2088.9521484375
2076.078857421875
2068.4853515625
2067.645751953125
2069.8017578125
2085.03564453125
2085.85693359375
2076.041748046875
2012.0037841796875
1949.8935546875
1909.39794921875
1885.5621337890625
1858.010498046875
1828.099609375
1800.4971923828125
1778.8187255859375
1761.5616455078125
1749.287841796875
1741.363525390625
1732.2349853515625
1721.131591796875
1712.2266845703125
1702.4578857421875
1694.4737548828125
1689.0626220703125
1686.91748046875
1687.6025390625
115.37335968017578
115.56747436523438
116.02131652832031
116.34228515625
116.64049530029297
116.93329620361328
1455.057861328125
1661.9381103515625
1730.27294921875
1723.106689453125
1728.398681640625
1761.605712890625
1804.7554931640625
1857.50732421875
1910.87060546875
1963.5635986328125
2011.835693359375
2052.45703125
2086.531005859375
2114.100341796875
2135.608642578125
2151.9140625
2165.979248046875
2179.994384765625
2194.54150390625
2209.228271484375
2222.022705078125
2233.677734375
2244.81689453125
2255.67138671875
2265.80322265625
2273.98046875
2279.2001953125
2281.46240234375
2281.3779296875
2279.117919921875
2274.825439453125
2268.862548828125
2261.457275390625
2252.813232421875
2242.64990234375
2232.347900390625
2221.056640625
2209.16748046875
2196.287109375
2182.298583984375
2167.059326171875
2150.525634765625
2132.9482421875
2114.322509765625
2094.656982421875
2074.01416015625
2052.48388671875
2030.1578369140625
2007.2884521484375
1983.928955078125
1960.114990234375
1935.89208984375
1911.3377685546875
1886.5048828125
