2082.09619140625
2053.1357421875
2015.13330078125
1990.8101806640625
2083.258056640625
2083.98681640625
2071.334716796875
2068.5283203125
2062.981689453125
2060.666259765625
2061.43994140625
2063.1142578125
2066.5390625
2077.611328125
2085.49951171875
2088.039794921875
2107.02294921875
2134.388427734375
2155.916015625
2169.18408203125
2179.845458984375
2195.34912109375
2211.0849609375
2235.267333984375
2261.609375
2287.271484375
2317.0986328125
2350.25390625
2389.584716796875
2431.693603515625
2480.27734375
2536.52734375
114.3915786743164
114.8935775756836
115.31448364257812
115.67669677734375
116.01187896728516
116.3330078125
1745.13330078125
1765.5152587890625
2353.708984375
2724.901611328125
3042.677490234375
3341.30517578125
3588.142333984375
3493.31298828125
3423.362060546875
3365.360595703125
3306.64404296875
3241.560791015625
3159.909423828125
3059.824462890625
2951.5888671875
2839.779541015625
2776.071044921875
2789.746337890625
2802.081298828125
2818.12451171875
2817.39404296875
2811.869384765625
2803.57763671875
2795.675537109375
2788.701171875
2776.44775390625
2757.29296875
2730.823486328125
2696.48388671875
2653.39111328125
2603.010498046875
2548.85986328125
2495.852294921875
2443.901123046875
2394.002197265625
2346.187744140625
2299.534912109375
2254.916748046875
2211.617919921875
2168.5439453125
2126.531005859375
2086.69970703125
2047.1444091796875
2008.07958984375
1970.0262451171875
1933.1719970703125
1898.11669921875
1864.6463623046875
1832.917236328125
1801.9774169921875
1771.50537109375
1741.2037353515625
1710.74267578125
1680.4796142578125
