2050.310302734375
1992.2421875
1497.3475341796875
1355.80419921875
1298.156005859375
1245.4637451171875
1201.4630126953125
1169.211669921875
1135.9962158203125
1109.4857177734375
1084.6103515625
1058.1353759765625
1043.5999755859375
1029.9903564453125
1014.9541015625
999.5101318359375
991.6068725585938
980.5575561523438
967.301513671875
953.212646484375
938.5338745117188
923.4020385742188
908.9445190429688
895.7745971679688
883.7738647460938
874.0400390625
866.5743408203125
860.1103515625
853.0668334960938
845.241943359375
836.859130859375
828.3052368164062
120.14472198486328
120.1076431274414
120.23490142822266
120.50653839111328
120.88863372802734
121.2920913696289
983.19677734375
836.7069702148438
829.692138671875
826.0386352539062
826.4993286132812
821.12451171875
812.3159790039062
801.55517578125
790.0075073242188
780.3947143554688
771.6229248046875
764.960693359375
759.5703125
756.6993408203125
772.3123779296875
799.4708251953125
824.0469970703125
846.9116821289062
871.0931396484375
893.96240234375
915.7039184570312
937.5615234375
961.7705688476562
987.5589599609375
1014.0869140625
1040.6356201171875
1066.68115234375
1091.8631591796875
1115.6964111328125
1137.820556640625
1158.2093505859375
1177.254638671875
1194.9449462890625
1211.474853515625
1226.5528564453125
1239.7940673828125
1250.945556640625
1259.9580078125
1267.097900390625
1272.5242919921875
1276.1807861328125
1278.256591796875
1279.193603515625
1278.96435546875
1277.5137939453125
1275.663330078125
1272.9139404296875
1269.0245361328125
1264.02783203125
1258.058837890625
1251.1141357421875
1243.0074462890625
1233.7476806640625
1223.410888671875
