2039.3778076171875
2031.0489501953125
2061.167724609375
2052.11572265625
2086.7626953125
2091.46142578125
2088.04833984375
2090.679931640625
2098.9228515625
2117.916748046875
2118.857177734375
2114.920166015625
2111.009033203125
2121.8818359375
2137.8671875
2152.352783203125
2169.856689453125
2183.057861328125
2192.796630859375
2203.80517578125
2223.421875
2244.133056640625
2262.95556640625
2283.41162109375
2303.505615234375
2323.14501953125
2344.911865234375
2367.8837890625
2395.992431640625
2430.884765625
2478.174072265625
2534.498046875
120.70433807373047
120.1853256225586
120.56120300292969
121.1703872680664
121.86444854736328
122.50312042236328
1821.3743896484375
1945.5155029296875
2259.258056640625
2548.913818359375
2796.390869140625
3007.552734375
3190.55810546875
3351.748046875
3501.42724609375
3647.576171875
3796.30859375
3947.884033203125
4099.14306640625
4247.025390625
4391.0126953125
4533.54443359375
4678.44775390625
4834.0341796875
4991.15771484375
5155.21826171875
5324.63037109375
5497.5009765625
5671.05615234375
5854.49609375
6044.76171875
6256.8291015625
6472.9853515625
6701.453125
6922.4482421875
7141.298828125
6961.5400390625
6756.486328125
6575.41748046875
6402.61767578125
6233.27490234375
6066.1083984375
5906.91845703125
5755.787109375
5606.71484375
5452.8408203125
5296.12646484375
5137.810546875
4977.40625
4815.3349609375
4675.8466796875
4546.65185546875
4422.07568359375
4301.8212890625
4185.4990234375
4073.064453125
3964.943603515625
3871.98681640625
3785.556884765625
3702.8828125
