2022.4473876953125
2306.78857421875
2225.914306640625
2185.79150390625
2327.660400390625
2336.7138671875
2278.990966796875
2213.920166015625
2169.070556640625
2145.746826171875
2134.1640625
2146.979736328125
2160.43505859375
2187.467529296875
2224.750244140625
2260.540283203125
2290.146484375
2316.4248046875
2342.52978515625
2367.560302734375
2393.09619140625
2418.92041015625
2445.509521484375
2472.5478515625
2499.910400390625
2528.269775390625
2560.804931640625
2600.362548828125
2650.30419921875
2711.079833984375
2781.718017578125
2862.1005859375
105.5275650024414
106.37442779541016
108.26535034179688
109.05245971679688
109.51536560058594
110.00994873046875
1769.4129638671875
2068.28662109375
2647.162353515625
3088.149169921875
3358.35888671875
3523.8544921875
3644.017822265625
3751.935546875
3864.31591796875
3981.946044921875
3989.399169921875
4013.545166015625
4047.448486328125
4086.351806640625
4127.62548828125
4169.4716796875
4215.2626953125
4257.712890625
4297.18212890625
4345.79150390625
4385.63671875
4422.7412109375
4459.68212890625
4497.42333984375
4530.6416015625
4574.67236328125
4613.64697265625
4646.16796875
4681.06884765625
4713.57080078125
4736.7216796875
4753.09619140625
4767.79052734375
4777.10791015625
4771.51806640625
4750.73779296875
4716.67236328125
4671.60595703125
4617.94970703125
4557.0869140625
4490.5234375
4419.40185546875
4344.8193359375
4267.3046875
4187.27197265625
4105.52587890625
4022.373046875
3937.58544921875
3851.21630859375
3763.526611328125
3674.792236328125
3585.455078125
3495.81689453125
3406.25341796875
