2085.0
2079.68115234375
2055.5615234375
2036.8358154296875
2024.447998046875
2014.428466796875
2005.8233642578125
1998.07177734375
2011.3553466796875
2010.3333740234375
2056.648193359375
2066.24853515625
2063.20458984375
2057.2333984375
2050.996826171875
2045.250244140625
2044.2884521484375
2052.7236328125
2070.267822265625
2103.42431640625
2133.895263671875
2158.373291015625
2182.5546875
2204.585693359375
2227.669677734375
2250.763427734375
2273.85205078125
2296.503173828125
2319.92578125
2350.370849609375
2389.494140625
2436.119384765625
126.56610107421875
127.6877670288086
128.25347900390625
128.62265014648438
128.89767456054688
129.11761474609375
1889.8603515625
2150.462158203125
2358.762451171875
2500.703857421875
2623.634033203125
2740.799560546875
2855.951171875
2970.35986328125
3086.06787109375
3203.018310546875
3319.883056640625
3436.35400390625
3552.93505859375
3670.836181640625
3790.6298828125
3911.30322265625
4028.685302734375
4143.77783203125
4257.05419921875
4370.16015625
4484.1806640625
4598.6513671875
4710.9873046875
4819.83837890625
4925.51171875
5034.9462890625
5151.19287109375
5264.45751953125
5375.4990234375
5485.27685546875
5587.66357421875
5689.28173828125
5782.89111328125
5871.73388671875
5954.16943359375
6037.29736328125
6124.0673828125
6213.32470703125
6296.41455078125
6379.15771484375
6468.63818359375
6558.4462890625
6638.9423828125
6706.35498046875
6764.09814453125
6819.5048828125
6876.65966796875
6936.80810546875
6991.83935546875
7040.3388671875
7078.54638671875
7122.89990234375
7161.3203125
7189.16845703125
