2056.56884765625
2018.97900390625
2070.212646484375
2099.7265625
2106.95361328125
2116.65185546875
2125.41748046875
2114.825439453125
2108.395751953125
2104.927490234375
2119.737060546875
2128.242919921875
2132.302001953125
2132.31884765625
2138.20068359375
2150.557861328125
2161.072509765625
2168.4677734375
2175.05029296875
2187.011474609375
2199.35302734375
2209.936767578125
2219.72265625
2231.3408203125
2244.662353515625
2258.613037109375
2275.41552734375
2294.32568359375
2314.639892578125
2338.543212890625
2368.192626953125
2412.328369140625
124.15834045410156
121.7574462890625
120.92153930664062
120.64954376220703
120.71233367919922
120.95975494384766
1766.2716064453125
1920.7725830078125
2206.923828125
2498.1171875
2725.7578125
2908.81005859375
3062.197265625
3200.481689453125
3330.55078125
3458.44140625
3587.2548828125
3717.0947265625
3848.84912109375
3976.96875
4102.80419921875
4228.70458984375
4355.580078125
4483.08984375
4610.61962890625
4744.17578125
4888.08203125
5038.3427734375
5194.50732421875
5362.783203125
5528.8740234375
5700.189453125
5895.7333984375
6103.9755859375
6284.4111328125
6453.453125
6618.2333984375
6776.8056640625
6938.9052734375
6711.07275390625
6491.87890625
6317.46728515625
6172.55322265625
6050.27197265625
5928.0107421875
5803.43701171875
5673.8662109375
5542.8388671875
5413.76171875
5289.8935546875
5169.787109375
5051.451171875
4932.81494140625
4807.92138671875
4687.45166015625
4571.92431640625
4457.49462890625
4341.84765625
4227.3935546875
4114.0693359375
