2073.39404296875
2040.687744140625
2001.70703125
2019.111572265625
2083.20751953125
2080.354736328125
2065.673095703125
2052.535888671875
2052.530029296875
2052.584228515625
2049.2236328125
2048.3955078125
2069.885009765625
2091.786865234375
2113.659423828125
2132.605712890625
2146.041015625
2152.728271484375
2159.9501953125
2172.615966796875
2187.373046875
2203.318115234375
2224.4697265625
2247.887451171875
2270.906494140625
2296.916259765625
2327.410888671875
2367.6318359375
2423.36669921875
2493.752197265625
2577.308837890625
2672.164306640625
121.263671875
123.60894775390625
123.70191192626953
123.7955322265625
123.89229583740234
123.98809814453125
1809.921142578125
2154.567626953125
2556.8310546875
2806.98046875
2996.039794921875
3170.86572265625
3349.78076171875
3535.713134765625
3729.46142578125
3934.43994140625
4158.49658203125
4410.4013671875
4677.0576171875
4962.53564453125
5256.00048828125
5541.93701171875
5822.109375
5903.5625
5812.802734375
5745.59326171875
5681.025390625
5608.9306640625
5530.8916015625
5448.4306640625
5360.50537109375
5271.07763671875
5175.890625
5076.99560546875
4975.5068359375
4872.1796875
4779.11669921875
4685.0830078125
4587.43798828125
4489.15185546875
4391.822265625
4294.96484375
4199.119140625
4103.953125
4008.89013671875
3913.35888671875
3817.333984375
3720.713623046875
3622.829833984375
3526.46533203125
3432.3193359375
3339.535400390625
3247.273681640625
3155.59228515625
3064.513427734375
2974.145263671875
2884.626220703125
2795.7705078125
2712.2626953125
2639.41455078125
