2062.67138671875
2034.8399658203125
2027.6246337890625
2032.9039306640625
2127.561279296875
2158.118408203125
2144.201416015625
2126.036376953125
2121.105224609375
2121.67578125
2126.44189453125
2134.69970703125
2142.848876953125
2156.529541015625
2171.954833984375
2184.130859375
2193.122314453125
2202.645263671875
2212.858642578125
2228.15966796875
2244.5380859375
2259.985107421875
2277.662841796875
2301.8798828125
2330.878662109375
2368.591552734375
2423.797607421875
2499.152587890625
2591.68310546875
2697.480224609375
2813.743408203125
2938.040771484375
121.585693359375
123.77706146240234
124.81607055664062
125.37810516357422
125.72547149658203
127.14656066894531
2457.682373046875
3015.467041015625
3267.65087890625
3411.40283203125
3538.3603515625
3676.46875
3830.474853515625
3998.060302734375
4177.55712890625
4366.53125
4562.3720703125
4763.16455078125
4967.80859375
5176.453125
5388.634765625
5602.3408203125
5831.947265625
6077.23486328125
6313.43603515625
6548.7138671875
6802.8232421875
7062.50830078125
7317.552734375
7572.416015625
7826.60400390625
8083.18115234375
8340.1826171875
8320.267578125
8257.61328125
8209.3916015625
8167.39208984375
8127.2060546875
8082.8583984375
8035.60009765625
7985.80810546875
7934.89892578125
7877.05078125
7811.68212890625
7738.62109375
7659.20703125
7569.67529296875
7471.375
7361.78662109375
7236.5107421875
7112.0654296875
6983.9052734375
6851.28369140625
6711.65234375
6564.9404296875
6407.25390625
6238.2294921875
6060.869140625
5884.26171875
5712.07763671875
