2026.4422607421875
2066.58056640625
2161.634033203125
2214.941650390625
2284.3515625
2300.344482421875
2284.939453125
2260.246826171875
2233.540283203125
2218.286865234375
2217.57568359375
2223.92431640625
2237.307373046875
2254.627685546875
2269.623046875
2285.345703125
2305.880126953125
2331.6689453125
2357.8046875
2389.80712890625
2436.43994140625
2503.27099609375
2589.393798828125
2692.953857421875
2812.004150390625
2944.644775390625
3089.81396484375
3247.468505859375
3417.06005859375
3598.24267578125
3791.142578125
3995.046142578125
148.8191375732422
138.3304901123047
136.6800079345703
136.7051544189453
153.7457275390625
161.3983917236328
3771.80322265625
4865.79296875
5505.61767578125
5860.8916015625
6092.10693359375
6189.74755859375
6181.25927734375
6228.2529296875
6299.62060546875
6385.38232421875
6502.63623046875
6630.24609375
6765.7646484375
6917.52392578125
7088.29150390625
7270.19677734375
7445.3232421875
7612.09130859375
7770.74658203125
7917.58251953125
8053.7568359375
8180.0634765625
8294.27734375
8392.8623046875
8475.271484375
8540.56640625
8587.75
8617.0595703125
8629.2568359375
8625.4130859375
8606.1826171875
8572.87890625
8527.017578125
8469.5224609375
8402.1103515625
8325.943359375
8240.8134765625
8147.2744140625
8044.86669921875
7935.0244140625
7819.0849609375
7697.28369140625
7570.7666015625
7440.2470703125
7306.5146484375
7170.6103515625
7033.1591796875
6894.76123046875
6755.8017578125
6617.013671875
6478.69580078125
6340.5947265625
6203.4814453125
6065.1875
