2073.962646484375
2050.786376953125
2015.50244140625
2030.495849609375
2065.295654296875
2097.236572265625
2171.347412109375
2215.16845703125
2224.525146484375
2217.457275390625
2206.052490234375
2195.843505859375
2196.500244140625
2214.733642578125
2236.00244140625
2256.732177734375
2272.584228515625
2282.2236328125
2290.2041015625
2295.460205078125
2298.249267578125
2301.465576171875
2307.65478515625
2315.453369140625
2323.81396484375
2333.311279296875
2344.30810546875
2355.7607421875
2368.029541015625
2383.6318359375
2410.077880859375
2450.089599609375
121.99868774414062
123.3813705444336
123.85989379882812
124.01570892333984
124.09658813476562
124.10869598388672
1814.510986328125
1856.4727783203125
2253.7734375
2580.444580078125
2793.271484375
2936.150390625
3047.8271484375
3148.735107421875
3249.318359375
3355.176513671875
3468.34765625
3589.39306640625
3719.359619140625
3857.8291015625
4004.364501953125
4158.81201171875
4320.763671875
4490.04248046875
4666.4111328125
4850.078125
5038.12158203125
5235.24365234375
5444.58203125
5660.2392578125
5884.9521484375
6109.11669921875
6321.58203125
6545.2822265625
6755.0556640625
6956.44140625
7155.5595703125
7362.2548828125
7589.611328125
7829.451171875
8059.65185546875
8287.74609375
8517.189453125
8472.3447265625
8405.0068359375
8356.3486328125
8318.2744140625
8282.376953125
8248.2880859375
8210.3388671875
8167.30615234375
8120.44921875
8070.416015625
8014.5439453125
7951.62548828125
7882.76708984375
7806.03271484375
7722.0703125
7628.5810546875
7518.83056640625
