1499.99951171875
1500.0
1500.0025634765625
1500.0
1499.9957275390625
1500.0
1499.9801025390625
1499.8990478515625
1499.9525146484375
1499.9261474609375
1499.9993896484375
1499.99560546875
1499.9993896484375
1500.00048828125
1499.9976806640625
1500.00048828125
1500.00048828125
1500.00048828125
1500.0003662109375
1500.000244140625
1500.0001220703125
1500.0001220703125
1500.0
1500.0
1499.9993896484375
1500.0
1500.0
1499.999755859375
1500.0
1500.0
1500.0
1499.9993896484375
99.94961547851562
100.09622192382812
99.7498779296875
100.000732421875
99.99373626708984
100.0006103515625
1479.8984375
1499.933349609375
1500.2003173828125
1500.071044921875
1500.0
1500.0054931640625
1498.8592529296875
1499.263916015625
1499.9256591796875
1498.2508544921875
1410.1439208984375
1289.4581298828125
1210.2945556640625
1140.3404541015625
1075.9852294921875
1016.0996704101562
959.7376098632812
906.30078125
855.8629150390625
808.6354370117188
764.332763671875
727.070068359375
694.9678344726562
666.6456298828125
641.3466796875
618.618408203125
598.1090087890625
579.4044799804688
562.1784057617188
546.1686401367188
531.1165161132812
517.193115234375
504.3236389160156
492.0030517578125
480.20391845703125
468.91802978515625
458.1640319824219
447.8343505859375
437.9141540527344
428.3859558105469
419.2276611328125
410.417236328125
401.92816162109375
393.74676513671875
385.8569030761719
378.2235412597656
370.82208251953125
363.63287353515625
356.64068603515625
349.8353271484375
343.214111328125
336.77557373046875
330.5225830078125
324.4568176269531
