2074.439208984375
2045.0489501953125
2014.24267578125
1989.3363037109375
2068.52685546875
2084.4990234375
2066.466552734375
2064.54736328125
2070.324951171875
2135.712158203125
2203.25390625
2239.771728515625
2271.2548828125
2303.478759765625
2340.299560546875
2387.63720703125
2451.636474609375
2530.1650390625
2623.24853515625
2732.537109375
2857.81640625
2999.862060546875
3157.5302734375
3330.120849609375
3512.9287109375
3704.561279296875
3903.7607421875
4110.5068359375
4322.41845703125
4540.2490234375
4763.91552734375
4993.05126953125
190.42601013183594
169.06507873535156
169.16905212402344
174.80978393554688
181.89996337890625
189.0954132080078
4867.3154296875
5478.54052734375
5735.71240234375
5865.828125
5959.50244140625
6060.34033203125
6186.4384765625
6348.74462890625
6544.2802734375
6780.52392578125
7036.37890625
7402.06787109375
7770.1875
8149.462890625
8567.4970703125
8988.3076171875
9399.0244140625
9796.54296875
9923.376953125
9796.1923828125
9684.009765625
9572.6767578125
9454.373046875
9326.62109375
9188.3798828125
9040.1376953125
8882.0146484375
8715.1708984375
8540.740234375
8359.876953125
8173.765625
7983.2353515625
7789.15966796875
7592.517578125
7394.353515625
7193.83740234375
6993.07568359375
6793.06005859375
6594.4326171875
6397.60205078125
6206.607421875
6022.37158203125
5844.69775390625
5673.05078125
5506.84326171875
5345.55712890625
5188.69384765625
5035.9970703125
4887.53515625
4743.52001953125
4603.7001953125
4467.31494140625
4336.1103515625
4210.0263671875
