2085.436767578125
2077.662109375
2052.38232421875
2029.9661865234375
2016.08984375
2005.3319091796875
2012.651123046875
2053.849853515625
2054.33203125
2066.8603515625
2068.1123046875
2064.986572265625
2066.896484375
2072.572509765625
2075.51513671875
2075.578857421875
2076.119140625
2086.62744140625
2095.1884765625
2102.554443359375
2108.990478515625
2116.675537109375
2129.052978515625
2142.337158203125
2153.068603515625
2165.584228515625
2179.875244140625
2196.5751953125
2217.125244140625
2244.98046875
2281.91748046875
2333.574951171875
126.27375030517578
127.48046875
128.02801513671875
128.3813018798828
128.60743713378906
128.75558471679688
1885.1859130859375
2204.95068359375
2377.430419921875
2523.1494140625
2654.917236328125
2782.755615234375
2915.427734375
3053.783447265625
3199.7607421875
3350.34130859375
3501.02978515625
3656.188720703125
3822.625244140625
4000.1357421875
4182.51953125
4364.96044921875
4546.86376953125
4730.74658203125
4919.23193359375
5112.51318359375
5317.42626953125
5536.330078125
5825.6865234375
6208.95751953125
6483.578125
6673.8291015625
6864.64208984375
7051.759765625
7255.81005859375
7469.5830078125
7677.45556640625
7848.90283203125
7964.72412109375
8159.857421875
8391.72265625
8563.0146484375
8656.79296875
8734.130859375
8806.564453125
8857.9228515625
8902.626953125
8904.5830078125
8893.9912109375
8875.9189453125
8869.0322265625
8885.685546875
8926.818359375
8986.8525390625
9042.66015625
8649.2587890625
8208.6201171875
7840.265625
7497.640625
7087.39892578125
