1500.0
1500.0
1500.0
1500.0
1500.0
1500.0
1500.0
1500.0
1500.0
1500.0
1500.0
1500.0
1500.0
1500.0
1500.0
1500.0
1500.0
1500.0
1500.0
1500.0
1500.0
1500.0
1500.0
1500.0
1500.0
1500.0
1500.0
1500.0
1500.0
1500.0
1500.0
1500.0
100.0
100.0
100.0
100.0
100.0
100.0
1500.0
1500.0
1500.0
1500.0
1500.0
1500.0
1500.0
1500.0
1500.0
1500.0
1500.0
1500.0
1500.0
1464.6943359375
1395.6861572265625
1330.1573486328125
1266.4931640625
1201.025634765625
1132.462890625
1063.794921875
996.6293334960938
936.018798828125
878.4105834960938
817.322265625
756.5665283203125
707.3807983398438
666.6840209960938
628.773681640625
592.3538208007812
556.771240234375
523.5887451171875
494.0890197753906
471.4476623535156
449.24603271484375
426.31884765625
402.35809326171875
377.76885986328125
353.1141662597656
328.4876708984375
305.005126953125
283.1776428222656
262.5164794921875
243.04348754882812
224.86245727539062
208.02114868164062
198.3401641845703
193.1715850830078
187.15792846679688
181.08749389648438
175.1638946533203
169.37625122070312
163.6964569091797
158.3303680419922
153.00347900390625
147.324951171875
