1499.9984130859375
1500.0
1500.0
1500.0
1500.0
1500.0
1500.0035400390625
1500.0
1500.0
1500.0
1500.0
1500.0
1500.0
1500.0
1500.0
1500.0
1500.0
1500.0
1500.0
1500.0
1500.0
1500.0
1500.0
1500.0
1500.0
1500.0
1500.0
1500.0
1500.0
1500.0
1500.0
1500.0
100.0
100.0
100.0
100.0
100.0
100.0
1500.0
1500.0
1500.0
1500.0
1500.0
1500.0
1500.0
1500.0
1500.0
1500.0
1500.0
1500.0
1500.0
1500.0
1500.0
1500.0
1500.0
1500.0
1500.0
1500.0
1500.0
1500.0
1500.0
1500.0
1500.0
1500.0
1500.0
1500.0
1500.0
1500.0
1500.0
1500.0
1500.0
1500.0
1500.0
1500.0
1500.0
1403.1776123046875
1322.8782958984375
1270.3990478515625
1213.3662109375
1150.8812255859375
1083.6517333984375
1017.4371337890625
959.1297607421875
906.4674072265625
859.3250732421875
814.7421875
770.765625
738.363525390625
722.3121337890625
700.7767333984375
677.3157958984375
653.8930053710938
626.9153442382812
