1500.0
1500.0
1499.9998779296875
1500.0
1500.0
1500.0
1500.0
1500.0
1500.0
1500.0
1500.0
1500.0
1500.0
1500.0
1500.0
1500.0
1500.0
1500.0
1500.0
1500.0
1500.0
1500.0
1500.0
1500.0
1500.0
1500.0
1500.0
1500.0
1500.0
1500.0
1500.0
1500.0
100.0
100.0
100.0
100.0
100.0
100.0
1500.0
1500.0
1500.0
1500.0
1500.0
1500.0
1500.0
1500.0
1500.0
1500.0
1500.0
1467.1494140625
1423.2088623046875
1380.057861328125
1336.5869140625
1292.7664794921875
1270.92578125
1248.9583740234375
1204.626708984375
1160.420654296875
1116.44970703125
1072.866943359375
1029.8377685546875
987.7666015625
947.0020141601562
907.9089965820312
870.9795532226562
836.045654296875
802.8190307617188
771.0953369140625
740.6764526367188
711.4437866210938
683.2803344726562
656.1572265625
630.0236206054688
604.8408203125
580.528564453125
557.143310546875
534.6775512695312
513.0744018554688
492.2853088378906
472.27093505859375
453.0036315917969
434.4613952636719
416.6224365234375
399.47503662109375
383.0099792480469
367.07305908203125
351.7347717285156
337.28924560546875
323.4627380371094
310.18743896484375
297.5217590332031
285.4750671386719
273.59320068359375
