1500.0
1500.0
1500.0
1500.0
1500.0
1500.0
1500.0
1500.0
1500.0
1500.0
1500.0
1500.0
1500.0
1500.0
1499.9998779296875
1500.0
1500.0
1500.0
1500.0
1500.0
1500.0
1500.0
1500.0
1500.0
1500.0
1500.0
1500.0
1500.0
1500.0
1500.0
1500.0
1500.0
100.0
100.0
100.0
100.0
100.0
100.0
1500.0
1500.0
1500.0
1500.0
1500.0
1500.0
1500.0
1500.0
1493.2283935546875
1427.7255859375
1354.5643310546875
1278.5543212890625
1205.9063720703125
1136.953857421875
1071.3525390625
1013.0780639648438
955.2669067382812
904.9559326171875
875.620361328125
843.5967407226562
814.1917724609375
787.6907958984375
762.532470703125
737.9921875
716.65283203125
699.0825805664062
681.3477783203125
663.3184204101562
645.2656860351562
627.51611328125
610.1968383789062
593.2781982421875
576.3524780273438
559.4369506835938
542.5501098632812
525.7115478515625
509.3377685546875
493.5458068847656
478.37823486328125
463.8442687988281
450.06414794921875
436.9270935058594
424.28619384765625
412.070556640625
400.77972412109375
389.62127685546875
378.6305236816406
367.7822570800781
357.136962890625
346.7737121582031
336.7297668457031
327.0064697265625
317.59130859375
308.5257263183594
