1499.999267578125
1309.8104248046875
1009.2866821289062
909.431640625
846.3952026367188
792.35107421875
752.9944458007812
718.4822387695312
686.885498046875
664.3098754882812
641.8990478515625
620.5576782226562
600.1480712890625
581.8634033203125
569.28125
558.6921997070312
548.2308959960938
537.0634765625
524.4698486328125
510.5121154785156
493.8069763183594
475.9722900390625
457.21478271484375
437.7605285644531
417.1582946777344
395.3023681640625
374.79327392578125
359.5213623046875
346.3117370605469
333.0577697753906
320.56787109375
308.3028869628906
100.0
100.0
100.0
100.0
100.0
100.0
296.523193359375
286.4873352050781
276.6703186035156
267.8516845703125
258.81829833984375
249.44540405273438
239.87277221679688
230.23854064941406
220.69549560546875
211.33810424804688
202.28114318847656
193.5594940185547
185.17813110351562
177.194091796875
169.6646728515625
162.63780212402344
156.05435180664062
150.0597381591797
144.52908325195312
139.36073303222656
134.5255126953125
130.0318603515625
125.82591247558594
121.89071655273438
118.2119369506836
114.78521728515625
111.58589172363281
108.58838653564453
105.7762451171875
103.1443862915039
100.67343139648438
98.33518981933594
96.11149597167969
93.989990234375
91.95962524414062
90.01046752929688
88.13738250732422
86.34358215332031
84.6320571899414
82.99065399169922
81.40687561035156
79.88460540771484
78.41975402832031
77.0269546508789
75.7003402709961
74.42295837402344
73.19284057617188
72.00765991210938
70.86531066894531
69.76213836669922
68.69511413574219
67.661865234375
66.65917205810547
65.68773651123047
