1499.995361328125
1500.0
1500.0
1500.0
1500.000732421875
1500.0
1500.0
1500.0
1500.0
1500.0
1500.0
1500.0
1500.0
1500.0
1500.0
1500.0
1500.0
1500.0
1500.0
1500.0
1500.0
1500.0
1500.0
1500.0
1500.0
1500.0
1500.0
1500.0
1500.0
1500.0
1500.0
1500.0
100.0
100.0
100.0
100.0
100.0
100.0
1500.0
1500.0
1500.0
1500.0
1500.0
1500.0
1500.0
1500.0
1500.0
1500.0
1500.0
1500.0
1500.0
1500.0
1500.0
1500.0
1500.0
1500.0
1500.0
1500.0
1500.0
1500.0
1500.0
1500.0
1500.0
1500.0
1500.0
1499.9981689453125
1500.0
1500.0
1500.0
1499.9998779296875
1500.0
1500.0
1500.0
1499.998779296875
1500.0
1500.0
1500.0
1499.9996337890625
1499.9993896484375
1499.9930419921875
1473.0108642578125
1421.8502197265625
1370.29150390625
1332.112060546875
1287.791015625
1239.19287109375
1189.539306640625
1138.6927490234375
1086.488037109375
1033.2744140625
980.31591796875
927.5416259765625
