1499.9996337890625
1500.02880859375
1500.0
1500.0
1500.0
1500.0
1500.0
1500.0
1500.0
1500.0
1500.0
1500.0
1500.0
1500.0
1500.0
1500.0
1500.0
1500.0
1500.0
1500.0
1500.0
1500.0
1500.0
1500.0
1500.0
1500.0
1500.0
1500.0
1500.0
1500.0
1500.0
1500.0
100.0
100.0
100.0
100.0
100.0
100.0
1499.9971923828125
1500.0
1500.0
1500.0
1500.0
1500.0
1500.0
1500.0
1500.0
1491.224853515625
1462.601806640625
1435.015380859375
1406.6275634765625
1377.548095703125
1348.504638671875
1318.5628662109375
1287.9852294921875
1256.83642578125
1224.9735107421875
1193.24658203125
1161.4736328125
1129.6024169921875
1097.7562255859375
1065.8070068359375
1033.9267578125
1002.4652709960938
971.489501953125
940.9569702148438
910.9694213867188
881.3480224609375
852.2191162109375
823.6433715820312
795.681396484375
768.3455810546875
741.6838989257812
715.719482421875
690.4773559570312
666.0678100585938
642.507568359375
619.8048706054688
597.980224609375
577.0088500976562
556.7991943359375
537.2921142578125
518.3798217773438
500.0387878417969
482.3304443359375
465.2676696777344
448.826416015625
432.9853820800781
417.7325744628906
403.041259765625
388.86285400390625
375.2025146484375
