1499.99658203125
1500.0
1500.0
1500.0
1500.0
1500.0
1500.0
1500.0
1500.0
1500.0
1500.0
1500.0
1500.0
1500.0
1500.0
1500.0
1500.0
1500.0
1500.0
1500.0
1500.0
1500.0
1500.0
1500.0
1500.0
1500.0
1500.0
1500.0
1500.0
1500.0
1498.80029296875
1460.9669189453125
99.99528503417969
100.0
100.0
100.0
100.0
100.0
1499.9998779296875
1500.0
1449.6046142578125
1363.38330078125
1309.851318359375
1269.55712890625
1232.884765625
1196.3533935546875
1159.628662109375
1122.82568359375
1085.2178955078125
1047.2115478515625
1009.242431640625
972.0556640625
937.299560546875
903.2088623046875
869.4346313476562
835.7625122070312
802.0794067382812
769.3251953125
737.5051879882812
706.2095336914062
676.3726196289062
648.1604614257812
621.3796997070312
595.9912719726562
571.9452514648438
549.3390502929688
528.1724853515625
508.24078369140625
489.1745300292969
470.5540466308594
452.3345947265625
435.0895690917969
418.9916687011719
403.8291320800781
389.3896484375
375.4321594238281
362.1385498046875
349.9613342285156
338.7574768066406
328.1893615722656
318.14007568359375
308.5430908203125
299.3470764160156
290.49951171875
282.0021057128906
273.9407043457031
266.446533203125
259.4879150390625
252.96621704101562
246.7822265625
240.90591430664062
235.32264709472656
