1499.999755859375
1499.9998779296875
1500.0
1500.0
1500.0
1499.9991455078125
1500.0
1500.0
1500.0
1500.0
1500.0
1500.0
1500.0
1500.0
1500.0
1500.0
1500.0
1500.0
1500.0
1500.0
1500.0
1500.0
1500.0
1500.0
1500.0
1500.0
1500.0
1500.0
1500.0
1500.0
1500.0
1500.0
99.99944305419922
100.0
100.0
100.0
100.0
100.0
1500.0
1499.9984130859375
1500.0
1500.0
1500.0
1500.0
1500.0
1500.0
1500.0
1500.0
1500.0
1500.0
1500.0
1500.0
1500.0
1500.0
1500.0
1500.0
1500.0
1500.0
1500.0
1500.0
1500.0
1500.0
1500.0
1500.0
1500.0
1500.0
1500.0
1500.0
1500.0
1500.0
1500.0
1500.0
1500.0
1500.0
1500.0
1481.6676025390625
1432.15185546875
1386.53955078125
1343.0628662109375
1300.894287109375
1258.826171875
1217.2235107421875
1176.3450927734375
1136.168212890625
1096.3385009765625
1057.217529296875
1019.4479370117188
983.1085815429688
947.0318603515625
912.1539306640625
877.9453735351562
845.6676635742188
