1499.999755859375
1500.003173828125
1500.0
1499.9879150390625
1499.9996337890625
1500.0
1500.0
1500.0
1499.9998779296875
1500.0
1500.0
1500.0
1500.0
1500.0
1500.0
1500.0
1500.0
1500.0
1500.0
1500.0
1500.0
1500.0
1500.0
1500.0
1478.8612060546875
1430.6986083984375
1383.634521484375
1336.349609375
1288.3245849609375
1239.335205078125
1191.944091796875
1145.3028564453125
100.0
100.0
100.0
100.0
100.0
100.0
1315.781494140625
1186.5384521484375
1106.3140869140625
1053.8243408203125
1010.2400512695312
967.805419921875
924.1241455078125
880.5426635742188
837.396240234375
794.1124267578125
751.3401489257812
710.096435546875
670.6922607421875
632.7551879882812
595.4696655273438
560.1682739257812
527.4699096679688
496.9701843261719
468.03021240234375
440.29180908203125
415.202880859375
393.7947998046875
375.482177734375
359.6475524902344
345.8501281738281
333.667724609375
322.604736328125
312.53570556640625
303.32342529296875
294.8606262207031
287.0865478515625
279.7824401855469
272.787841796875
266.0758361816406
259.6435852050781
253.5938262939453
248.0291748046875
243.07492065429688
238.70460510253906
234.73724365234375
230.94544982910156
227.10794067382812
223.0885009765625
218.9493408203125
214.70114135742188
210.3577423095703
205.9167938232422
201.37257385253906
196.73866271972656
192.2286834716797
187.9175567626953
183.83407592773438
180.00120544433594
176.40379333496094
