1500.0
1500.046875
1500.0
1500.0
1500.0
1500.0
1500.0
1500.0
1500.0
1500.0
1500.0
1500.0
1500.0
1500.0
1500.0
1500.0
1500.0
1500.0
1500.0
1500.0
1500.0
1500.0
1500.0
1451.9466552734375
1405.44482421875
1359.5712890625
1313.3695068359375
1268.975341796875
1225.6046142578125
1182.240478515625
1138.78369140625
1095.152587890625
100.0
99.99593353271484
100.0
100.0
100.0
100.0
1239.487060546875
1009.287109375
939.662353515625
914.3479614257812
892.0687255859375
853.5697631835938
835.6618041992188
818.5145874023438
785.6649169921875
753.5010375976562
721.62744140625
690.7254638671875
661.2276000976562
633.1590576171875
606.4503784179688
580.8268432617188
556.1414794921875
532.2926025390625
509.2681884765625
487.0462341308594
465.6017761230469
444.932861328125
425.03350830078125
405.9084167480469
387.5581970214844
369.9951171875
353.23480224609375
345.1007080078125
337.1501770019531
321.92236328125
307.4662780761719
293.7807312011719
280.7914123535156
268.4525451660156
256.75970458984375
245.63812255859375
234.91366577148438
224.4427032470703
214.94467163085938
206.20265197753906
197.71804809570312
189.6678924560547
182.06973266601562
174.87954711914062
168.0780487060547
161.63856506347656
155.50949096679688
149.67520141601562
144.1255340576172
138.80120849609375
133.70751953125
128.86346435546875
124.26692199707031
119.88999938964844
115.71602630615234
111.7391586303711
107.94376373291016
