1500.0
1500.0
1500.0
1500.0
1499.9998779296875
1500.0
1500.0
1500.0
1500.0
1500.0
1500.0
1500.0
1500.0
1500.0
1500.0
1499.999755859375
1500.0
1500.0
1499.999755859375
1500.0
1500.0
1500.0
1500.0
1500.0
1500.0
1500.0
1500.0
1500.0
1500.0
1500.0
1500.0
1500.0
100.0000228881836
100.0
100.0
100.0
100.0
100.0
1500.0
1500.0
1499.9852294921875
1500.0
1500.0
1500.0
1500.0
1500.0
1500.0
1500.0
1500.0
1500.0
1500.0
1500.0
1500.0
1490.0927734375
1446.6083984375
1398.3118896484375
1346.538330078125
1292.3031005859375
1237.26513671875
1183.3558349609375
1131.8121337890625
1083.0240478515625
1038.056884765625
995.633056640625
954.7826538085938
915.71728515625
877.9685668945312
841.0957641601562
814.4660034179688
788.7540283203125
763.0303344726562
737.8470458984375
716.4921875
699.8012084960938
682.7288208007812
665.6384887695312
648.5554809570312
631.458984375
614.5232543945312
598.633056640625
583.546630859375
568.9323120117188
554.9993896484375
541.818603515625
529.3657836914062
517.4077758789062
506.2568664550781
495.78466796875
485.67095947265625
475.65936279296875
465.4936218261719
455.093017578125
