1500.0
1500.0
1500.0
1499.999755859375
1500.0
1500.0
1500.0
1500.0
1500.0
1500.0
1500.0
1500.0
1500.0
1500.0
1500.0
1500.0
1500.0
1500.0
1500.0
1500.0
1500.0
1500.0
1500.0
1500.0
1500.0
1500.0
1500.0
1500.0
1500.0
1500.0
1500.0
1500.0
100.0
100.0
100.0
100.0
100.0
100.0
1500.0
1500.0
1500.0
1500.0
1500.0
1500.0
1500.0
1500.0
1500.0
1500.0
1500.0
1500.0
1500.0
1500.0
1500.0
1500.0
1500.0
1500.0
1500.0
1500.0
1500.0
1500.0
1500.0
1500.0
1500.0
1500.0
1500.0
1500.0
1500.0
1500.0
1500.0
1467.005126953125
1423.876953125
1382.701416015625
1342.27685546875
1302.5787353515625
1263.7672119140625
1225.74169921875
1188.7908935546875
1153.068359375
1118.998046875
1086.5660400390625
1055.0401611328125
1022.0690307617188
991.00390625
961.334716796875
932.3956909179688
904.3099365234375
877.1347045898438
850.6589965820312
824.9356079101562
799.9767456054688
775.7992553710938
752.3974609375
