1500.0
1500.0
1500.0
1499.999755859375
1500.0
1500.0
1500.0
1500.0
1499.9998779296875
1500.0
1500.0
1500.0
1500.0
1500.0
1495.7525634765625
1460.8944091796875
1420.0269775390625
1386.1357421875
1359.2598876953125
1336.6937255859375
1314.0987548828125
1292.1136474609375
1270.92578125
1247.46337890625
1222.73291015625
1196.1724853515625
1169.1220703125
1143.1806640625
1115.844482421875
1087.303466796875
1059.532958984375
1029.957275390625
99.99968719482422
100.0
100.0
100.0
100.0
100.0
1409.19677734375
1033.050048828125
921.7461547851562
872.4765625
837.654052734375
803.7821655273438
771.69384765625
740.7128295898438
718.3323364257812
699.3363647460938
681.1980590820312
663.2809448242188
646.1517944335938
629.860107421875
613.916748046875
598.18701171875
582.55908203125
567.0036010742188
551.54150390625
536.2322387695312
521.1160278320312
506.196044921875
491.41400146484375
476.7323303222656
462.32879638671875
448.2555236816406
434.53961181640625
421.2173156738281
408.3002014160156
395.79742431640625
383.7317810058594
372.1465759277344
361.0862731933594
350.5045471191406
340.3568420410156
330.57769775390625
321.1772155761719
312.27276611328125
303.7221374511719
295.31396484375
287.0875549316406
279.0667419433594
271.2657165527344
263.7016906738281
256.36932373046875
249.2846221923828
242.47512817382812
235.9384307861328
229.68405151367188
223.7067108154297
218.0032501220703
212.56619262695312
207.3904571533203
202.4580535888672
