1499.9998779296875
1500.0
1500.0
1500.0
1500.0
1500.0
1500.0
1500.0032958984375
1499.999755859375
1499.9998779296875
1499.999267578125
1500.0
1500.0
1499.998779296875
1499.999755859375
1499.999755859375
1499.99658203125
1499.9989013671875
1499.9952392578125
1499.9971923828125
1500.0
1499.9971923828125
1499.9976806640625
1499.9974365234375
1499.9979248046875
1499.9974365234375
1499.9940185546875
1500.0
1500.0
1499.9993896484375
1500.0
1499.9998779296875
100.00000762939453
100.0
100.0
100.0
100.0
100.0
1500.0
1500.0
1500.0
1500.0
1500.0
1500.0
1500.0
1500.0
1500.0
1499.999755859375
1500.0
1500.0
1499.9998779296875
1499.9998779296875
1499.9998779296875
1499.9998779296875
1489.6395263671875
1442.803955078125
1405.6475830078125
1370.31689453125
1334.937255859375
1299.31982421875
1263.7528076171875
1227.8216552734375
1191.86865234375
1156.49072265625
1121.9534912109375
1088.55126953125
1056.0650634765625
1024.4061279296875
993.5975341796875
963.6282958984375
934.538818359375
906.58349609375
879.4672241210938
853.3382568359375
828.3618774414062
804.121337890625
780.718505859375
769.3761596679688
758.067626953125
736.2178344726562
715.4403076171875
695.6045532226562
676.6922607421875
658.534912109375
641.2296142578125
624.7335815429688
608.9487915039062
593.8341064453125
579.3475341796875
565.6192626953125
552.3056030273438
539.4277954101562
527.0941162109375
515.3067016601562
504.03729248046875
