2069.05615234375
2036.1044921875
1997.3123779296875
2087.715087890625
2099.214599609375
2137.787353515625
2190.165283203125
2216.337646484375
2230.062744140625
2238.53369140625
2255.482421875
2267.762939453125
2273.8779296875
2276.4306640625
2282.903564453125
2284.197509765625
2288.515869140625
2294.335693359375
2300.027587890625
2309.366455078125
2325.726318359375
2348.235595703125
2385.2158203125
2431.889892578125
2494.076904296875
2572.719482421875
2665.507080078125
2772.722412109375
2895.34228515625
3033.373779296875
3186.528076171875
3352.925537109375
124.3406982421875
130.59063720703125
133.39581298828125
134.04075622558594
134.13531494140625
134.0900421142578
3064.641845703125
3530.727783203125
3842.0390625
4075.967529296875
4265.63671875
4441.48583984375
4622.6181640625
4818.66259765625
5029.98046875
5256.9072265625
5530.86279296875
5876.947265625
6217.5263671875
6564.81591796875
6918.82666015625
7281.8876953125
7639.57421875
7996.28076171875
8350.9912109375
8713.189453125
8804.9814453125
8724.662109375
8663.3154296875
8609.69140625
8558.9951171875
8507.904296875
8444.7919921875
8372.4482421875
8291.99609375
8202.306640625
8091.1865234375
7971.150390625
7843.30029296875
7707.92578125
7566.07080078125
7418.771484375
7266.30078125
7109.634765625
6949.39404296875
6786.9208984375
6624.13134765625
6461.75341796875
6299.44921875
6135.935546875
5973.09521484375
5811.73193359375
5652.16064453125
5494.65234375
5339.21044921875
5185.91796875
5035.2900390625
4886.56982421875
4740.14501953125
4596.3369140625
