2062.45166015625
2039.2830810546875
2017.7894287109375
2001.0750732421875
2048.998046875
2055.542724609375
2043.5911865234375
2032.8004150390625
2023.3280029296875
2034.7457275390625
2054.499267578125
2070.9794921875
2095.313232421875
2120.735107421875
2142.10693359375
2164.83544921875
2203.831787109375
2249.87646484375
2304.850341796875
2376.728515625
2464.80224609375
2565.5576171875
2677.396484375
2799.3505859375
2929.66650390625
3067.6806640625
3212.99169921875
3366.205078125
3526.44091796875
3693.075439453125
3866.582763671875
4046.81494140625
157.66909790039062
153.97225952148438
163.8648681640625
174.63357543945312
184.5214080810547
193.51681518554688
4534.20751953125
4774.3662109375
4900.44482421875
5052.76806640625
5188.9365234375
5334.5751953125
5493.03955078125
5661.9677734375
5844.51416015625
6037.10693359375
6240.14404296875
6450.92724609375
6674.76123046875
6914.95654296875
7173.65771484375
7453.38623046875
7751.65380859375
8076.3544921875
8435.2333984375
8792.91015625
9192.880859375
9614.9873046875
10048.1123046875
10480.0048828125
10912.12109375
11349.447265625
11803.486328125
12270.3095703125
12747.43359375
13232.27734375
13720.4716796875
14216.751953125
14721.6796875
15230.484375
15738.8486328125
16243.38671875
16741.43359375
17231.091796875
17711.75
18159.064453125
17924.9921875
17727.69921875
17541.017578125
17357.892578125
17175.923828125
16992.470703125
16805.470703125
16613.951171875
16417.30859375
16215.2978515625
16008.287109375
15795.8310546875
15577.9130859375
15355.830078125
15130.9638671875
