2061.877685546875
2034.8349609375
2030.615234375
2024.7843017578125
2083.89990234375
2127.0234375
2146.94091796875
2146.18701171875
2140.242431640625
2135.379150390625
2140.142578125
2154.297607421875
2181.39794921875
2199.392578125
2215.0673828125
2222.944580078125
2224.685546875
2229.146728515625
2235.765380859375
2246.919921875
2260.0
2274.30078125
2288.841064453125
2305.043212890625
2323.37060546875
2350.75146484375
2394.530029296875
2454.53515625
2530.9921875
2621.37060546875
2724.156494140625
2838.210205078125
123.7007827758789
128.74429321289062
130.5636749267578
133.38348388671875
135.306884765625
136.38343811035156
2291.75390625
2701.821044921875
2953.9560546875
3175.72607421875
3312.1865234375
3436.99755859375
3569.526123046875
3715.130126953125
3874.312744140625
4047.7607421875
4234.50146484375
4433.4658203125
4642.1005859375
4857.4248046875
5078.01220703125
5314.07861328125
5577.0634765625
5856.61279296875
6139.7197265625
6423.2802734375
6714.0322265625
7005.380859375
7301.517578125
7597.78515625
7902.791015625
8217.7265625
8517.6669921875
8723.896484375
8644.0458984375
8584.0009765625
8529.16796875
8471.91796875
8409.0205078125
8340.8798828125
8263.9033203125
8180.27099609375
8094.32080078125
8003.34228515625
7893.24609375
7776.56591796875
7656.47021484375
7532.27978515625
7402.5810546875
7270.1357421875
7134.759765625
6996.4921875
6855.91064453125
6713.37353515625
6569.31982421875
6424.4228515625
6279.4150390625
6135.404296875
5992.42919921875
5850.41064453125
5708.4140625
