2028.43212890625
1653.7889404296875
1453.0020751953125
1332.30322265625
1254.111572265625
1201.0186767578125
1159.2977294921875
1129.576904296875
1102.6529541015625
1080.770751953125
1062.3148193359375
1045.9393310546875
1035.7576904296875
1023.8439331054688
1010.492431640625
996.09716796875
981.0697631835938
968.5963134765625
958.6080322265625
947.9093627929688
937.2586059570312
925.4387817382812
913.2904663085938
901.2312622070312
889.21240234375
877.2202758789062
865.2930908203125
853.3547973632812
845.3084106445312
839.0902099609375
832.25439453125
824.8988647460938
122.6123046875
123.50277709960938
124.64353942871094
125.63948059082031
126.44774627685547
127.11698150634766
878.0733032226562
842.4192504882812
812.9445190429688
815.3419799804688
816.3587646484375
810.7353515625
801.0799560546875
790.1302490234375
779.8677978515625
770.9829711914062
762.8143920898438
755.8182373046875
749.9177856445312
744.1841430664062
739.454833984375
736.4359741210938
734.4765014648438
734.8652954101562
743.1451416015625
767.1448974609375
789.1084594726562
809.1534423828125
827.70458984375
846.0258178710938
867.400146484375
888.2886962890625
907.3134155273438
925.6355590820312
945.1842651367188
965.467041015625
985.83837890625
1005.4905395507812
1024.400634765625
1042.5377197265625
1059.4774169921875
1075.2340087890625
1089.6947021484375
1102.5718994140625
1113.934326171875
1123.7120361328125
1132.3800048828125
1140.514892578125
1148.1103515625
1154.8363037109375
1160.03564453125
1163.1534423828125
1164.470703125
1164.567138671875
1163.5330810546875
1161.541259765625
1158.5609130859375
1154.6563720703125
1150.989501953125
1146.9705810546875
