1909.3060302734375
1841.0447998046875
1606.6826171875
1490.2406005859375
1463.454833984375
1445.1912841796875
1424.898193359375
1403.5736083984375
1390.4808349609375
1374.7489013671875
1358.966796875
1343.9376220703125
1331.60400390625
1323.45947265625
1320.319580078125
1329.510009765625
1345.732666015625
1374.066162109375
1415.720947265625
1468.7742919921875
1530.40673828125
1600.0897216796875
1678.733154296875
1758.4102783203125
1838.654296875
1917.7418212890625
1994.3096923828125
2067.315185546875
2134.70654296875
2200.11181640625
2265.846923828125
2333.716552734375
394.24456787109375
405.40313720703125
420.4570007324219
439.8276672363281
453.12554931640625
466.016845703125
478.6717834472656
2727.31396484375
2780.2509765625
2820.51806640625
2891.918212890625
2946.57861328125
2982.119140625
3004.96240234375
3017.333984375
3019.956298828125
3012.87158203125
2996.97900390625
2972.346435546875
2939.193359375
2898.675048828125
2852.80224609375
2801.978271484375
2745.608154296875
2684.30078125
2618.83251953125
2549.547119140625
2477.202880859375
2403.482666015625
2329.447021484375
2255.845703125
2219.24560546875
2182.91455078125
2111.910888671875
2042.475341796875
1974.6466064453125
1908.7120361328125
1844.6685791015625
1808.4635009765625
1781.6307373046875
1721.1072998046875
1661.5546875
1603.90478515625
1548.9058837890625
1496.2255859375
1446.0086669921875
1398.427734375
1353.1949462890625
1310.021240234375
1268.80517578125
1229.51953125
1192.1453857421875
1156.5302734375
1122.670166015625
1090.27490234375
1059.1328125
1029.190673828125
1000.3858032226562
972.6719360351562
946.05859375
920.5322265625
896.0322265625
872.4982299804688
849.8604125976562
