2069.70654296875
2036.12890625
2018.0836181640625
2024.82958984375
2041.4908447265625
2043.532470703125
2050.669189453125
2057.633544921875
2080.56640625
2129.586181640625
2169.992919921875
2193.70068359375
2219.78759765625
2248.75927734375
2281.25341796875
2314.6279296875
2350.530029296875
2390.38818359375
2451.406005859375
2543.684326171875
2649.8837890625
2769.088623046875
2904.371337890625
3053.64697265625
3213.315673828125
3383.657958984375
3563.501953125
3749.49462890625
3940.542236328125
4139.16357421875
4343.72021484375
4551.00732421875
184.9862060546875
175.92660522460938
169.9263458251953
163.3343505859375
160.17198181152344
158.01498413085938
155.98870849609375
3701.893798828125
3901.788818359375
4115.54052734375
4398.505859375
4752.08447265625
5140.0283203125
5515.94091796875
5911.63623046875
6298.55322265625
6675.0517578125
7029.67626953125
7329.35205078125
7571.2490234375
7757.4755859375
7910.23095703125
8060.42529296875
8200.60546875
8341.2109375
8463.2529296875
8545.359375
8620.9560546875
8712.3994140625
8690.1015625
8699.1494140625
8728.58984375
8752.8896484375
8784.869140625
8853.642578125
8900.994140625
8912.0771484375
8665.9482421875
8140.91796875
7701.1982421875
7312.19091796875
6935.84814453125
6752.87255859375
6574.77392578125
6244.8251953125
5930.19580078125
5635.81298828125
5342.84765625
5053.0869140625
4781.451171875
4533.9951171875
4276.38623046875
4064.927734375
3819.671142578125
3480.756103515625
3281.098388671875
3175.020263671875
3102.832275390625
3027.120849609375
2949.13818359375
2869.763671875
2791.0771484375
2713.556640625
2636.70068359375
2561.49853515625
