2017.72705078125
2067.1513671875
2087.633056640625
2201.31005859375
2323.698974609375
2365.064208984375
2379.570068359375
2350.697265625
2327.67626953125
2315.32861328125
2299.92236328125
2293.050048828125
2293.755126953125
2298.22119140625
2305.497314453125
2315.732666015625
2333.95654296875
2356.99609375
2384.422119140625
2419.730712890625
2470.423095703125
2540.677978515625
2630.623291015625
2739.274169921875
2865.663818359375
3008.924560546875
3168.8818359375
3344.779541015625
3536.30615234375
3742.533935546875
3963.138916015625
4197.68798828125
199.05474853515625
200.5897674560547
198.2350311279297
196.1071014404297
193.83218383789062
192.372314453125
3720.88134765625
4482.36767578125
5179.02490234375
5989.40966796875
6455.26416015625
6446.30712890625
6442.744140625
6482.41259765625
6577.8359375
6700.91796875
6845.02978515625
7006.82763671875
7186.48779296875
7369.75
7556.61328125
7748.2666015625
7944.61962890625
8129.7744140625
8298.099609375
8451.537109375
8589.99609375
8715.2119140625
8825.142578125
8917.0712890625
8990.4130859375
9043.9384765625
9077.7490234375
9092.841796875
9090.6416015625
9072.009765625
9037.53125
8988.359375
8926.0244140625
8853.3798828125
8772.2197265625
8682.2353515625
8583.4853515625
8474.8466796875
8358.51953125
8235.4599609375
8106.435546875
7972.46484375
7834.97998046875
7693.5048828125
7549.390625
7403.6982421875
7256.43994140625
7103.20751953125
6951.3056640625
6803.36865234375
6656.1640625
6508.5205078125
6360.94189453125
6214.06298828125
6068.45068359375
