2050.400146484375
2011.92578125
1543.7918701171875
1388.290771484375
1332.1463623046875
1281.3848876953125
1238.18994140625
1201.0489501953125
1169.991943359375
1146.264892578125
1127.5836181640625
1106.4678955078125
1084.3673095703125
1062.2177734375
1044.9561767578125
1034.1007080078125
1023.2700805664062
1013.123779296875
1004.6732788085938
994.0568237304688
984.9725952148438
976.1834716796875
966.5189208984375
956.1116943359375
945.1080322265625
933.541259765625
921.3720092773438
909.0901489257812
896.7100830078125
885.2916259765625
876.5997924804688
869.810302734375
122.30109405517578
122.33866882324219
122.5219497680664
122.83729553222656
123.23252868652344
123.62954711914062
1020.739501953125
893.2318725585938
875.5852661132812
870.9723510742188
869.7755126953125
861.333251953125
851.0307006835938
841.0004272460938
831.5778198242188
823.76806640625
817.1895751953125
811.2196044921875
804.3574829101562
796.4732055664062
788.3356323242188
780.8268432617188
774.9996337890625
768.8082885742188
761.637939453125
755.151123046875
749.1441040039062
743.3328857421875
743.9801025390625
763.8936767578125
784.8973388671875
805.5562744140625
826.0459594726562
847.4196166992188
869.76123046875
891.561279296875
914.7311401367188
940.7050170898438
969.387939453125
999.2526245117188
1028.619140625
1056.6048583984375
1082.593505859375
1106.2703857421875
1127.6458740234375
1147.252685546875
1165.4302978515625
1182.675537109375
1199.1234130859375
1214.299560546875
1227.9500732421875
1239.9888916015625
1250.3038330078125
1258.8944091796875
1265.6595458984375
1270.32666015625
1273.0595703125
1274.1026611328125
1273.655029296875
1271.996337890625
