2067.505126953125
2035.2713623046875
2008.287109375
2023.5936279296875
2041.9813232421875
2069.55029296875
2091.41650390625
2100.881591796875
2115.791015625
2143.887451171875
2179.9755859375
2228.313232421875
2279.196044921875
2329.198974609375
2378.57763671875
2429.691650390625
2487.777099609375
2566.325927734375
2676.71142578125
2824.065185546875
3003.046875
3202.7548828125
3416.3818359375
3642.64794921875
3878.631591796875
4123.267578125
4375.85302734375
4633.0458984375
4893.08203125
5153.78076171875
5416.5654296875
5683.95654296875
274.3644714355469
258.49237060546875
248.66737365722656
238.0953369140625
229.83541870117188
223.70645141601562
218.50579833984375
4965.8818359375
5288.86767578125
5379.025390625
5458.43359375
5679.4736328125
5965.544921875
6303.16650390625
6692.853515625
7089.6181640625
7509.0166015625
7901.84814453125
8269.0595703125
8577.755859375
8830.3701171875
9033.40625
9192.3505859375
9312.486328125
9392.02734375
9258.9560546875
8791.451171875
8360.955078125
7955.07568359375
7565.65625
7186.29736328125
6816.771484375
6463.11962890625
6123.0078125
5787.59375
5457.45068359375
5141.556640625
4871.205078125
4628.65576171875
4406.65966796875
4199.16943359375
4004.933837890625
3825.638916015625
3655.23828125
3488.114990234375
3324.341552734375
3163.12353515625
3012.885498046875
2871.6953125
2735.5927734375
2608.576171875
2498.094970703125
2398.088134765625
2308.566162109375
2232.20361328125
2168.69921875
2109.86865234375
2052.6396484375
1993.8748779296875
1935.9415283203125
1878.704833984375
1822.0006103515625
