2085.0
2055.70361328125
2024.78564453125
2057.5126953125
2070.448486328125
2065.11962890625
2057.28125
2051.905029296875
2048.8017578125
2046.375732421875
2041.2987060546875
2044.9853515625
2007.845703125
1962.232177734375
1924.1102294921875
1883.27685546875
1845.4326171875
1819.717041015625
1790.03076171875
1759.7503662109375
1732.880859375
1714.302734375
1698.205810546875
1686.1937255859375
1674.985595703125
1665.406982421875
1655.6767578125
1645.0235595703125
1653.3802490234375
1675.2042236328125
1697.0504150390625
1769.5924072265625
116.80364227294922
117.9807357788086
123.89444732666016
132.3846893310547
132.48721313476562
131.41957092285156
131.30670166015625
1526.5355224609375
1765.1253662109375
1862.1881103515625
1970.6728515625
2057.35595703125
2139.38671875
2220.06591796875
2296.80322265625
2366.4345703125
2428.330078125
2482.829345703125
2528.847900390625
2565.981689453125
2595.04443359375
2616.32080078125
2629.9560546875
2636.174560546875
2635.751953125
2629.68896484375
2619.11572265625
2604.695556640625
2587.59716796875
2570.875
2552.72265625
2543.572021484375
2532.177001953125
2508.533935546875
2482.965576171875
2455.44091796875
2425.865966796875
2394.154296875
2360.325927734375
2324.802490234375
2288.023193359375
2250.380126953125
2212.100341796875
2173.44775390625
2134.662841796875
2096.18212890625
2058.050537109375
2020.4896240234375
1983.4346923828125
1946.86279296875
1911.2178955078125
1876.1724853515625
1841.8519287109375
1808.2845458984375
1775.53369140625
1743.505859375
1712.12939453125
1681.4310302734375
1651.4080810546875
1622.0997314453125
1593.442138671875
1565.5474853515625
1538.54296875
