2060.978515625
2027.5986328125
1986.03125
2114.302001953125
2206.775634765625
2220.533203125
2214.6318359375
2201.9619140625
2224.54296875
2246.4716796875
2262.9716796875
2269.892578125
2271.428955078125
2271.3154296875
2273.503662109375
2279.073486328125
2283.76806640625
2286.55615234375
2287.687255859375
2288.49267578125
2289.211669921875
2298.87939453125
2317.30810546875
2343.001708984375
2380.1982421875
2431.327880859375
2492.361572265625
2558.949462890625
2629.970947265625
2707.735107421875
2795.5341796875
2893.8369140625
114.7209701538086
115.12600708007812
115.57828521728516
116.06004333496094
116.42449951171875
116.75901794433594
1779.598388671875
1773.2608642578125
1783.479736328125
2251.7998046875
2421.209228515625
2831.240478515625
3097.888916015625
3281.8154296875
3440.12646484375
3598.29443359375
3765.302734375
3941.3359375
4126.43603515625
4319.44189453125
4520.037109375
4721.49462890625
4919.64599609375
5107.234375
5277.63427734375
5434.88818359375
5586.9306640625
5755.2998046875
5934.076171875
6095.36572265625
6235.19091796875
6366.90869140625
6492.9755859375
6616.7939453125
6738.3212890625
6863.95166015625
6984.365234375
7094.58935546875
7201.89306640625
7304.83837890625
7402.10888671875
7494.10986328125
7577.98046875
7657.18408203125
7736.744140625
7819.33740234375
7907.013671875
7999.13818359375
8092.33984375
8190.240234375
8291.2978515625
8388.09765625
8463.115234375
8521.0966796875
8568.0234375
8607.134765625
8617.2080078125
8326.216796875
8099.31103515625
7897.4892578125
7711.5556640625
7538.49658203125
7376.59326171875
