2068.07568359375
2032.8101806640625
2025.3133544921875
2018.555419921875
2020.464599609375
2076.19921875
2056.76318359375
2065.567626953125
2055.34423828125
2051.970458984375
2053.887451171875
2053.451171875
2076.80322265625
2100.51513671875
2121.332275390625
2137.167236328125
2148.55859375
2158.029296875
2168.991943359375
2187.9365234375
2213.403564453125
2241.01171875
2276.097412109375
2317.20703125
2370.02294921875
2442.85107421875
2534.44775390625
2647.567138671875
2780.139892578125
2925.15625
3081.602783203125
3250.832275390625
3429.75146484375
3616.05224609375
132.66976928710938
129.5503692626953
128.51292419433594
127.62989807128906
126.68956756591797
125.73657989501953
124.91307067871094
2621.479248046875
2974.98291015625
3148.246826171875
3387.360595703125
3652.647705078125
3962.358642578125
4319.08740234375
4712.708984375
5103.87939453125
5484.93359375
5644.1728515625
5530.9033203125
5425.39208984375
5340.42333984375
5244.97119140625
5139.58837890625
5024.91552734375
4901.90234375
4772.40673828125
4649.279296875
4536.88720703125
4418.5625
4288.5517578125
4155.2314453125
4028.202392578125
3906.69287109375
3790.115234375
3672.977294921875
3545.786376953125
3422.422119140625
3274.735595703125
3153.941650390625
3037.897216796875
2924.881591796875
2815.15576171875
2708.15625
2654.852294921875
2601.280029296875
2494.009521484375
2388.253662109375
2294.677001953125
2207.09375
2125.101318359375
2048.767822265625
1952.671142578125
1825.6884765625
1669.6121826171875
1502.8524169921875
1394.927978515625
1306.603271484375
1241.9013671875
1202.6910400390625
1162.11181640625
1121.567626953125
1081.8419189453125
1043.4129638671875
