1858.59375
1822.3519287109375
1625.8485107421875
1524.80078125
1465.3485107421875
1444.976806640625
1426.603271484375
1402.54296875
1387.8580322265625
1367.3232421875
1347.0791015625
1332.617431640625
1325.123779296875
1336.0587158203125
1362.37841796875
1414.5704345703125
1490.2398681640625
1579.6114501953125
1684.625244140625
1789.82421875
1890.1591796875
1983.6754150390625
2069.341552734375
2145.79736328125
2217.936767578125
2289.39453125
2362.181396484375
2453.841064453125
2523.138916015625
2577.348388671875
2624.690185546875
2644.158935546875
2659.588623046875
2677.4560546875
724.5170288085938
747.0225219726562
762.0009155273438
785.9247436523438
809.3654174804688
835.3457641601562
864.1259155273438
2902.697998046875
2906.551025390625
2901.236083984375
2898.235595703125
2882.9580078125
2842.874755859375
2818.3671875
2790.033935546875
2723.25634765625
2647.58154296875
2607.134521484375
2564.2470703125
2475.21826171875
2384.008544921875
2337.96142578125
2291.73876953125
2200.6904296875
2112.085693359375
2068.317626953125
2025.0833740234375
1941.3870849609375
1914.0941162109375
1860.0330810546875
1782.598388671875
1708.3070068359375
1637.1270751953125
1568.372802734375
1502.33740234375
1440.279541015625
1381.9554443359375
1327.091064453125
1275.5992431640625
1227.3494873046875
1181.906494140625
1138.888427734375
1098.23779296875
1059.753173828125
1023.0536499023438
988.0440673828125
954.6419067382812
922.771484375
892.3292236328125
863.11279296875
835.0789184570312
808.0814819335938
782.117919921875
757.0711059570312
732.6519775390625
708.7210083007812
685.3359375
663.0678100585938
641.7815551757812
621.4559326171875
602.0689086914062
583.4819946289062
565.6256103515625
548.4110717773438
531.7884521484375
515.7134399414062
500.143798828125
485.1005859375
