2040.1158447265625
2003.391845703125
2082.430908203125
2083.82275390625
2049.50244140625
2035.612548828125
2048.302490234375
2090.234130859375
2089.448486328125
2095.357421875
2119.550048828125
2146.743896484375
2173.449462890625
2199.96728515625
2229.955810546875
2265.7802734375
2303.421142578125
2347.60302734375
2399.311767578125
2463.976318359375
2548.28125
2651.81005859375
2770.48388671875
2900.64990234375
3038.284912109375
3182.2373046875
3331.211181640625
3484.708984375
3642.310302734375
3803.140380859375
3967.404541015625
4135.79833984375
119.62752532958984
121.63141632080078
122.47702026367188
123.09983825683594
123.39228057861328
123.55550384521484
123.68090057373047
4095.21337890625
4579.7822265625
4757.5869140625
4975.73828125
5172.1044921875
5365.74658203125
5559.06201171875
5755.724609375
5959.1279296875
6173.66064453125
6405.87890625
6650.13232421875
6907.15673828125
7226.021484375
7579.01318359375
7939.86279296875
8332.3125
8742.990234375
9191.5771484375
9656.8798828125
10130.3701171875
10611.873046875
11038.3916015625
11099.1708984375
11188.396484375
11261.9287109375
11318.8701171875
11360.3173828125
11387.1572265625
11400.501953125
11400.1669921875
11386.5361328125
11360.5810546875
11322.3740234375
11272.3916015625
11210.7734375
11138.44140625
11056.76953125
10966.9091796875
10869.4716796875
10765.140625
10654.482421875
10536.4833984375
10412.6611328125
10284.2763671875
10151.9794921875
10016.421875
9878.4072265625
9738.4501953125
9597.662109375
9456.708984375
9315.5927734375
9174.6904296875
9034.3779296875
8894.84765625
