2054.9189453125
2023.60205078125
2004.745361328125
2085.97607421875
2086.62060546875
2148.78857421875
2166.810791015625
2194.638916015625
2233.392578125
2262.134765625
2282.2373046875
2301.828857421875
2328.92333984375
2359.44921875
2384.310546875
2403.872314453125
2422.185791015625
2443.69921875
2474.45654296875
2524.255615234375
2598.47705078125
2695.78515625
2811.5478515625
2941.666748046875
3083.577880859375
3234.265380859375
3392.4111328125
3554.83984375
3722.309814453125
3896.313720703125
4077.02734375
4263.8388671875
165.45584106445312
165.7362518310547
165.52099609375
165.2449188232422
162.63302612304688
159.1871795654297
156.09857177734375
3346.341796875
4049.933837890625
4463.81689453125
4820.47412109375
5003.39990234375
5138.38134765625
5271.38671875
5414.14794921875
5570.59375
5742.4892578125
5935.59033203125
6151.6533203125
6396.62060546875
6650.638671875
6933.9609375
7246.7890625
7557.05126953125
7872.75537109375
8207.72265625
8258.576171875
8244.9072265625
8243.91796875
8242.837890625
8235.4150390625
8217.7021484375
8190.2451171875
8152.34912109375
8104.56689453125
8044.9345703125
7974.68896484375
7898.24609375
7813.12353515625
7720.38232421875
7620.7939453125
7514.8427734375
7403.14892578125
7286.5576171875
7165.99853515625
7041.9638671875
6914.7646484375
6785.19775390625
6653.85302734375
6521.7412109375
6394.6142578125
6272.4921875
6152.947265625
6035.58642578125
5920.400390625
5806.84033203125
5695.00634765625
5584.76025390625
5475.94189453125
5367.67578125
5260.83056640625
5155.66748046875
