2024.863525390625
2057.561279296875
2107.7080078125
2303.1669921875
2448.236328125
2512.51171875
2519.99853515625
2482.44580078125
2448.62548828125
2426.226318359375
2414.259765625
2421.85302734375
2438.684326171875
2462.946044921875
2495.19287109375
2538.3935546875
2593.533447265625
2664.83203125
2756.213623046875
2870.909912109375
3010.04541015625
3174.243896484375
3363.5751953125
3576.920654296875
3812.939208984375
4070.31689453125
4344.90087890625
4628.47802734375
4921.0849609375
5126.52783203125
5201.337890625
5299.23046875
307.10943603515625
306.64715576171875
297.5973815917969
283.8393249511719
263.2568054199219
250.4914093017578
243.66348266601562
4776.3447265625
6488.6640625
6723.9873046875
6833.9013671875
6932.626953125
7038.25439453125
7148.54638671875
7245.43017578125
7333.4619140625
7407.9404296875
7466.4423828125
7507.7275390625
7533.4716796875
7542.76171875
7535.68505859375
7514.3056640625
7477.98828125
7427.5419921875
7364.2685546875
7292.56494140625
7214.466796875
7129.52294921875
7035.70166015625
6934.2841796875
6826.119140625
6711.74755859375
6592.0
6467.6416015625
6339.33935546875
6208.314453125
6075.49853515625
5941.5234375
5807.01611328125
5673.34033203125
5539.5068359375
5406.689453125
5275.66259765625
5149.314453125
5024.17236328125
4900.45654296875
4778.52099609375
4658.73681640625
4541.23681640625
4426.1484375
4313.80517578125
4204.39111328125
4098.01171875
3994.76708984375
3894.584228515625
3797.41015625
3703.232177734375
3612.024658203125
3523.741455078125
3436.927490234375
