2051.451416015625
2016.1409912109375
2045.1767578125
2036.3046875
2039.955810546875
2127.09033203125
2189.636474609375
2220.0244140625
2270.8720703125
2311.7861328125
2347.20166015625
2369.20751953125
2381.69384765625
2396.7216796875
2420.55908203125
2491.08447265625
2636.748779296875
2848.734619140625
3110.711181640625
3405.929443359375
3713.53662109375
4025.923583984375
4343.96728515625
4667.40771484375
4999.568359375
5346.0478515625
5744.5341796875
6185.14013671875
6625.34716796875
6842.775390625
7066.6171875
7539.06982421875
8037.5048828125
8241.19140625
335.1844787597656
348.1601867675781
365.17462158203125
384.2895812988281
394.8223876953125
397.4387512207031
396.2917175292969
8797.408203125
8335.5341796875
7779.869140625
7488.8310546875
7102.79248046875
6771.7353515625
6575.4384765625
6430.91064453125
6282.484375
6131.21923828125
6030.45654296875
5978.7822265625
5813.06298828125
5633.107421875
5439.20361328125
5236.9140625
5134.30712890625
5028.58984375
4808.37744140625
4588.73486328125
4370.1953125
4158.13671875
3955.25439453125
3760.935302734375
3574.640380859375
3395.836181640625
3225.59326171875
3116.203125
3062.65869140625
2907.330322265625
2753.93212890625
2612.0087890625
2480.100341796875
2353.3193359375
2230.478271484375
2110.501708984375
1996.110107421875
1889.6025390625
1789.9793701171875
1698.1898193359375
1613.89501953125
1535.746826171875
1462.9114990234375
1394.9864501953125
1328.7257080078125
1266.7060546875
1208.449462890625
1154.278564453125
1103.579345703125
1054.532958984375
1007.4398193359375
962.6005249023438
920.2841796875
880.4979858398438
843.4628295898438
808.79833984375
777.6647338867188
749.2162475585938
722.7099609375
