2033.184814453125
2006.0936279296875
2125.637451171875
2232.73583984375
2456.308349609375
2565.16943359375
2641.655029296875
2707.072265625
2771.231201171875
2733.727294921875
2657.13427734375
2594.654296875
2543.900390625
2501.547607421875
2471.405029296875
2459.538330078125
2470.6025390625
2503.690185546875
2553.463134765625
2614.616455078125
2683.152587890625
2756.509765625
2832.969482421875
2911.3447265625
2993.052734375
3079.21826171875
3180.533447265625
3281.559814453125
3381.156982421875
3485.810546875
3591.893310546875
3697.085693359375
3799.643798828125
3925.11328125
334.8405456542969
329.26934814453125
336.96771240234375
346.4481201171875
357.7857971191406
370.2044677734375
4883.15576171875
4871.3330078125
4896.42529296875
4942.6474609375
5067.474609375
5132.97998046875
5174.0234375
5206.69287109375
5244.18798828125
5284.841796875
5325.3251953125
5364.6435546875
5402.77294921875
5440.36181640625
5477.076171875
5512.9091796875
5546.94384765625
5579.45751953125
5609.43408203125
5637.04931640625
5661.7080078125
5683.275390625
5701.6181640625
5716.75537109375
5723.2373046875
5728.939453125
5738.328125
5745.2568359375
5749.16357421875
5750.150390625
5748.24072265625
5743.34619140625
5740.0478515625
5736.03564453125
5725.83984375
5713.2001953125
5698.4306640625
5681.94384765625
5664.0146484375
5645.18310546875
5625.49658203125
5604.98193359375
5583.5341796875
5561.1083984375
5538.05712890625
5514.9990234375
5491.4150390625
5466.9951171875
5441.94189453125
5416.19677734375
5389.76416015625
5362.86865234375
5335.54248046875
5307.89990234375
5279.92529296875
5251.4111328125
5222.326171875
5192.748046875
5162.6279296875
