1961.4443359375
1588.2689208984375
1421.4263916015625
1283.196044921875
1200.7330322265625
1148.7830810546875
1122.465576171875
1095.810302734375
1071.2657470703125
1049.828369140625
1027.5106201171875
1003.337646484375
980.7406005859375
957.6195068359375
938.086181640625
923.314697265625
912.4505004882812
899.8074951171875
885.326416015625
875.6695556640625
865.1460571289062
854.36328125
844.2606811523438
834.2710571289062
825.4129638671875
816.2889404296875
806.828125
801.9864501953125
797.7374877929688
792.1094970703125
786.5347290039062
782.5433959960938
119.15582275390625
120.79154968261719
121.90330505371094
123.78486633300781
124.7420883178711
125.38277435302734
125.91558837890625
760.6705322265625
771.2222290039062
739.39453125
763.8731079101562
789.4534912109375
793.7420654296875
807.9237060546875
823.9362182617188
839.572998046875
858.7385864257812
880.850830078125
902.7777709960938
925.5807495117188
951.0516967773438
965.13232421875
978.8602905273438
1005.404296875
1030.9822998046875
1055.290771484375
1079.25244140625
1103.0677490234375
1126.4808349609375
1147.6431884765625
1165.782958984375
1180.4315185546875
1191.94091796875
1200.5322265625
1204.258544921875
1207.1212158203125
1211.134033203125
1213.5322265625
1213.83984375
1211.7572021484375
1207.152099609375
1200.2261962890625
1191.59033203125
1181.9940185546875
1172.751220703125
1163.937744140625
1155.102294921875
1145.960693359375
1136.1407470703125
1125.6446533203125
1114.36328125
1102.2886962890625
1089.2952880859375
1075.681396484375
1061.3846435546875
1046.580322265625
1031.4056396484375
1015.905517578125
1000.1754150390625
984.348876953125
968.57470703125
952.8948974609375
937.2506103515625
921.6663818359375
