2024.2999267578125
2057.3427734375
2099.68359375
2285.616455078125
2439.684814453125
2492.896728515625
2509.4541015625
2477.1416015625
2440.537841796875
2416.070068359375
2400.470458984375
2395.95458984375
2405.213134765625
2422.473388671875
2445.76953125
2473.614013671875
2508.161376953125
2552.90673828125
2615.434326171875
2700.346435546875
2810.34716796875
2946.37744140625
3107.8974609375
3294.109375
3503.666748046875
3734.5966796875
3984.816162109375
4250.66455078125
4532.64453125
4825.119140625
5127.958984375
5223.8212890625
271.5723876953125
266.1752624511719
256.5177001953125
243.6237030029297
231.6439208984375
223.90206909179688
219.1785430908203
4313.94921875
5433.9501953125
6370.38330078125
6638.677734375
6774.50048828125
6883.802734375
6989.1298828125
7081.64306640625
7178.22607421875
7280.73388671875
7388.64306640625
7494.1318359375
7592.4970703125
7682.8603515625
7726.18798828125
7767.1650390625
7838.77392578125
7895.93701171875
7937.40771484375
7962.38818359375
7970.30712890625
7961.189453125
7935.64404296875
7894.1796875
7838.3154296875
7770.24072265625
7691.3271484375
7647.89111328125
7602.025390625
7502.5478515625
7394.484375
7278.65087890625
7156.05712890625
7027.10400390625
6893.63232421875
6756.505859375
6617.11181640625
6475.78369140625
6333.33984375
6190.50732421875
6048.3388671875
5907.19580078125
5767.5576171875
5629.01318359375
5491.78076171875
5352.16650390625
5216.03857421875
5085.24462890625
4957.68310546875
4833.6923828125
4712.01953125
4593.091796875
4477.1923828125
4364.19775390625
4253.93017578125
4146.61328125
4042.732421875
