2078.4033203125
2050.705322265625
2008.219482421875
1986.8642578125
2111.349853515625
2086.871337890625
2074.325439453125
2065.53173828125
2063.759033203125
2064.084228515625
2066.025146484375
2071.677734375
2100.909912109375
2112.189697265625
2128.25048828125
2146.473876953125
2166.963623046875
2183.341064453125
2196.066162109375
2205.002197265625
2213.695068359375
2225.32080078125
2249.537353515625
2278.876220703125
2309.567626953125
2341.59375
2371.710205078125
2404.936279296875
2440.939208984375
2485.150390625
2531.046142578125
2579.073486328125
111.48112487792969
111.99686431884766
112.43769836425781
112.80561828613281
113.15990447998047
113.48490142822266
1739.9608154296875
1707.0860595703125
1942.454833984375
2609.659912109375
3055.315185546875
3376.869140625
3521.85693359375
3436.4619140625
3388.140625
3365.749267578125
3356.2197265625
3350.733642578125
3343.25341796875
3330.867431640625
3312.1416015625
3287.13330078125
3257.23046875
3223.86279296875
3187.571044921875
3148.35302734375
3106.300537109375
3103.89404296875
3099.8955078125
3087.32861328125
3068.892578125
3047.30224609375
3027.901123046875
3013.103759765625
2995.943115234375
2977.564453125
2955.246826171875
2929.688232421875
2903.05322265625
2874.75390625
2840.22900390625
2798.857177734375
2752.855224609375
2711.890380859375
2673.54296875
2634.66845703125
2595.25439453125
2556.49951171875
2519.3505859375
2484.18994140625
2451.123779296875
2419.22705078125
2386.813720703125
2353.197509765625
2318.94677734375
2284.956298828125
2250.473388671875
2214.759765625
2178.995849609375
2143.18212890625
