646.99755859375
581.222900390625
489.2562561035156
426.2397766113281
390.4991455078125
366.3088684082031
346.92059326171875
329.97528076171875
314.40667724609375
299.7915954589844
285.990966796875
272.9222717285156
260.5493469238281
248.83389282226562
237.65208435058594
227.02481079101562
217.02798461914062
207.44589233398438
198.23025512695312
189.38243103027344
181.03001403808594
179.68319702148438
180.63873291015625
180.37574768066406
178.93121337890625
176.57200622558594
173.64749145507812
170.30776977539062
166.65501403808594
162.77439880371094
158.80191040039062
156.50808715820312
140.07655334472656
141.9717254638672
144.16845703125
145.73582458496094
146.6365203857422
146.9394989013672
148.4918975830078
146.6903533935547
143.8283233642578
141.369140625
139.21881103515625
137.24916076660156
135.44049072265625
133.70303344726562
131.99554443359375
130.37283325195312
128.802978515625
127.09353637695312
125.09525299072266
123.43754577636719
121.936279296875
120.44804382324219
118.93478393554688
117.4059066772461
117.10139465332031
117.88539123535156
118.84553527832031
119.53498840332031
119.5511474609375
119.12205505371094
118.46129608154297
117.71739959716797
116.98200988769531
115.90040588378906
115.04783630371094
114.39308166503906
113.92932891845703
113.48893737792969
115.49491882324219
121.00891876220703
127.5805892944336
134.80328369140625
142.35519409179688
151.03871154785156
161.14605712890625
172.34320068359375
183.98611450195312
195.40170288085938
206.29144287109375
216.5213623046875
226.03237915039062
234.81195068359375
242.8789825439453
250.31695556640625
257.196533203125
263.52227783203125
269.2740478515625
274.4399719238281
279.0444030761719
283.1219177246094
286.771484375
290.05657958984375
