1648.293212890625
1284.49267578125
1019.1946411132812
930.158203125
896.181396484375
861.470458984375
829.06640625
803.1787109375
781.6423950195312
757.2615356445312
730.4254150390625
702.161865234375
672.08544921875
643.0463256835938
617.3484497070312
587.7460327148438
554.7686157226562
519.7448120117188
485.2927551269531
453.162353515625
430.82672119140625
428.0987854003906
419.7739562988281
410.6528625488281
403.9220275878906
402.93804931640625
395.5401306152344
385.921875
377.11370849609375
369.8815612792969
365.1138916015625
363.2375793457031
121.26785278320312
122.56050109863281
123.4171371459961
124.41938781738281
125.05461120605469
125.46366882324219
125.71922302246094
297.7496643066406
362.0961608886719
380.86517333984375
404.1224670410156
401.4559631347656
391.1202392578125
380.71514892578125
371.3076477050781
363.9052429199219
363.087646484375
369.15484619140625
380.17608642578125
395.0362243652344
412.1731262207031
429.5512390136719
450.7545166015625
478.5616149902344
512.017333984375
548.2896728515625
584.5964965820312
619.00732421875
650.4307861328125
679.0095825195312
705.1704711914062
728.6197509765625
749.0899658203125
759.3152465820312
767.196533203125
780.392578125
790.5711059570312
797.5224609375
801.680908203125
803.5175170898438
803.3681640625
801.4114990234375
797.7633666992188
792.7465209960938
786.6387939453125
779.4833984375
771.263916015625
762.2184448242188
752.5077514648438
742.0728759765625
731.0377197265625
719.5847778320312
707.84228515625
695.9154052734375
683.830810546875
671.565673828125
659.2381591796875
646.9619750976562
634.8369750976562
623.1119384765625
611.7596435546875
600.8027954101562
