2063.642333984375
2024.634033203125
1986.0911865234375
2101.43310546875
2069.141845703125
2050.44921875
2068.41455078125
2096.1376953125
2131.429443359375
2143.28125
2148.715087890625
2150.0009765625
2149.432861328125
2156.743896484375
2164.641845703125
2172.50537109375
2177.903564453125
2181.187744140625
2182.689697265625
2184.21533203125
2193.403564453125
2204.8974609375
2216.268310546875
2227.097900390625
2238.18603515625
2253.632080078125
2280.583984375
2314.12255859375
2357.020751953125
2413.837646484375
2481.0517578125
2556.77001953125
120.54984283447266
120.8816909790039
121.19731140136719
121.51160430908203
121.77432250976562
122.00547790527344
1883.83544921875
2326.156005859375
2561.527587890625
2770.142822265625
2941.590087890625
3089.426025390625
3225.273681640625
3353.462158203125
3476.60986328125
3595.878662109375
3711.84619140625
3824.78857421875
3935.38818359375
4045.440673828125
4156.525390625
4268.31591796875
4383.32958984375
4502.4912109375
4626.1767578125
4752.93115234375
4894.7998046875
5038.33349609375
5189.18701171875
5345.974609375
5504.49267578125
5659.13916015625
5811.81005859375
5968.79052734375
6105.541015625
6226.15234375
6335.33544921875
6429.51806640625
6512.92822265625
6593.85009765625
6658.1376953125
6710.57177734375
6761.94287109375
6811.18212890625
6854.4951171875
6899.01123046875
6942.73046875
6986.658203125
7028.052734375
7072.490234375
7111.3330078125
7142.97119140625
7081.45654296875
6816.904296875
6571.37744140625
6358.1748046875
6154.47216796875
5964.3193359375
5779.8154296875
5597.0009765625
