2062.799072265625
2040.1800537109375
2018.4228515625
1998.81787109375
2049.958251953125
2044.528564453125
2044.5823974609375
2036.7806396484375
2031.966064453125
2056.36865234375
2077.44873046875
2102.017578125
2138.935302734375
2179.901611328125
2225.5654296875
2280.269775390625
2343.2314453125
2421.31494140625
2523.9443359375
2649.330810546875
2795.631103515625
2962.48486328125
3146.936767578125
3346.9443359375
3560.89892578125
3788.02490234375
4028.41015625
4282.54296875
4548.59228515625
4826.873046875
5117.578125
5417.173828125
240.6785430908203
242.0976104736328
255.8072967529297
270.1031799316406
283.35302734375
295.3357849121094
6535.91796875
7258.70751953125
7693.34326171875
7954.56689453125
8144.70263671875
8323.2724609375
8540.0673828125
8797.169921875
9116.296875
9479.77734375
9893.248046875
10353.49609375
10859.4912109375
11381.3505859375
11931.544921875
12506.2578125
13106.7138671875
13731.044921875
14370.3193359375
15015.8447265625
15663.1513671875
16313.859375
16965.478515625
17620.548828125
18282.3359375
18950.734375
19627.46875
20308.041015625
20987.541015625
20791.09765625
20587.04296875
20396.607421875
20207.19921875
20013.4296875
19813.1953125
19604.494140625
19386.951171875
19160.18359375
18921.505859375
18671.3359375
18411.05859375
18146.1796875
17873.001953125
17594.24609375
17310.70703125
17024.115234375
16715.88671875
16414.955078125
16110.833984375
15803.2470703125
15492.15625
15178.787109375
14864.873046875
14548.1884765625
