1892.4202880859375
1477.2520751953125
1174.5357666015625
981.873779296875
897.5901489257812
871.44921875
839.2869873046875
808.595703125
780.4896850585938
754.7574462890625
731.0711669921875
709.166748046875
688.8213500976562
669.2724609375
653.3421630859375
640.739013671875
631.00439453125
619.5756225585938
607.0181274414062
596.8363647460938
585.6504516601562
578.4456176757812
572.1268920898438
564.2255859375
554.7310791015625
543.630126953125
531.2990112304688
517.7965698242188
503.0729675292969
487.41748046875
471.2056884765625
454.9718017578125
126.22589111328125
128.3284912109375
129.5150146484375
129.84104919433594
130.0489501953125
130.25869750976562
507.78955078125
409.36468505859375
427.38018798828125
433.01312255859375
425.61907958984375
426.63763427734375
423.5155334472656
418.7064208984375
412.48223876953125
406.2350158691406
399.8882141113281
392.8756408691406
385.1260070800781
377.08331298828125
369.1460876464844
361.3070983886719
352.7828369140625
345.26080322265625
338.95721435546875
333.72991943359375
329.4322509765625
325.99725341796875
323.3348388671875
321.2324523925781
321.84515380859375
322.8587646484375
325.06134033203125
330.3257751464844
336.6830749511719
342.45269775390625
347.6867980957031
351.7125244140625
354.2806396484375
358.830078125
367.0177917480469
376.34930419921875
385.6222839355469
394.47119140625
403.4036560058594
413.15924072265625
428.4706115722656
444.9180908203125
460.4413757324219
477.425048828125
495.523193359375
513.0308227539062
530.1359252929688
546.7208251953125
563.1445922851562
579.7428588867188
588.8587646484375
596.6622924804688
612.6616821289062
628.627685546875
643.9255981445312
658.2640991210938
