2071.313232421875
2047.2276611328125
2009.3502197265625
2046.267333984375
2098.357666015625
2154.994384765625
2195.835205078125
2194.824462890625
2180.533203125
2164.209716796875
2151.122802734375
2146.376708984375
2146.34375
2153.6806640625
2165.064697265625
2176.908935546875
2185.899658203125
2190.0595703125
2192.489990234375
2198.5078125
2206.51416015625
2214.959228515625
2225.170166015625
2239.932373046875
2255.0625
2268.5703125
2281.878662109375
2297.8232421875
2316.5185546875
2340.324951171875
2374.947509765625
2424.978271484375
123.6701431274414
124.30863952636719
124.56729125976562
124.57772064208984
124.59288024902344
124.64965057373047
1834.639404296875
1942.000244140625
2111.23046875
2449.60595703125
2675.600830078125
2812.869384765625
2918.010498046875
3019.4384765625
3128.689453125
3251.2060546875
3387.648193359375
3535.110595703125
3689.1591796875
3847.52001953125
4009.3369140625
4176.01953125
4348.427734375
4525.33740234375
4705.8662109375
4888.21240234375
5070.6337890625
5253.634765625
5438.8486328125
5630.0302734375
5840.056640625
6052.97216796875
6262.70458984375
6471.7978515625
6675.1640625
6888.017578125
7110.65380859375
7333.23876953125
7557.7255859375
7782.93212890625
8010.8408203125
8243.3291015625
8482.51171875
8540.1630859375
8467.751953125
8419.2060546875
8386.9326171875
8359.720703125
8332.796875
8300.3017578125
8258.6240234375
8210.45703125
8157.36669921875
8096.07080078125
8024.8212890625
7944.1171875
7854.1650390625
7758.7890625
7658.2119140625
7548.8974609375
7426.40673828125
