2085.039306640625
2063.9814453125
2036.7493896484375
2018.1331787109375
2036.9737548828125
2032.512451171875
2021.5640869140625
2032.3607177734375
2039.07373046875
2045.723876953125
2044.76708984375
2055.94580078125
2082.26708984375
2109.748046875
2141.90380859375
2180.01904296875
2221.08203125
2267.2431640625
2326.871826171875
2413.81884765625
2531.00244140625
2669.70361328125
2820.17578125
2980.778564453125
3149.719970703125
3322.69189453125
3497.706298828125
3675.481689453125
3853.232421875
4024.461669921875
4190.408203125
4355.10205078125
179.62318420410156
172.025146484375
167.86309814453125
163.39613342285156
160.62217712402344
157.58139038085938
154.0017547607422
3550.887451171875
3728.97509765625
3817.219482421875
3920.96826171875
4165.43408203125
4429.7060546875
4708.27490234375
4987.79296875
5283.26953125
5560.08154296875
5823.64404296875
6043.63330078125
6255.25048828125
6459.57861328125
6657.591796875
6848.56982421875
7035.3779296875
7163.79638671875
7241.59521484375
7306.1572265625
7389.63671875
7478.43359375
7571.66650390625
7552.37890625
7626.7158203125
7984.80712890625
8129.78857421875
8121.07275390625
8120.8916015625
8135.31494140625
8086.14794921875
8023.001953125
7927.2216796875
7867.7900390625
7734.869140625
7108.0751953125
6483.99609375
5917.08056640625
5292.3125
4696.14208984375
4227.89404296875
3965.047607421875
3730.434326171875
3470.67236328125
3177.213134765625
2914.55859375
2633.996337890625
2344.715576171875
2184.039306640625
2077.5732421875
2006.572509765625
1935.0999755859375
1867.3553466796875
1801.8226318359375
1740.447021484375
1682.4979248046875
