2061.070556640625
2030.2926025390625
2028.0406494140625
2067.6943359375
2124.881591796875
2147.52099609375
2139.769775390625
2123.225341796875
2113.37060546875
2113.077392578125
2119.127685546875
2128.85546875
2137.68408203125
2140.309814453125
2146.034912109375
2148.46923828125
2148.958740234375
2153.842041015625
2160.825927734375
2168.925537109375
2180.016357421875
2189.6103515625
2196.970458984375
2203.701904296875
2212.83349609375
2223.54931640625
2242.724609375
2269.292724609375
2302.80224609375
2347.16845703125
2403.955322265625
2471.877685546875
122.83496856689453
123.79329681396484
124.29568481445312
124.74483489990234
125.14349365234375
125.4664306640625
1942.85205078125
2261.025146484375
2567.30908203125
2748.66796875
2884.7880859375
3006.68017578125
3126.961181640625
3249.77880859375
3376.137939453125
3506.82568359375
3642.9580078125
3786.282958984375
3937.755126953125
4097.0283203125
4263.16357421875
4435.4091796875
4613.85205078125
4798.63232421875
4989.85205078125
5187.24951171875
5392.99853515625
5604.34423828125
5835.5078125
6089.853515625
6349.74755859375
6617.89892578125
6891.5224609375
7169.041015625
7471.69384765625
7776.974609375
8088.5859375
8402.7451171875
8714.7626953125
8854.0087890625
8832.212890625
8824.1796875
8821.64453125
8813.8818359375
8800.6357421875
8779.1923828125
8748.611328125
8708.7109375
8661.896484375
8608.7587890625
8546.6904296875
8466.7939453125
8371.544921875
8273.080078125
8169.7587890625
8060.35009765625
7946.1328125
7828.4384765625
7705.8818359375
7580.24609375
