2029.044189453125
2048.427978515625
2125.8369140625
2318.239013671875
2396.74072265625
2462.453857421875
2496.759765625
2472.141845703125
2436.167236328125
2408.538818359375
2391.387451171875
2383.76416015625
2387.557373046875
2406.69775390625
2449.052001953125
2518.94140625
2629.822998046875
2786.660888671875
2986.13916015625
3223.917724609375
3497.321044921875
3803.203369140625
4140.37255859375
4498.9482421875
4878.56640625
5271.6904296875
5688.55419921875
6030.53369140625
6147.453125
6336.630859375
6558.830078125
6878.40869140625
401.340576171875
402.0040283203125
417.4767150878906
429.2789001464844
424.08294677734375
416.94793701171875
9012.9345703125
9062.51171875
9091.546875
9106.66796875
9114.3056640625
9122.6826171875
9129.529296875
9127.2802734375
9111.9619140625
9078.8916015625
9025.29296875
8951.029296875
8856.7041015625
8743.671875
8614.9736328125
8472.228515625
8315.2666015625
8143.47802734375
7959.2978515625
7765.39599609375
7564.00830078125
7357.3720703125
7148.31396484375
6938.03662109375
6838.7900390625
6727.4775390625
6520.79296875
6316.76708984375
6115.3984375
5912.42822265625
5717.93017578125
5530.23046875
5348.73681640625
5173.828125
5004.36767578125
4839.87255859375
4681.107421875
4528.208984375
4381.79052734375
4242.47021484375
4110.4853515625
3984.30810546875
3863.6591796875
3748.890625
3638.92333984375
3533.456787109375
3432.422607421875
3335.5791015625
3242.686279296875
3153.967041015625
3068.794677734375
2986.958251953125
2908.31298828125
2832.645263671875
2759.60546875
