2215.8017578125
2338.3408203125
2783.944580078125
2651.05126953125
2424.037841796875
2323.398681640625
2280.421142578125
2257.5322265625
2243.355712890625
2240.181396484375
2235.069091796875
2228.380615234375
2221.77783203125
2216.336181640625
2211.13134765625
2206.21142578125
2204.07275390625
2204.79443359375
2206.681884765625
2210.209716796875
2213.1689453125
2214.072509765625
2215.431640625
2217.738525390625
2220.208251953125
2224.534423828125
2232.526123046875
2241.518798828125
2229.378173828125
2213.36474609375
2206.928466796875
2209.222412109375
92.8389892578125
89.58123779296875
90.30782318115234
91.1526870727539
92.50579071044922
93.89270782470703
1597.5706787109375
1925.8223876953125
2175.759765625
2396.245361328125
2412.70654296875
2446.53466796875
2481.322265625
2512.264892578125
2540.98486328125
2570.320556640625
2602.230224609375
2636.87939453125
2673.9814453125
2712.56689453125
2751.500732421875
2789.952392578125
2827.338134765625
2863.299560546875
2897.425537109375
2929.10986328125
2957.7890625
2987.329833984375
3011.833251953125
3032.4130859375
3053.05810546875
3072.970458984375
3089.530029296875
3100.59130859375
3106.585205078125
3110.265869140625
3116.53369140625
3120.578125
3122.0048828125
3122.0322265625
3122.95947265625
3117.957763671875
3106.8876953125
3087.97021484375
3063.287841796875
3034.60400390625
3001.912109375
2965.318603515625
2924.854248046875
2879.533203125
2830.3212890625
2779.226806640625
2726.980224609375
2673.8642578125
2620.5693359375
2567.291259765625
2514.541015625
2461.605712890625
2407.27734375
2352.283203125
