1500.0
1500.0
1500.0
1499.9998779296875
1500.0
1500.0
1500.0
1500.0
1500.0
1500.0
1499.9954833984375
1500.0
1500.0
1499.9886474609375
1500.0
1499.9998779296875
1500.0
1500.0
1500.0
1499.999755859375
1499.9998779296875
1499.9998779296875
1499.9998779296875
1500.0
1500.0
1500.0
1500.0
1500.0
1500.0
1500.0
1499.9998779296875
1500.0
100.0
100.0
100.0
100.0
100.0
100.0
1500.0
1500.0
1500.0
1414.7166748046875
1285.8507080078125
1164.8636474609375
1060.01611328125
959.7545776367188
913.4227905273438
866.5145263671875
826.753173828125
790.7677612304688
756.6591796875
730.31494140625
706.4676513671875
682.2492065429688
657.8798828125
633.6422119140625
610.165771484375
587.778076171875
566.0306396484375
544.5121459960938
523.6758422851562
503.54681396484375
484.3235168457031
466.21490478515625
449.74609375
433.99896240234375
419.0584411621094
404.7989807128906
391.1376647949219
377.8494873046875
364.8836364746094
352.3049621582031
340.2271423339844
328.6126403808594
317.4888610839844
306.9112548828125
296.8590393066406
287.57275390625
278.735595703125
270.3465881347656
262.4361572265625
255.0372772216797
248.08599853515625
241.50877380371094
235.18185424804688
229.1588592529297
223.43418884277344
217.99461364746094
212.82337951660156
207.91012573242188
203.24436950683594
198.81971740722656
