1499.98583984375
1500.0
1500.0
1499.37548828125
1500.0
1499.9998779296875
1500.0
1500.0
1500.0
1500.0
1500.0
1500.0
1500.0
1500.0
1500.0
1500.0
1500.0
1500.0
1500.0
1500.0
1500.0
1500.0
1500.0
1500.0
1500.0
1500.0
1500.0
1500.0
1500.0
1500.0
1500.0
1500.0
100.0
100.0
100.0
100.0
100.0
100.0
1500.0
1500.0
1500.0
1500.0
1500.0
1500.0
1500.0
1500.0
1500.0
1500.0
1500.0
1500.0
1500.0
1500.0
1500.0
1500.0
1500.0
1500.0
1500.0
1500.0
1500.0
1500.0
1500.0
1500.0
1500.0
1500.0
1500.0
1482.076904296875
1404.853759765625
1370.6717529296875
1334.85400390625
1254.3638916015625
1153.7691650390625
1097.6119384765625
1042.654541015625
984.921630859375
945.7965698242188
912.3883666992188
880.6157836914062
851.25
824.293701171875
797.6552734375
772.4400024414062
749.3472290039062
726.3734741210938
703.0779418945312
679.2965087890625
655.5829467773438
632.6213989257812
610.3240356445312
588.4880981445312
567.7030029296875
548.2117309570312
531.752197265625
517.8802490234375
503.3864440917969
