1500.0
1500.0
1500.0
1500.0
1500.0
1500.0
1499.9998779296875
1500.0
1500.0
1500.0
1500.0
1500.0
1500.0
1500.0
1500.0
1500.0
1500.0
1500.0
1500.0
1500.0
1500.0
1500.0
1500.0
1500.0
1500.0
1500.0
1500.0
1500.0
1500.0
1500.0
1500.0
1500.0
100.0
100.0
100.0
100.0
100.0
100.0
1500.0
1500.0
1500.0
1500.0
1500.0
1500.0
1500.0
1500.0
1500.0
1500.0
1500.0
1500.0
1500.0
1500.0
1500.0
1500.0
1500.0
1500.0
1500.0
1500.0
1500.0
1500.0
1500.0
1440.6083984375
1381.137939453125
1326.421875
1272.9190673828125
1220.0787353515625
1168.86181640625
1119.6810302734375
1072.1942138671875
1026.6256103515625
982.6807250976562
943.1937866210938
910.512451171875
881.8097534179688
855.40283203125
830.5623779296875
806.9482421875
784.0865478515625
761.762939453125
740.471923828125
720.46533203125
701.4774169921875
683.3375244140625
666.0673828125
649.6073608398438
634.01513671875
619.2565307617188
605.2984008789062
592.2163696289062
580.011962890625
568.6901245117188
558.23779296875
