1500.0
1499.9998779296875
1500.0
1500.0
1500.0003662109375
1500.0
1500.0
1500.0
1500.0
1500.0
1500.0
1500.0
1500.0
1500.0
1500.0
1500.0
1500.0
1500.0
1500.0
1500.0
1500.0
1500.0
1500.0
1500.0
1500.0
1500.0
1500.0
1500.0
1500.0
1500.0
1500.0
1500.0
100.0
100.0
100.0
100.0
100.0
100.0
1500.0
1500.0
1500.0
1500.0
1500.0
1500.0
1500.0
1500.0
1500.0
1500.0
1500.0
1500.0
1500.0
1500.0
1500.0
1500.0
1500.0
1500.0
1500.0
1500.0
1500.0
1500.0
1500.0
1500.0
1500.0
1500.0
1500.0
1500.0
1500.0
1500.0
1500.0
1500.0
1500.0
1486.745361328125
1432.2015380859375
1381.40234375
1332.0682373046875
1283.86474609375
1236.7308349609375
1190.641357421875
1145.657958984375
1101.85107421875
1059.2515869140625
1017.910400390625
977.8363647460938
939.0667724609375
901.6824340820312
865.6721801757812
831.1055908203125
797.889404296875
765.610595703125
734.9863891601562
705.5009765625
676.968017578125
