1500.0
1500.0
1500.0
1499.9996337890625
1499.9970703125
1500.0
1500.0
1500.0
1500.0
1500.0
1500.0
1500.0
1500.0
1500.0
1500.0
1500.0
1500.0
1500.0
1500.0
1500.0
1500.0
1500.0
1500.0
1500.0
1500.0
1500.0
1500.0
1500.0
1500.0
1500.0
1500.0
1500.0
1500.0
100.0
100.0
100.0
100.0
100.0
99.99999237060547
1500.0
1500.0
1500.0
1500.0
1500.0
1500.0
1500.0
1500.0
1500.0
1500.0
1500.0
1500.0
1500.0
1500.0
1500.0
1500.0
1500.0
1500.0
1500.0
1500.0
1500.0
1500.0
1500.0
1500.0
1500.0
1500.0
1500.0
1500.0
1500.0
1500.0
1500.0
1500.0
1500.0
1500.0
1500.0
1500.0
1479.44189453125
1435.4886474609375
1394.62060546875
1354.7030029296875
1314.1549072265625
1272.646484375
1231.0538330078125
1190.054931640625
1149.045654296875
1109.7359619140625
1073.9468994140625
1041.0950927734375
1010.1893310546875
980.6519775390625
951.73486328125
923.9564819335938
897.2197875976562
872.7789916992188
851.9818115234375
