1500.0
1500.0
1500.0
1500.0
1500.0
1500.0
1500.0
1500.0
1500.0
1500.0
1500.0
1500.0
1500.0
1500.0
1500.0
1500.0
1500.0
1500.0
1500.0
1500.0
1500.0
1500.0
1500.0
1500.0
1500.0
1500.0
1500.0
1500.0
1500.0
1500.0
1500.0
1500.0
1500.0
100.0
100.0
100.0
100.0
100.0
99.99994659423828
1500.0
1500.0
1500.0
1500.0
1500.0
1500.0
1500.0
1500.0
1500.0
1500.0
1500.0
1500.0
1500.0
1500.0
1500.0
1500.0
1500.0
1500.0
1500.0
1500.0
1500.0
1500.0
1441.3028564453125
1386.2913818359375
1333.5107421875
1282.5089111328125
1233.2327880859375
1185.55517578125
1139.4342041015625
1094.830078125
1051.82861328125
1010.397216796875
970.5357666015625
932.1759033203125
895.1856079101562
859.4640502929688
825.1886596679688
792.3193969726562
760.8213500976562
730.5874633789062
701.5370483398438
673.6416625976562
646.778564453125
620.9530029296875
596.1461791992188
572.2763671875
549.3671264648438
527.43359375
505.5057373046875
484.2205810546875
465.34814453125
447.14404296875
429.6673278808594
413.022216796875
397.1579895019531
