1500.0
1500.0
1500.0
1500.0
1500.0
1500.0
1500.0
1500.0
1500.0
1500.0
1500.0
1500.0
1500.0
1500.0
1500.0
1500.0
1500.0
1500.0
1500.0
1500.0
1500.0
1500.0
1500.0
1500.0
1500.0
1500.0
1500.0
1500.0
1500.0
1500.0
1500.0
1500.0
99.99998474121094
100.0
100.0
100.0
100.0
100.0
1500.0
1500.0
1500.0
1500.0
1500.0
1500.0
1500.0
1500.0
1500.0
1500.0
1500.0
1500.0
1500.0
1500.0
1500.0
1500.0
1500.0
1500.0
1500.0
1500.0
1500.0
1500.0
1500.0
1500.0
1500.0
1500.0
1500.0
1500.0
1500.0
1500.0
1500.0
1453.3543701171875
1388.9605712890625
1333.167236328125
1281.0887451171875
1230.7799072265625
1182.507080078125
1135.1590576171875
1088.4383544921875
1042.7283935546875
1000.1759033203125
961.2346801757812
925.115234375
891.12646484375
859.240966796875
828.2320556640625
798.2987060546875
770.202880859375
742.4559936523438
714.5447998046875
686.87939453125
660.2799682617188
634.3018188476562
608.2544555664062
