1500.0
1500.0
1500.0
1500.0
1500.0
1499.9998779296875
1500.0
1500.0
1500.0
1500.0
1500.0
1500.0
1500.0
1500.0
1500.0
1500.0
1500.0
1500.0
1485.1756591796875
1456.7947998046875
1425.0985107421875
1392.3748779296875
1364.98291015625
1343.7015380859375
1325.14013671875
1307.7568359375
1289.383056640625
1271.1971435546875
1254.159912109375
1237.0692138671875
1218.940673828125
1198.2188720703125
100.0
100.0
100.0
100.0
100.0
100.0
1500.0
1326.5628662109375
1162.902587890625
1102.2799072265625
1070.7279052734375
1048.6187744140625
1028.27392578125
1007.8253784179688
985.5017700195312
959.84375
932.100341796875
903.6771850585938
874.2800903320312
846.7745361328125
819.9847412109375
792.6692504882812
765.2601928710938
738.8040771484375
716.5068359375
701.67626953125
687.3795166015625
674.7835083007812
662.20947265625
649.8779907226562
637.6390991210938
625.3684692382812
612.951416015625
600.3346557617188
587.5840454101562
574.8349609375
562.2214965820312
549.7872314453125
537.5133666992188
525.4032592773438
513.4630126953125
501.6891784667969
490.0314025878906
478.46661376953125
467.00262451171875
455.61956787109375
444.3465881347656
433.23858642578125
422.3517150878906
411.75469970703125
401.45245361328125
391.4773864746094
381.84130859375
372.5155029296875
363.4535827636719
354.600830078125
345.9331970214844
337.4379577636719
329.1163635253906
321.07379150390625
