1500.0
1500.0
1500.0
1500.0
1500.0001220703125
1500.0
1500.0
1500.0
1500.0
1500.0
1500.0
1500.0
1500.0
1500.0
1500.0
1500.0
1500.0
1499.9989013671875
1500.0
1500.0
1500.0
1500.0
1500.0
1500.0
1500.0
1500.0
1500.0
1500.0
1500.0
1500.0
1500.0
1500.0
100.0
100.0
100.0
100.0
100.0
100.0
1500.0
1500.0
1500.0
1500.0
1500.0
1500.0
1500.0
1500.0
1500.0
1500.0
1500.0
1500.0
1500.0
1500.0
1500.0
1500.0
1500.0
1500.0
1500.0
1500.0
1500.0
1500.0
1500.0
1500.0
1500.0
1500.0
1500.0
1500.0
1464.251953125
1419.4669189453125
1376.163818359375
1333.593994140625
1292.2916259765625
1251.6524658203125
1211.6851806640625
1172.513916015625
1134.5531005859375
1097.907958984375
1062.2703857421875
1027.565185546875
993.7290649414062
960.8361206054688
928.7324829101562
897.302978515625
866.226806640625
836.29931640625
807.8067626953125
780.38623046875
754.1469116210938
729.2345581054688
704.7807006835938
682.3692016601562
671.8301391601562
661.8221435546875
643.4024047851562
