1500.0
1500.01708984375
1500.0
1500.0
1499.9998779296875
1500.0
1500.0
1500.0
1500.0
1500.0
1500.0
1500.0
1500.0
1500.0
1500.0
1500.0
1500.0
1500.0
1500.0
1500.0
1500.0
1500.0
1500.0
1500.0
1500.0
1500.0
1500.0
1500.0
1500.0
1500.0
1500.0
1500.0
99.99996185302734
100.0
100.0
100.0
100.0
100.0
1500.0
1500.0
1499.9898681640625
1500.0
1500.0
1500.0
1500.0
1500.0
1500.0
1500.0
1500.0
1500.0
1500.0
1500.0
1500.0
1500.0
1500.0
1500.0
1500.0
1500.0
1500.0
1500.0
1500.0
1500.0
1500.0
1500.0
1500.0
1500.0
1500.0
1500.0
1500.0
1449.0223388671875
1391.5648193359375
1338.2161865234375
1287.3980712890625
1238.5728759765625
1191.7882080078125
1146.615234375
1105.2686767578125
1066.926513671875
1029.5850830078125
992.730224609375
956.1027221679688
919.7462158203125
884.029296875
851.4334106445312
823.9208984375
799.2327880859375
774.3832397460938
749.3931274414062
725.0509033203125
701.6395874023438
690.2758178710938
679.1102905273438
656.4523315429688
