1499.999755859375
1500.0
1500.0
1500.0
1500.0
1500.0
1500.0
1500.0
1500.0
1500.0
1500.0
1500.0
1500.0
1500.0
1500.0
1500.0
1500.0
1500.0
1500.0
1500.0
1500.0
1500.0
1500.0
1500.0
1500.0
1500.0
1500.0
1500.0
1500.0
1500.0
1500.0
1500.0
99.99999237060547
100.0
100.0
100.0
100.0
100.0
1500.0
1500.0
1500.0
1500.0
1500.0
1500.0
1500.0
1500.0
1500.0
1500.0
1487.2061767578125
1440.687744140625
1396.5279541015625
1351.8184814453125
1306.4927978515625
1260.6036376953125
1214.3203125
1168.0228271484375
1121.8746337890625
1076.057373046875
1030.8138427734375
986.5857543945312
943.8759765625
902.7875366210938
863.4464721679688
826.0278930664062
790.3181762695312
756.1980590820312
723.5023193359375
692.1051635742188
661.9338989257812
632.9754028320312
605.2190551757812
578.5896606445312
553.10009765625
528.7764892578125
505.55364990234375
483.3766174316406
462.18597412109375
441.867431640625
422.3118591308594
403.5812072753906
385.54193115234375
368.5047912597656
352.30743408203125
336.8993225097656
322.23760986328125
308.28155517578125
294.09979248046875
281.3295593261719
269.3969421386719
257.8939514160156
246.99691772460938
236.6958770751953
