1500.0
1500.0
1500.0
1500.0
1500.0
1500.0
1500.0
1500.0
1499.9998779296875
1500.0
1500.0
1500.0
1500.0
1499.9996337890625
1500.0
1499.9998779296875
1500.0
1500.0
1500.0
1500.0
1500.0
1500.0
1500.0
1500.0
1500.0
1500.0
1500.0
1500.0
1500.0
1500.0
1500.0
1500.0
100.0
100.0
100.0
100.0
100.0
99.9999771118164
1500.0
1500.0
1500.0
1500.0
1500.0
1500.0
1500.0
1500.0
1500.0
1500.0
1500.0
1500.0
1500.0
1500.0
1500.0
1500.0
1500.0
1500.0
1500.0
1500.0
1500.0
1500.0
1500.0
1500.0
1500.0
1500.0
1500.0
1443.8035888671875
1381.62353515625
1321.8189697265625
1265.9012451171875
1211.5440673828125
1158.7896728515625
1108.6878662109375
1062.678466796875
1019.0936889648438
977.3297119140625
936.2106323242188
896.1052856445312
856.7572021484375
817.5528564453125
785.1873168945312
757.3008422851562
731.1668090820312
705.2896118164062
681.0364379882812
657.97998046875
635.267822265625
612.0579223632812
588.12451171875
565.464111328125
543.6234130859375
521.5505981445312
499.5119323730469
480.54833984375
