1399.3900146484375
1140.7249755859375
980.7679443359375
920.6549682617188
854.7553100585938
825.4473876953125
808.9388427734375
798.2902221679688
790.405517578125
782.0556640625
772.9129028320312
763.627197265625
754.4969482421875
745.2927856445312
736.2984008789062
728.0731811523438
720.6650390625
713.72119140625
706.9150390625
700.0372924804688
692.7073364257812
684.8182373046875
676.3958740234375
667.0718994140625
656.5269775390625
644.693115234375
631.6481323242188
617.477783203125
602.581787109375
588.0910034179688
573.8710327148438
559.4197387695312
545.392578125
100.0
100.0
100.0
100.0
99.99887084960938
99.99990844726562
572.36669921875
518.9339599609375
486.05224609375
465.1484375
449.57135009765625
436.24365234375
424.1399841308594
412.77020263671875
401.78118896484375
391.0290222167969
380.7638854980469
370.8818664550781
360.970703125
350.8733825683594
340.64776611328125
330.2485046386719
319.822021484375
309.5814208984375
299.5450744628906
289.67608642578125
279.9431457519531
270.37103271484375
260.97564697265625
251.7874298095703
242.80413818359375
234.03094482421875
225.48793029785156
217.20762634277344
209.19699096679688
201.51638793945312
194.11192321777344
187.034912109375
180.24537658691406
173.7266387939453
167.4344482421875
161.3675537109375
155.22520446777344
149.41322326660156
143.86036682128906
138.54376220703125
133.4562225341797
128.5812225341797
123.91022491455078
119.43099975585938
115.12665557861328
110.99198150634766
107.02777099609375
102.9759521484375
98.94486236572266
95.33805847167969
91.88872528076172
88.53617858886719
85.30926513671875
82.2169418334961
