1178.2901611328125
940.101318359375
744.4190063476562
676.2435913085938
635.48486328125
605.137451171875
581.1256713867188
560.52392578125
541.1842651367188
522.8828125
504.3266296386719
488.50860595703125
473.7016296386719
459.51373291015625
445.45819091796875
434.965087890625
426.178466796875
417.6505432128906
409.19158935546875
402.4442443847656
395.6448059082031
388.2037658691406
380.1153259277344
371.37750244140625
361.9657287597656
351.9567565917969
342.2671203613281
333.8090515136719
325.0564270019531
316.1067199707031
307.0633544921875
297.7956848144531
100.0
100.0
100.0
100.0
100.0
100.0
321.0944519042969
297.00579833984375
268.08721923828125
253.4767303466797
247.763671875
243.11172485351562
239.2546844482422
235.1279296875
231.12326049804688
227.69927978515625
224.27374267578125
220.7427215576172
217.01422119140625
213.27719116210938
209.5362548828125
205.6726531982422
201.7022247314453
197.5301513671875
193.18385314941406
188.72557067871094
183.96661376953125
179.16348266601562
174.45086669921875
169.84397888183594
165.3633270263672
161.03131103515625
156.7942352294922
152.6307830810547
148.54052734375
144.5272979736328
140.59803771972656
136.77197265625
133.0369873046875
129.3955078125
125.91609191894531
122.5704345703125
119.31400299072266
116.19874572753906
113.18360137939453
110.26712036132812
107.44925689697266
104.7307357788086
102.14854431152344
99.66905212402344
97.2829360961914
94.98866271972656
92.78153991699219
90.6615219116211
88.62491607666016
86.66744232177734
84.79859161376953
83.00593566894531
81.2947998046875
79.65714263916016
