1499.9998779296875
1500.0
1500.0
1500.0
1500.000732421875
1500.0
1500.0
1500.0
1500.0
1500.0
1500.0
1500.0
1500.0
1500.0
1500.0
1500.0
1499.9996337890625
1499.9998779296875
1500.0
1500.0
1500.0
1499.9996337890625
1499.99951171875
1500.0
1499.999755859375
1499.9996337890625
1499.9996337890625
1500.0
1499.999755859375
1499.9993896484375
1499.9984130859375
1499.999755859375
99.99920654296875
100.0
100.0
100.0
100.0
100.0
1500.0
1500.0
1500.0
1499.9991455078125
1500.0
1500.0
1499.9996337890625
1500.0
1500.0
1500.0
1500.0
1500.0
1500.0
1500.0
1500.0
1500.0
1500.0
1500.0
1500.0
1500.0
1500.0
1500.0
1500.0
1500.0
1500.0
1500.0
1500.0
1492.9886474609375
1458.4615478515625
1428.3038330078125
1399.60205078125
1371.228759765625
1342.82470703125
1313.62548828125
1284.163330078125
1254.8355712890625
1225.4150390625
1196.024169921875
1166.696044921875
1137.651611328125
1109.16015625
1081.26513671875
1054.1102294921875
1027.8458251953125
1002.25439453125
977.5777587890625
953.537841796875
930.09912109375
907.0394287109375
884.2939453125
862.0338745117188
840.3221435546875
819.1500244140625
798.5473022460938
