1500.0
1500.0
1500.0
1499.7252197265625
1500.0
1500.0
1500.0
1500.0
1500.0
1500.0
1500.0
1500.0
1500.0
1500.0
1500.0
1500.0
1500.0
1500.0
1500.0
1500.0
1500.0
1500.0
1500.0
1500.0
1500.0
1500.0
1500.0
1500.0
1500.0
1500.0
1500.0
1500.0
100.0
100.0
100.0
100.0
100.0
100.0
1500.0
1500.0
1500.0
1500.0
1500.0
1500.0
1500.0
1500.0
1500.0
1500.0
1500.0
1500.0
1500.0
1500.0
1500.0
1500.0
1500.0
1500.0
1500.0
1500.0
1500.0
1500.0
1500.0
1500.0
1500.0
1500.0
1455.94384765625
1401.3702392578125
1348.5247802734375
1297.1312255859375
1247.2862548828125
1199.33203125
1153.5213623046875
1109.592041015625
1067.3525390625
1026.6522216796875
987.4415893554688
949.6361694335938
913.1817626953125
878.068359375
844.305419921875
811.82177734375
780.57763671875
750.5305786132812
721.6519775390625
693.9397583007812
667.1633911132812
641.2863159179688
616.5036010742188
592.9089965820312
570.29296875
548.46484375
527.5033569335938
505.9649963378906
