1243.760986328125
998.3405151367188
796.5657348632812
700.0386962890625
663.7293701171875
637.26318359375
615.4683837890625
596.74853515625
580.3240966796875
565.2503051757812
550.9205932617188
536.8721313476562
523.0170288085938
508.1768798828125
495.0390625
482.8265075683594
470.904541015625
459.29559326171875
447.6116943359375
435.6772766113281
425.7272033691406
417.5303039550781
409.5493469238281
401.1817321777344
392.35614013671875
383.0016784667969
374.0801086425781
365.6433410644531
357.5064697265625
350.0064392089844
341.83282470703125
333.188720703125
100.0
100.0
100.0
100.0
100.0
100.0
378.1504211425781
333.1730651855469
306.0166320800781
283.5119323730469
271.8580627441406
267.1352233886719
263.52947998046875
260.2660217285156
257.1068420410156
253.9833526611328
250.8901824951172
247.78778076171875
244.6568603515625
241.56068420410156
238.6779327392578
235.8719940185547
233.2530517578125
230.49337768554688
227.29119873046875
223.9698028564453
220.6923065185547
217.32418823242188
214.0688934326172
210.69192504882812
207.1922607421875
203.7455596923828
200.2073516845703
196.615234375
192.9934844970703
189.36215209960938
185.72341918945312
182.03005981445312
178.20016479492188
174.40208435058594
170.65582275390625
166.9947967529297
163.3605499267578
159.77130126953125
156.228759765625
152.7340087890625
149.28050231933594
145.86166381835938
142.47708129882812
139.1467742919922
135.88778686523438
132.7589569091797
129.74368286132812
126.77701568603516
123.89651489257812
121.08177185058594
118.33128356933594
115.65668487548828
113.05451202392578
110.5220718383789
