1500.0
1500.0
1500.0
1500.017822265625
1500.0
1500.0
1500.0
1500.0
1500.0
1500.0
1500.0
1500.0
1500.0
1500.0
1500.0
1500.0
1500.0
1500.0
1500.0
1500.0
1499.9996337890625
1500.0
1500.0
1500.0
1500.0
1500.0
1500.0
1500.0
1500.0
1500.0
1500.0
1500.0
100.0
100.0
100.0
100.0
100.0
100.0
1500.0
1500.0
1500.0
1500.0
1500.0
1500.0
1500.0
1500.0
1500.0
1500.0
1500.0
1500.0
1500.0
1500.0
1500.0
1500.0
1500.0
1500.0
1500.0
1500.0
1500.0
1500.0
1500.0
1500.0
1500.0
1500.0
1500.0
1500.0
1500.0
1494.0701904296875
1442.3134765625
1390.6229248046875
1338.3614501953125
1286.70654296875
1236.01220703125
1185.7440185546875
1136.8448486328125
1088.595947265625
1040.359375
991.9354248046875
944.0064697265625
896.5472412109375
853.1260986328125
815.8923950195312
782.7026977539062
752.185302734375
724.181640625
697.4140625
672.0386352539062
647.8859252929688
624.6461181640625
602.1732177734375
580.3425903320312
560.4322509765625
