1499.9998779296875
1500.0
1500.0
1500.0
1500.0
1500.0
1500.0
1500.0
1500.0
1500.0
1500.0
1500.0
1500.0
1500.0
1500.0
1500.0
1500.0
1500.0
1500.0
1500.0
1500.0
1500.0
1500.0
1500.0
1500.0
1500.0
1500.0
1500.0
1500.0
1500.0
1500.0
1500.0
100.0
100.0
100.0
100.0
100.0
100.0
1499.999755859375
1500.0
1500.0
1500.0
1500.0
1500.0
1500.0
1500.0
1500.0
1500.0
1500.0
1500.0
1500.0
1500.0
1500.0
1500.0
1500.0
1500.0
1500.0
1500.0
1500.0
1500.0
1461.7161865234375
1423.28466796875
1386.0106201171875
1348.5953369140625
1310.9078369140625
1273.037353515625
1235.08447265625
1197.07666015625
1159.267578125
1121.8494873046875
1084.9693603515625
1048.8209228515625
1013.5411376953125
979.2578125
946.1800537109375
914.6007080078125
884.5204467773438
855.8087158203125
828.2083740234375
801.6380615234375
776.0582275390625
751.3262939453125
727.2684936523438
703.9050903320312
681.2159423828125
659.186279296875
637.8253173828125
617.0886840820312
597.0123291015625
577.5918579101562
558.8358154296875
540.7501831054688
