1500.002197265625
1499.9998779296875
1500.0
1500.0
1500.0
1500.0
1500.0
1500.0
1500.0
1500.0
1500.0
1500.0
1500.0
1500.0
1500.0
1500.0
1500.0
1500.0
1500.0
1500.0
1500.0
1500.0
1500.0
1500.0
1500.0
1500.0
1500.0
1500.0
1500.0
1500.0
1500.0
1500.0
100.0
100.0
100.0
100.0
100.0
100.0
1500.0
1500.0
1500.0
1500.0
1500.0
1500.0
1500.0
1500.0
1500.0
1500.0
1500.0
1500.0
1500.0
1500.0
1500.0
1500.0
1500.0
1500.0
1500.0
1500.0
1500.0
1500.0
1500.0
1500.0
1500.0
1500.0
1500.0
1500.0
1500.0
1500.0
1500.0
1500.0
1500.0
1460.7125244140625
1407.8336181640625
1357.3812255859375
1308.173583984375
1260.0814208984375
1213.0457763671875
1167.091552734375
1122.2843017578125
1078.6820068359375
1036.343505859375
995.3414916992188
955.6294555664062
917.3837890625
880.4701538085938
845.0283813476562
811.0131225585938
778.1483154296875
746.6121826171875
716.5108032226562
687.3637084960938
659.3460693359375
