2084.55078125
2063.77490234375
2025.865478515625
2051.4775390625
2049.8369140625
2047.9014892578125
2049.14794921875
2046.5780029296875
2045.1846923828125
2045.3746337890625
2044.4830322265625
2046.228515625
2052.139892578125
2058.454345703125
2062.51953125
2065.48095703125
2068.1982421875
2070.786865234375
2078.30859375
2089.749267578125
2104.363525390625
2123.10888671875
2147.1259765625
2169.410888671875
2199.704345703125
2239.81640625
2292.415771484375
2355.51318359375
2428.634033203125
2512.5927734375
2604.6650390625
2710.454833984375
136.30421447753906
135.13641357421875
134.67176818847656
133.1934051513672
131.5570831298828
130.10491943359375
2335.3740234375
2656.301513671875
2924.57763671875
3181.806396484375
3438.32275390625
3693.38916015625
3944.904541015625
4189.564453125
4423.87255859375
4648.16650390625
4869.27490234375
5094.16064453125
5322.82275390625
5556.21435546875
5794.38427734375
6036.3388671875
6290.63720703125
6537.46435546875
6777.2841796875
7004.7998046875
7221.08935546875
7426.7666015625
7619.79736328125
7796.33740234375
7948.74755859375
8061.314453125
8151.29541015625
8240.4892578125
8324.0947265625
8391.78125
8417.072265625
8432.087890625
8478.5048828125
8529.296875
8575.1884765625
8584.3291015625
8592.552734375
8571.4208984375
8572.7265625
8574.1171875
8122.86572265625
7720.19189453125
7376.21435546875
7043.63525390625
6710.2568359375
6367.18115234375
6009.5478515625
5639.32861328125
5342.9404296875
4966.7412109375
4395.84716796875
4218.39013671875
4034.071044921875
3849.57958984375
