0.1109786108136177
0.12005326896905899
0.13354869186878204
0.14713919162750244
0.15012383460998535
0.15081271529197693
0.15161709487438202
0.15228964388370514
0.1528463214635849
0.15340879559516907
0.15404227375984192
0.15473976731300354
0.15565072000026703
0.15656161308288574
0.1574276238679886
0.1581607460975647
0.1588350087404251
0.1594875603914261
0.160148486495018
0.16083316504955292
0.16161364316940308
0.16250938177108765
0.16346079111099243
0.1644793003797531
0.1655794084072113
0.1667661964893341
0.16808417439460754
0.16962581872940063
0.17144285142421722
0.1735791712999344
0.17593596875667572
0.17844784259796143
0.010531781241297722
0.009170355275273323
0.008516970090568066
0.008132902905344963
0.00792492926120758
0.0078758355230093
0.1541689932346344
0.16664233803749084
0.17355671525001526
0.1790042519569397
0.183767169713974
0.18846698105335236
0.1933135837316513
0.19840726256370544
0.20387613773345947
0.21246980130672455
0.22272160649299622
0.2336571365594864
0.24548043310642242
0.25755438208580017
0.2717239558696747
0.2759362757205963
0.2709057927131653
0.26582643389701843
0.26081085205078125
0.2558444142341614
0.25090688467025757
0.24598565697669983
0.2410748153924942
0.2361726313829422
0.23132042586803436
0.22649222612380981
0.22169220447540283
0.21671746671199799
0.21180479228496552
0.20693546533584595
0.2020784318447113
0.19725266098976135
0.1925036758184433
0.18780963122844696
0.18315981328487396
0.17860174179077148
0.17413780093193054
0.1697608083486557
0.16552093625068665
0.16142500936985016
0.15741831064224243
0.15343378484249115
0.14947566390037537
0.14553475379943848
0.14163722097873688
0.13781146705150604
0.13407903909683228
0.1305425465106964
0.1273924559354782
0.12453904747962952
0.12188363075256348
0.11937525868415833
0.11697830259799957
0.11466503143310547
