19.200469970703125
18.729307174682617
16.851503372192383
14.601675987243652
12.866750717163086
11.661081314086914
10.826065063476562
10.225604057312012
9.795165061950684
9.488832473754883
9.2904634475708
9.178089141845703
9.137414932250977
9.159194946289062
9.221933364868164
9.315040588378906
9.44626235961914
9.673636436462402
9.988578796386719
10.398737907409668
10.899495124816895
11.484980583190918
12.146517753601074
12.87324333190918
13.653373718261719
14.47512435913086
15.320901870727539
16.17184066772461
17.075294494628906
18.033035278320312
19.040502548217773
20.120885848999023
4.798180103302002
4.197830677032471
4.030035495758057
4.029268741607666
4.199246406555176
4.410750865936279
31.896913528442383
31.843441009521484
30.833770751953125
31.193771362304688
32.06467056274414
33.10501480102539
34.2516975402832
35.43536376953125
36.60777282714844
37.727054595947266
38.77669906616211
39.753997802734375
40.66889953613281
41.51436996459961
42.27604675292969
42.97888946533203
43.54642868041992
43.997413635253906
44.381103515625
44.67062759399414
44.81232833862305
44.79442596435547
44.632484436035156
44.35506057739258
43.999996185302734
43.58918762207031
43.136802673339844
42.654747009277344
42.15236282348633
41.63491439819336
41.107933044433594
40.58207702636719
40.07046890258789
39.57375717163086
39.09750747680664
38.643463134765625
38.21261215209961
37.805328369140625
37.42087936401367
37.05707931518555
36.7139892578125
36.376461029052734
36.04682922363281
35.73130416870117
35.43206024169922
35.14870071411133
34.8801155090332
34.628334045410156
34.39439010620117
34.17884063720703
33.982357025146484
33.80370330810547
33.64236068725586
33.498199462890625
