2067.75439453125
2036.0262451171875
2009.13818359375
2089.185546875
2192.470947265625
2200.4326171875
2174.7705078125
2157.678466796875
2149.564697265625
2149.91650390625
2157.393798828125
2173.22119140625
2187.70556640625
2199.82421875
2210.5087890625
2223.7861328125
2241.323974609375
2266.835693359375
2293.06298828125
2318.72216796875
2345.2646484375
2387.22509765625
2446.7333984375
2522.592041015625
2613.44580078125
2718.155029296875
2835.3291015625
2964.51513671875
3105.376953125
3258.281982421875
3419.741943359375
3586.142333984375
136.6149139404297
129.0407257080078
127.59992980957031
127.36312866210938
127.39305877685547
127.53791809082031
3149.0654296875
3800.945556640625
3998.4638671875
4084.4892578125
4180.17138671875
4311.5576171875
4476.95263671875
4667.9677734375
4878.30615234375
5105.658203125
5346.8623046875
5602.27783203125
5922.68017578125
6233.41845703125
6552.4970703125
6883.73486328125
7233.21728515625
7617.91162109375
8010.51904296875
8402.1796875
8534.8935546875
8489.60546875
8454.01953125
8413.228515625
8360.75
8295.990234375
8223.4736328125
8139.3798828125
8046.6787109375
7945.41650390625
7832.48095703125
7696.0283203125
7551.58740234375
7401.14501953125
7244.38623046875
7082.2216796875
6915.44873046875
6745.15234375
6569.599609375
6393.02734375
6216.68701171875
6041.09326171875
5865.9208984375
5690.3935546875
5513.8486328125
5336.62841796875
5159.04248046875
4981.67724609375
4807.3251953125
4636.42041015625
4468.85205078125
4305.3505859375
4146.64892578125
3993.864013671875
