2081.12255859375
2056.72802734375
2030.8160400390625
2011.08154296875
1997.6483154296875
2017.5452880859375
2034.335205078125
2043.628662109375
2054.560302734375
2068.119140625
2072.92041015625
2087.83154296875
2123.231201171875
2145.32470703125
2166.912841796875
2198.51220703125
2237.937744140625
2282.73388671875
2329.107177734375
2385.187255859375
2457.703857421875
2554.221435546875
2675.196044921875
2816.117919921875
2973.935302734375
3146.430419921875
3329.242919921875
3519.38671875
3713.7529296875
3914.5283203125
4121.41650390625
4335.6533203125
173.5906982421875
174.9973907470703
185.3861846923828
196.03160095214844
205.80538940429688
214.77188110351562
4679.38427734375
5009.08203125
5136.732421875
5235.6669921875
5367.29541015625
5541.41064453125
5750.61962890625
5987.24072265625
6244.02685546875
6522.43212890625
6832.7412109375
7173.9384765625
7549.19384765625
7921.86962890625
8310.341796875
8684.029296875
9051.92578125
9428.0947265625
9807.4580078125
10167.8935546875
10509.1796875
10836.037109375
11149.0693359375
11444.7802734375
11719.291015625
11970.38671875
12200.787109375
12414.2685546875
12613.9423828125
12801.12890625
12977.02734375
13141.19140625
13291.19140625
13425.9521484375
13544.70703125
13646.12109375
13730.1005859375
13798.408203125
13854.154296875
13898.638671875
13933.259765625
13962.119140625
13988.220703125
13999.8623046875
13999.205078125
13982.169921875
13950.17578125
13904.796875
13848.5087890625
13783.49609375
13709.216796875
13623.291015625
13524.7158203125
13411.7373046875
