2085.454345703125
2077.037109375
2050.981689453125
2029.847412109375
2016.9091796875
2034.97509765625
2052.84326171875
2057.429931640625
2053.620361328125
2057.762939453125
2057.022216796875
2053.877685546875
2058.46875
2063.64892578125
2066.19873046875
2068.18896484375
2081.986328125
2098.705810546875
2111.35986328125
2122.348876953125
2137.159423828125
2154.806884765625
2176.087646484375
2194.7880859375
2214.687744140625
2242.81103515625
2283.33056640625
2349.32666015625
2428.58642578125
2526.076416015625
2626.02001953125
2745.853759765625
134.39256286621094
134.66937255859375
133.65235900878906
131.76820373535156
129.3638458251953
127.40402221679688
2409.626708984375
2624.10546875
2839.620361328125
3062.180908203125
3284.900634765625
3511.396484375
3752.319091796875
4008.388427734375
4269.16943359375
4521.7470703125
4765.26708984375
4998.06640625
5224.72216796875
5461.20947265625
5720.529296875
6028.53076171875
6382.39453125
6770.50927734375
7046.32177734375
7277.40673828125
7504.60888671875
7710.7890625
7859.64013671875
8082.544921875
8238.546875
8357.423828125
8435.4580078125
8478.0771484375
8502.30078125
8488.5634765625
8453.1953125
8435.1201171875
8442.3720703125
8471.9755859375
8519.0244140625
8556.8427734375
8593.4248046875
8648.6318359375
8657.6943359375
8649.517578125
8615.6435546875
8591.30859375
8296.400390625
7771.8232421875
7259.79443359375
6717.62744140625
6398.900390625
6074.8994140625
5789.212890625
5475.1494140625
5181.44677734375
4987.236328125
4826.25634765625
4671.57666015625
