2028.185302734375
2052.497314453125
2117.1552734375
2248.851806640625
2345.906005859375
2379.327880859375
2389.2783203125
2357.968505859375
2332.283447265625
2309.84033203125
2296.119873046875
2294.869140625
2298.6083984375
2306.89990234375
2324.767578125
2346.322265625
2372.299560546875
2407.7470703125
2464.53369140625
2549.978271484375
2662.632080078125
2798.974609375
2955.529296875
3129.369873046875
3319.63330078125
3524.653076171875
3743.732421875
3976.586181640625
4223.41455078125
4480.525390625
4749.8515625
5027.00439453125
207.70938110351562
206.78570556640625
205.2539825439453
209.20343017578125
212.28482055664062
215.01039123535156
4893.802734375
6279.8671875
6953.1396484375
6902.86328125
6912.4677734375
6972.12744140625
7079.78662109375
7207.212890625
7342.2705078125
7476.88671875
7613.1494140625
7749.41748046875
7880.24951171875
8004.23681640625
8116.87158203125
8219.2041015625
8306.62890625
8377.234375
8427.8046875
8457.7265625
8466.8740234375
8456.3818359375
8427.1435546875
8380.560546875
8318.7724609375
8243.67578125
8157.59228515625
8060.2822265625
7952.24755859375
7833.4208984375
7705.22119140625
7569.28955078125
7426.9521484375
7279.3642578125
7127.484375
6972.4560546875
6815.45458984375
6657.2744140625
6498.60498046875
6340.4130859375
6183.181640625
6027.3798828125
5871.5869140625
5717.39111328125
5565.6669921875
5413.52978515625
5264.84228515625
5121.56396484375
4981.47314453125
4845.59130859375
4714.36865234375
4586.93408203125
4463.29296875
4343.96435546875
