2051.751708984375
2002.5994873046875
1446.114990234375
1307.8724365234375
1265.747802734375
1217.51025390625
1176.291259765625
1149.55322265625
1123.71875
1101.041748046875
1080.4959716796875
1062.2730712890625
1046.31787109375
1029.2259521484375
1011.7503051757812
994.0403442382812
984.8552856445312
975.369140625
963.7029418945312
950.694091796875
936.1885375976562
921.1840209960938
906.2008666992188
891.4146728515625
877.4908447265625
866.4137573242188
858.212890625
851.7473754882812
843.540283203125
834.3743286132812
825.6363525390625
818.122802734375
119.43607330322266
119.9680404663086
120.27040100097656
120.40589904785156
120.59034729003906
120.76728820800781
972.3063354492188
783.1014404296875
815.1864624023438
828.4249877929688
822.5636596679688
810.8973999023438
798.2886962890625
788.0270385742188
779.2208251953125
770.8546142578125
763.3089599609375
777.7420043945312
795.4691162109375
811.6710815429688
827.2476806640625
841.8582153320312
862.9857177734375
888.6449584960938
916.8773193359375
946.461669921875
976.119140625
1004.8613891601562
1033.5948486328125
1063.0311279296875
1093.133056640625
1122.85595703125
1150.886962890625
1176.2081298828125
1198.2720947265625
1217.21875
1233.4410400390625
1247.3062744140625
1258.9864501953125
1268.238525390625
1274.9034423828125
1278.888427734375
1280.5924072265625
1280.6995849609375
1279.6209716796875
1277.419189453125
1274.7557373046875
1271.723876953125
1267.8653564453125
1263.0634765625
1257.3692626953125
1250.4891357421875
1242.2767333984375
1232.6982421875
1221.88623046875
1209.9779052734375
1197.125244140625
1183.3101806640625
1168.6434326171875
1153.250244140625
