2081.498046875
2057.314697265625
2030.551513671875
2010.76025390625
1998.6614990234375
2022.5892333984375
2041.5445556640625
2051.450439453125
2052.899169921875
2060.892822265625
2069.3662109375
2078.11181640625
2091.99755859375
2111.6376953125
2127.67626953125
2147.56689453125
2177.342529296875
2213.208251953125
2251.924072265625
2291.95703125
2336.955810546875
2400.510986328125
2485.87890625
2590.84521484375
2710.705322265625
2843.7998046875
2989.905029296875
3146.59912109375
3310.817626953125
3481.587158203125
3657.05322265625
3839.072265625
157.13304138183594
144.75254821777344
151.7672119140625
161.4749755859375
170.8521270751953
179.31436157226562
4112.00341796875
4326.16943359375
4397.76611328125
4481.75830078125
4608.4951171875
4774.07958984375
4969.5576171875
5187.01611328125
5420.017578125
5665.08984375
5920.412109375
6188.0263671875
6471.0234375
6782.84130859375
7128.93603515625
7495.7421875
7872.7646484375
8273.2197265625
8667.46875
9068.97265625
9487.07421875
9885.6240234375
10265.2158203125
10628.986328125
10979.6552734375
11318.0556640625
11639.427734375
11940.4921875
12223.8837890625
12489.3642578125
12736.85546875
12967.8017578125
13183.9833984375
13385.953125
13573.8955078125
13746.6318359375
13902.1748046875
14039.3857421875
14159.5341796875
14262.302734375
14350.1884765625
14423.4677734375
14483.453125
14529.8486328125
14565.1455078125
14595.6015625
14607.4091796875
14608.0517578125
14595.2236328125
14572.1005859375
14539.173828125
14497.0791015625
14447.521484375
14388.9970703125
