2078.87255859375
2050.256591796875
2016.53271484375
2047.183837890625
2078.44091796875
2065.103515625
2056.871826171875
2053.02490234375
2047.6531982421875
2043.661865234375
2042.5377197265625
2042.05712890625
2056.60400390625
2056.326171875
2056.164794921875
2060.353759765625
2057.779541015625
2056.91455078125
2068.724609375
2075.401123046875
2079.764892578125
2087.3017578125
2089.46533203125
2092.43798828125
2098.472412109375
2104.673583984375
2113.80029296875
2126.398193359375
2142.788330078125
2163.037353515625
2181.396484375
2204.44580078125
120.09381866455078
120.73014831542969
121.29995727539062
121.8187026977539
122.31731414794922
122.77861022949219
1811.78564453125
2008.8551025390625
2111.9560546875
2229.27392578125
2354.7724609375
2454.11572265625
2547.3427734375
2660.134033203125
2791.87646484375
2944.98095703125
3106.98095703125
3270.9794921875
3455.9013671875
3427.467041015625
3394.19482421875
3361.277099609375
3321.921875
3273.793701171875
3218.39892578125
3160.45703125
3097.49365234375
3020.48193359375
2936.911865234375
2928.6953125
2941.578125
2939.869873046875
2943.571533203125
2940.3720703125
2943.96240234375
2956.046875
2971.094482421875
2985.509033203125
2995.263671875
2998.34033203125
2994.440185546875
2979.44775390625
2954.55712890625
2921.67724609375
2882.600830078125
2839.12939453125
2796.401611328125
2758.070068359375
2724.19482421875
2693.289794921875
2663.528564453125
2633.123046875
2601.61376953125
2568.279296875
2531.05322265625
2491.03125
2448.745361328125
2405.843017578125
2363.5927734375
2323.241943359375
