2043.88720703125
2013.157470703125
2042.133544921875
2061.849853515625
2042.9171142578125
2030.604248046875
2020.751708984375
2020.2554931640625
2045.4039306640625
2055.360595703125
2058.8623046875
2062.371826171875
2068.739013671875
2090.34423828125
2117.992919921875
2144.5048828125
2170.933837890625
2201.78662109375
2249.215576171875
2315.515869140625
2399.447509765625
2498.384765625
2611.834228515625
2738.01171875
2875.722412109375
3023.781005859375
3180.052978515625
3343.25830078125
3513.564697265625
3691.390625
3874.556884765625
4062.317626953125
126.54182434082031
152.4944305419922
171.04576110839844
180.72213745117188
186.00563049316406
189.48480224609375
4465.03955078125
4844.10302734375
5133.92431640625
5366.9267578125
5565.62060546875
5751.08837890625
5935.60302734375
6125.7646484375
6332.595703125
6554.8916015625
6791.8837890625
7048.7568359375
7342.40380859375
7688.54541015625
8054.705078125
8451.2373046875
8885.99609375
9352.875
9847.5205078125
10351.4599609375
10869.6943359375
11406.7255859375
11959.796875
12531.7177734375
13107.580078125
13508.9130859375
13497.423828125
13488.521484375
13468.7099609375
13434.4658203125
13385.908203125
13322.74609375
13244.35546875
13150.1474609375
13040.533203125
12916.283203125
12778.3349609375
12627.4169921875
12464.9189453125
12291.0849609375
12106.6513671875
11912.9501953125
11710.9052734375
11499.9033203125
11283.4052734375
11062.7646484375
10839.6201171875
10613.369140625
10386.03515625
10158.875
9930.14453125
9700.8125
9473.6083984375
9247.7978515625
