1435.62744140625
1017.14208984375
782.3585205078125
688.5596923828125
589.3975830078125
566.7207641601562
575.234375
575.3778686523438
570.0281982421875
563.36181640625
556.4371337890625
551.645751953125
547.30615234375
540.49951171875
532.4950561523438
524.0360107421875
515.0361328125
505.6144104003906
495.85015869140625
485.793212890625
475.2611999511719
463.97247314453125
451.9582824707031
439.3045959472656
426.0946044921875
412.52801513671875
398.6546630859375
384.8134765625
370.9421691894531
359.0589904785156
347.8381042480469
336.3873596191406
324.7138671875
118.06340789794922
119.70124053955078
121.11346435546875
122.87142944335938
123.4566421508789
123.69320678710938
123.93917846679688
351.6429443359375
281.0257568359375
370.9327697753906
409.3893127441406
371.456298828125
324.17706298828125
289.0127258300781
269.3727111816406
263.0790710449219
266.332763671875
271.23089599609375
275.15948486328125
278.17266845703125
280.68505859375
282.4769592285156
288.7452697753906
298.73907470703125
315.1352233886719
334.33355712890625
353.12310791015625
369.9268798828125
384.7156677246094
398.655517578125
413.2029113769531
430.56976318359375
450.00860595703125
470.33575439453125
490.39654541015625
509.2421569824219
526.7855224609375
543.0838012695312
558.0706787109375
572.0625
585.2216796875
597.1791381835938
607.7164916992188
616.708984375
624.2549438476562
630.3984985351562
635.1585083007812
638.6019287109375
640.8171997070312
641.8682250976562
641.8858642578125
640.9713134765625
639.2522583007812
636.7750854492188
633.6217041015625
629.9383544921875
625.7340087890625
621.04931640625
616.0370483398438
610.6549682617188
604.9415283203125
598.9107055664062
