2277.31884765625
2648.673828125
2890.548828125
2627.40185546875
2483.448486328125
2408.337646484375
2347.712158203125
2309.588623046875
2291.318603515625
2286.448486328125
2289.2548828125
2249.529052734375
2217.821044921875
2195.958984375
2178.427978515625
2164.6708984375
2151.4169921875
2137.054443359375
2122.1220703125
2110.2314453125
2106.52880859375
2112.5830078125
2134.267333984375
2167.071533203125
2207.400634765625
2251.90380859375
2299.59326171875
2350.166748046875
2400.958251953125
2450.028076171875
2496.80029296875
2541.158203125
92.53935241699219
94.3686752319336
97.317626953125
100.4683609008789
102.85646057128906
104.87551879882812
2735.292724609375
2813.890625
2731.67822265625
2692.43310546875
2673.763916015625
2668.024658203125
2666.692138671875
2668.732421875
2672.1181640625
2673.464111328125
2670.531494140625
2662.895263671875
2654.29833984375
2656.3564453125
2650.273681640625
2635.1572265625
2612.902587890625
2579.9658203125
2541.187255859375
2499.087890625
2452.752197265625
2400.946533203125
2346.57763671875
2290.633544921875
2233.111083984375
2174.9091796875
2116.325927734375
2057.015380859375
1997.85400390625
1939.4208984375
1882.9052734375
1855.24462890625
1827.8243408203125
1773.8272705078125
1720.7685546875
1668.6092529296875
1617.5552978515625
1567.8514404296875
1519.564697265625
1472.690185546875
1426.5784912109375
1381.035400390625
1336.024169921875
1292.0821533203125
1249.9063720703125
1210.0648193359375
1172.584228515625
1137.9644775390625
1105.6011962890625
1074.8743896484375
1045.2994384765625
1016.4306640625
987.943359375
959.9254150390625
932.5106811523438
