2082.946533203125
2063.63037109375
2038.703369140625
2023.206787109375
2018.2265625
2030.9244384765625
2061.324951171875
2064.220458984375
2053.572509765625
2045.6138916015625
2052.584716796875
2064.931640625
2096.47216796875
2122.224853515625
2133.240234375
2147.957763671875
2164.891845703125
2188.133544921875
2215.073486328125
2242.396484375
2275.84375
2324.455078125
2396.4296875
2485.220703125
2584.409912109375
2694.094970703125
2813.7919921875
2943.253662109375
3082.231201171875
3232.541015625
3394.15283203125
3564.682861328125
3743.65576171875
151.7489013671875
137.9071044921875
133.90435791015625
132.75865173339844
133.81752014160156
136.42001342773438
137.7235107421875
3289.193359375
3418.240234375
3461.54833984375
3595.469970703125
3768.1728515625
3975.73291015625
4088.612060546875
4211.2939453125
4476.86962890625
4759.37744140625
5046.0615234375
5324.28076171875
5592.7333984375
5868.62353515625
6128.46044921875
6362.14794921875
6585.26220703125
6793.1298828125
6974.181640625
7126.28173828125
7240.82177734375
7328.62890625
7393.94189453125
7430.4345703125
7458.06494140625
7478.82177734375
7490.83447265625
7490.20361328125
7473.15087890625
7438.1865234375
7417.32177734375
7412.541015625
7408.0712890625
7401.1982421875
7404.771484375
7429.0166015625
7497.07080078125
7581.07177734375
7700.40576171875
7729.5224609375
7670.7919921875
7592.4462890625
7527.47265625
7486.6201171875
7447.41259765625
7158.6640625
6900.4345703125
6653.4921875
6425.89453125
6210.1376953125
5999.203125
5793.81787109375
5600.119140625
5405.35009765625
5206.4462890625
5011.62939453125
