2044.2105712890625
2337.885009765625
2216.6796875
2262.3388671875
2236.761962890625
2182.889404296875
2155.760986328125
2150.134033203125
2146.547607421875
2144.23291015625
2142.726806640625
2141.7421875
2141.095703125
2141.04931640625
2141.02294921875
2140.97509765625
2140.851318359375
2140.810791015625
2140.72998046875
2140.67138671875
2140.55419921875
2140.25
2139.584716796875
2137.880615234375
2137.1171875
2136.935546875
2136.816650390625
2136.583251953125
2136.20556640625
2136.097412109375
2136.093505859375
2136.085693359375
2136.072021484375
2136.06982421875
2136.065673828125
2136.06298828125
2136.061767578125
2136.060791015625
2136.059326171875
2136.05859375
