2085.050048828125
2069.330322265625
2038.921875
2015.932373046875
2000.4923095703125
2008.28173828125
2055.992431640625
2049.66455078125
2039.6287841796875
2031.05517578125
2027.59375
2037.3873291015625
2057.06640625
2078.498046875
2089.111572265625
2102.899658203125
2121.3603515625
2146.720703125
2170.90185546875
2190.691162109375
2206.977783203125
2224.0419921875
2241.614501953125
2269.28125
2314.32275390625
2374.814453125
2446.16357421875
2524.496337890625
2609.844970703125
2701.44775390625
2799.78369140625
2907.6103515625
123.51543426513672
124.8643798828125
125.56137084960938
126.00786590576172
126.33393096923828
126.59081268310547
2303.87744140625
2660.25048828125
2847.8125
3010.81298828125
3176.578857421875
3353.268798828125
3543.206787109375
3745.1484375
3957.021240234375
4176.681640625
4403.22607421875
4634.98779296875
4867.5869140625
5096.52490234375
5321.02978515625
5542.06298828125
5770.71240234375
6013.5888671875
6256.99169921875
6486.41748046875
6692.55908203125
6889.91552734375
7073.61083984375
7252.48095703125
7436.0166015625
7614.53955078125
7778.04345703125
7935.96142578125
8090.75
8231.046875
8352.7197265625
8457.1162109375
8528.03125
8574.7431640625
8608.3447265625
8634.4609375
8665.546875
8701.658203125
8739.3662109375
8773.08203125
8806.455078125
8823.107421875
8820.0771484375
8797.79296875
8755.7265625
8706.4287109375
8661.5595703125
8628.3046875
8611.53125
8604.1962890625
8587.5478515625
8553.7060546875
8512.328125
8472.916015625
