2045.899658203125
2014.5428466796875
2033.3004150390625
2067.127197265625
2046.739990234375
2033.77734375
2023.7158203125
2021.9013671875
2035.5499267578125
2058.716796875
2061.10400390625
2066.678466796875
2071.633544921875
2093.7666015625
2123.065185546875
2150.4208984375
2178.610107421875
2209.818359375
2255.253662109375
2319.243896484375
2401.05810546875
2498.199462890625
2610.14794921875
2735.3349609375
2872.647705078125
3020.376708984375
3176.5234375
3339.76806640625
3509.9736328125
3687.584716796875
3870.690185546875
4058.1982421875
122.71654510498047
142.7278594970703
163.31736755371094
175.3408660888672
182.31649780273438
186.7860565185547
4452.0654296875
4827.3408203125
5113.0419921875
5344.60986328125
5542.2685546875
5725.74072265625
5908.482421875
6097.02978515625
6300.9208984375
6522.81982421875
6760.005859375
7018.05712890625
7307.646484375
7658.17822265625
8030.0166015625
8427.57421875
8863.4853515625
9327.4794921875
9821.7177734375
10320.853515625
10832.171875
11361.91015625
11907.740234375
12483.8525390625
13065.2734375
13492.669921875
13479.7421875
13471.6689453125
13452.81640625
13419.29296875
13371.2177734375
13308.1005859375
13229.3046875
13134.447265625
13023.9716796875
12898.916015625
12759.98828125
12608.3056640625
12444.6181640625
12269.4912109375
12083.76171875
11889.1162109375
11685.9423828125
11474.0009765625
11256.9287109375
11035.46875
10811.408203125
10584.39453125
10355.943359375
10126.876953125
9898.25390625
9668.751953125
9440.8662109375
9214.3759765625
