1713.7274169921875
1148.365478515625
769.9794921875
702.8157958984375
679.5388793945312
653.3389892578125
633.0534057617188
620.49755859375
612.4180908203125
608.4813842773438
600.81201171875
592.2184448242188
583.3887939453125
574.1476440429688
564.47509765625
554.4002685546875
543.73193359375
532.5076904296875
520.68017578125
508.0662841796875
494.79583740234375
480.9893798828125
469.47723388671875
458.640869140625
448.1808166503906
437.9501953125
427.5442810058594
416.6466369628906
407.40972900390625
398.1412658691406
388.574462890625
379.22027587890625
116.91761779785156
119.13467407226562
119.54927062988281
119.66654968261719
119.68595123291016
119.73712921142578
464.76165771484375
353.45013427734375
364.3738708496094
414.37188720703125
427.0694580078125
417.6051330566406
398.0649719238281
374.9025573730469
352.441650390625
333.2226867675781
319.11859130859375
309.9913024902344
305.3604736328125
304.2583312988281
305.61688232421875
308.6000671386719
312.6629943847656
317.4254455566406
322.4458312988281
327.2079162597656
331.3195495605469
334.6354675292969
337.691650390625
340.88629150390625
345.915283203125
354.9517517089844
369.0907287597656
387.122314453125
406.3941955566406
425.0086364746094
443.92047119140625
464.1031494140625
483.5727233886719
501.48291015625
518.0323486328125
533.7276611328125
548.6153564453125
562.3662719726562
574.839111328125
586.0950927734375
596.2869262695312
601.4127197265625
605.9996337890625
614.33544921875
622.3959350585938
629.6320190429688
635.8416137695312
640.9468994140625
644.9143676757812
647.580810546875
649.153076171875
649.6041259765625
649.0233154296875
647.591796875
645.4906005859375
