2042.784423828125
1996.7607421875
2361.174560546875
2955.617919921875
3185.654052734375
3142.184326171875
2975.568115234375
2779.147705078125
2614.67919921875
2499.488525390625
2430.429931640625
2397.93505859375
2386.17822265625
2390.34619140625
2403.650146484375
2423.76025390625
2452.4755859375
2491.22607421875
2548.10302734375
2627.57470703125
2731.78662109375
2861.45947265625
3015.9365234375
3190.97607421875
3382.758056640625
3589.160400390625
3804.967529296875
4025.634765625
4027.402587890625
4057.69091796875
4112.5712890625
4184.23583984375
236.09471130371094
193.94041442871094
166.21237182617188
152.55792236328125
142.1432647705078
135.9354248046875
2913.103759765625
5000.40576171875
5724.037109375
5590.166015625
5538.14013671875
5531.556640625
5557.83349609375
5603.890625
5669.4609375
5752.56494140625
5846.35888671875
5946.72509765625
6046.86279296875
6146.2841796875
6239.47265625
6324.45947265625
6402.67578125
6471.5009765625
6529.37451171875
6574.72509765625
6607.68359375
6626.9345703125
6632.720703125
6624.56103515625
6603.9423828125
6571.70361328125
6528.951171875
6477.33837890625
6418.1279296875
6351.50830078125
6277.609375
6196.90869140625
6110.15087890625
6017.9287109375
5920.86181640625
5819.8818359375
5715.7138671875
5608.93798828125
5500.337890625
5390.68603515625
5280.8486328125
5225.84423828125
5170.94677734375
5062.90966796875
4956.51708984375
4851.92333984375
4749.24267578125
4649.51953125
4552.0478515625
4455.81689453125
4359.810546875
4265.83056640625
4175.95654296875
4089.191162109375
4005.30615234375
