2068.516845703125
2043.5548095703125
2008.2626953125
2007.560546875
2064.109375
2060.0751953125
2075.155029296875
2101.02099609375
2140.7568359375
2163.25830078125
2196.997802734375
2238.611083984375
2272.555419921875
2302.3720703125
2331.5400390625
2359.05517578125
2387.23193359375
2414.150146484375
2449.571044921875
2505.8369140625
2586.025146484375
2689.406005859375
2815.084716796875
2961.91796875
3127.736328125
3308.635498046875
3502.62744140625
3704.717041015625
3916.93505859375
4137.7744140625
4365.92041015625
4601.994140625
188.89633178710938
169.2768096923828
176.6156463623047
187.52877807617188
197.72589111328125
207.37147521972656
4936.67626953125
5458.86083984375
5744.95703125
5935.61376953125
6101.2919921875
6277.0361328125
6478.056640625
6710.85009765625
6990.90673828125
7333.13916015625
7700.44482421875
8118.53173828125
8557.3076171875
9004.8974609375
9475.837890625
9967.19140625
10468.6796875
10981.2470703125
11500.7451171875
12023.5888671875
12544.48046875
13059.8056640625
13569.4013671875
14073.6767578125
14570.0234375
15050.662109375
15512.150390625
15949.5322265625
16365.5771484375
16759.392578125
17126.978515625
17481.373046875
17806.6953125
18107.28515625
18399.88671875
18648.869140625
18871.37109375
19059.697265625
19226.283203125
18917.896484375
18308.84765625
18050.943359375
17810.033203125
17362.19921875
16937.595703125
16530.841796875
16139.2197265625
15760.26953125
15391.8701171875
15032.4765625
14681.8828125
14339.88671875
14006.076171875
13680.0078125
13361.751953125
