2022.9617919921875
2035.0933837890625
2773.668701171875
3230.341064453125
3660.59326171875
3487.389404296875
3322.18017578125
3134.83935546875
2946.61083984375
2779.514892578125
2650.67041015625
2516.72998046875
2408.35205078125
2339.528564453125
2297.11962890625
2240.9228515625
2210.627685546875
2211.208740234375
2225.656005859375
2244.453125
2260.72998046875
2269.60888671875
2270.790283203125
2268.249755859375
2269.493408203125
2282.79248046875
2311.401611328125
2352.67822265625
2403.7822265625
2464.44873046875
2534.318603515625
2618.435302734375
2720.710693359375
2839.113525390625
2967.24462890625
3099.208984375
3235.766845703125
3392.61669921875
73.2743148803711
69.40825653076172
69.67842864990234
70.16569519042969
70.70965576171875
71.61665344238281
72.38774871826172
1265.2034912109375
1707.8380126953125
2302.3486328125
3745.944580078125
4508.0419921875
4909.36181640625
3729.393310546875
3732.114990234375
3661.700927734375
3626.460205078125
3619.693603515625
3628.02490234375
3635.864013671875
3649.822265625
3658.997802734375
3669.463134765625
3671.980224609375
3665.98291015625
3651.640869140625
3636.731689453125
3614.220458984375
3589.4140625
3560.6328125
3525.059814453125
3482.859130859375
3436.942626953125
3387.814453125
3334.9990234375
3277.72412109375
3217.384033203125
3153.98291015625
3088.953857421875
3022.80322265625
2956.252685546875
2890.0712890625
2824.474609375
2758.491455078125
2692.57421875
2628.130126953125
2566.16748046875
2506.356201171875
2447.63916015625
2389.730224609375
2332.53955078125
2274.53857421875
2215.88818359375
2157.668701171875
2100.934814453125
2046.2725830078125
1993.2659912109375
1941.4180908203125
1890.30224609375
1839.8084716796875
1789.8604736328125
1740.5703125
1692.133056640625
