2064.162353515625
2037.284912109375
2006.6702880859375
2035.76416015625
2047.3138427734375
2087.4970703125
2091.489013671875
2108.228271484375
2122.583740234375
2125.404296875
2139.948486328125
2172.265869140625
2190.3505859375
2204.39453125
2218.572265625
2235.570556640625
2250.412841796875
2264.267333984375
2279.18798828125
2298.247314453125
2323.765869140625
2363.7568359375
2426.544921875
2510.31494140625
2602.984130859375
2709.388916015625
2828.09765625
2956.19091796875
3091.002685546875
3228.292236328125
3367.83154296875
3513.7685546875
3668.17041015625
151.47891235351562
140.831298828125
134.50364685058594
130.76475524902344
129.05096435546875
127.99000549316406
2833.720458984375
3243.4765625
3494.45263671875
3723.530029296875
3963.892822265625
4213.25
4464.138671875
4597.57568359375
4725.75341796875
4972.51904296875
5210.94677734375
5438.37939453125
5647.8505859375
5852.68896484375
6074.41748046875
6320.46044921875
6565.83251953125
6807.5205078125
7019.01416015625
7208.068359375
7360.001953125
7476.6767578125
7572.2919921875
7652.6923828125
7706.9482421875
7738.6962890625
7752.63330078125
7750.02783203125
7739.15869140625
7730.94873046875
7735.240234375
7758.9560546875
7795.736328125
7810.67626953125
7831.34814453125
7882.22021484375
7940.9482421875
7992.517578125
8043.14306640625
8088.1201171875
8077.744140625
7766.2890625
7502.23681640625
7268.83740234375
7045.1435546875
6829.30615234375
6624.48291015625
6428.04541015625
6234.21240234375
6044.59423828125
5863.888671875
5680.85107421875
5488.80322265625
5302.2451171875
5121.76708984375
