2046.5982666015625
1941.875732421875
1394.9222412109375
1324.1641845703125
1262.9500732421875
1212.8470458984375
1178.1468505859375
1147.145263671875
1132.2449951171875
1112.008056640625
1088.798583984375
1064.9234619140625
1040.975341796875
1016.8350830078125
1000.6425170898438
985.44580078125
967.9292602539062
949.7372436523438
931.199951171875
913.9351196289062
897.4053344726562
881.5934448242188
870.9928588867188
863.4174194335938
857.2310180664062
849.9348754882812
841.519287109375
833.10009765625
826.273681640625
820.3985595703125
814.714599609375
808.56298828125
118.59188842773438
118.9505615234375
119.33072662353516
119.77345275878906
120.2182846069336
120.49784851074219
931.090087890625
773.4414672851562
802.833740234375
816.7340698242188
808.34130859375
792.6922607421875
776.0218505859375
761.3705444335938
749.753662109375
739.8141479492188
752.1146850585938
769.0621948242188
788.41552734375
808.5320434570312
825.929443359375
843.2760620117188
862.42041015625
880.5281372070312
897.1610717773438
912.6670532226562
929.6546630859375
948.7512817382812
968.5946044921875
988.3167724609375
1007.9617919921875
1027.5877685546875
1046.3929443359375
1063.7320556640625
1079.099609375
1092.43505859375
1103.783447265625
1113.509765625
1121.85107421875
1128.7291259765625
1133.961181640625
1137.2889404296875
1138.3814697265625
1137.413818359375
1134.67529296875
1130.5684814453125
1125.9132080078125
1120.0579833984375
1113.3251953125
1106.2490234375
1099.2457275390625
1092.0020751953125
1084.370361328125
1076.264892578125
1067.5133056640625
1058.133056640625
1047.85888671875
1036.6300048828125
1024.5673828125
1011.7670288085938
