2070.590087890625
2049.478271484375
2029.0433349609375
2030.1048583984375
2036.3172607421875
2023.7550048828125
2021.1502685546875
2034.8876953125
2044.9364013671875
2043.3013916015625
2048.5185546875
2083.283447265625
2117.277587890625
2151.820556640625
2181.546142578125
2210.330078125
2247.75390625
2290.516357421875
2352.662353515625
2451.95361328125
2582.683349609375
2738.03564453125
2913.6904296875
3105.259765625
3309.474609375
3523.37060546875
3747.197509765625
3981.206298828125
4225.763671875
4483.3623046875
4748.70458984375
5021.81103515625
5304.41796875
257.8191833496094
254.66664123535156
249.9027099609375
240.39456176757812
233.5062713623047
229.36001586914062
227.26434326171875
5405.14404296875
5872.15625
6094.880859375
6266.12939453125
6447.7919921875
6636.6416015625
6851.97216796875
7100.02197265625
7412.72607421875
7754.19873046875
8119.8369140625
8496.06640625
8885.990234375
9291.412109375
9683.8525390625
10067.0341796875
10429.701171875
10772.169921875
11093.845703125
11392.9599609375
11667.1357421875
11910.9404296875
12122.2314453125
12305.8115234375
12464.8642578125
12597.7568359375
12706.3544921875
12795.8779296875
12868.6376953125
12925.755859375
12968.2548828125
12998.3173828125
13015.962890625
13023.119140625
13017.2587890625
13001.25
12977.369140625
12947.02734375
12902.0146484375
12460.0751953125
12071.837890625
11712.552734375
11373.017578125
11048.642578125
10737.2919921875
10437.4208984375
10146.8837890625
9864.0537109375
9588.6904296875
9320.900390625
9061.0361328125
8807.9736328125
8560.771484375
8318.9189453125
