2043.92333984375
2013.3416748046875
2041.7117919921875
2062.033447265625
2043.05712890625
2030.721923828125
2020.8720703125
2019.0528564453125
2042.171630859375
2055.53564453125
2056.308837890625
2062.962646484375
2070.107177734375
2091.766845703125
2120.287109375
2147.46142578125
2174.29052734375
2204.656005859375
2250.536376953125
2314.925537109375
2396.68408203125
2493.685302734375
2605.489501953125
2730.163818359375
2866.41650390625
3012.880126953125
3167.484130859375
3328.988525390625
3497.418701171875
3673.298583984375
3854.71875
4040.598388671875
124.66619873046875
150.2245330810547
168.5684051513672
178.16213989257812
183.42608642578125
186.88534545898438
4429.802734375
4815.078125
5104.83447265625
5335.49951171875
5530.36279296875
5711.5986328125
5892.720703125
6079.66943359375
6281.52685546875
6503.1162109375
6739.72412109375
6997.376953125
7288.705078125
7632.291015625
8002.5986328125
8397.794921875
8829.0419921875
9288.28125
9780.8681640625
10280.353515625
10794.0380859375
11327.1533203125
11876.4072265625
12448.1201171875
13022.0400390625
13468.96484375
13455.6181640625
13446.484375
13426.9873046875
13393.3271484375
13345.5302734375
13283.5869140625
13206.8115234375
13114.35546875
13006.4736328125
12884.0380859375
12747.8076171875
12598.8056640625
12437.8212890625
12265.4248046875
12082.4560546875
11890.4560546875
11690.146484375
11480.78125
11265.8798828125
11046.7265625
10824.9970703125
10600.1259765625
10373.6240234375
10147.7080078125
9920.96484375
9692.8466796875
9466.2919921875
9353.54296875
9240.82421875
