2033.627197265625
2343.275390625
2573.39794921875
2340.5244140625
2205.461669921875
2159.198486328125
2126.945556640625
2112.33251953125
2106.4443359375
2105.613037109375
2110.005615234375
2122.149169921875
2148.72119140625
2174.623291015625
2196.51171875
2212.705322265625
2232.296142578125
2254.643310546875
2280.337646484375
2308.132080078125
2337.400634765625
2366.146728515625
2397.346923828125
2437.236083984375
2492.9365234375
2565.31884765625
2652.68408203125
2752.97216796875
2865.017578125
2986.74365234375
3116.076904296875
3252.08251953125
120.72991943359375
107.7604751586914
107.43048095703125
108.64496612548828
109.42141723632812
109.90467071533203
2235.177734375
3269.811767578125
3557.802490234375
3697.23193359375
3827.912353515625
3904.15869140625
3920.08447265625
3961.01220703125
4011.527099609375
4065.000732421875
4119.66015625
4175.1962890625
4226.86474609375
4288.01123046875
4342.474609375
4388.60693359375
4437.0771484375
4478.0810546875
4524.552734375
4574.6123046875
4614.3369140625
4649.79248046875
4678.03271484375
4701.13818359375
4713.59326171875
4716.21533203125
4704.46630859375
4678.03515625
4638.935546875
4588.62841796875
4528.2275390625
4461.337890625
4388.06396484375
4308.80224609375
4224.8017578125
4136.8623046875
4045.249267578125
3950.869140625
3854.126220703125
3755.335205078125
3654.985595703125
3554.473876953125
3454.570068359375
3355.906982421875
3258.9853515625
3163.41015625
3068.78125
2974.824951171875
2880.473876953125
2789.017822265625
2700.193115234375
2613.725830078125
2529.5517578125
2447.728515625
