2030.6707763671875
1780.775390625
1811.7657470703125
1603.5625
1499.96728515625
1445.8055419921875
1410.4127197265625
1395.2847900390625
1388.6173095703125
1379.6939697265625
1369.56005859375
1360.960693359375
1350.9781494140625
1339.06298828125
1326.01171875
1316.0086669921875
1312.222412109375
1308.8253173828125
1305.3399658203125
1302.96142578125
1302.387451171875
1306.240966796875
1314.1851806640625
1326.5977783203125
1346.7327880859375
1373.7276611328125
1406.0089111328125
1442.4158935546875
1481.6658935546875
1522.5341796875
1565.0264892578125
1612.110107421875
129.15672302246094
131.39337158203125
132.47625732421875
133.15963745117188
135.78993225097656
139.4386444091797
1765.3841552734375
1903.3267822265625
1902.8397216796875
1911.0714111328125
1928.7164306640625
1951.8514404296875
1978.4520263671875
2007.2376708984375
2037.5704345703125
2068.21875
2098.66943359375
2128.7314453125
2158.066650390625
2188.553955078125
2220.318603515625
2275.467041015625
2326.516357421875
2370.711669921875
2417.35205078125
2474.22314453125
2525.32373046875
2569.099365234375
2607.19677734375
2640.128173828125
2667.079833984375
2689.857421875
2707.124267578125
2718.27978515625
2723.63232421875
2724.11376953125
2719.35400390625
2709.70068359375
2696.004638671875
2679.1513671875
2658.73046875
2634.77294921875
2607.741455078125
2577.656005859375
2544.791259765625
2509.476806640625
2472.27783203125
2433.701904296875
2393.529296875
2351.26611328125
2308.15869140625
2263.431884765625
2218.017822265625
2172.5361328125
2127.10107421875
2081.751220703125
2036.5286865234375
1991.488525390625
1946.746826171875
1902.5233154296875
