2124.050048828125
2580.64697265625
2844.62353515625
2555.944091796875
2408.92626953125
2342.48388671875
2304.45654296875
2275.5107421875
2250.431640625
2237.2255859375
2230.3720703125
2231.572998046875
2237.28076171875
2243.62353515625
2247.408447265625
2250.08251953125
2254.026611328125
2260.810546875
2268.89111328125
2278.934814453125
2292.676513671875
2307.542236328125
2315.804931640625
2287.846435546875
2270.89599609375
2269.33642578125
2278.9619140625
2302.6787109375
2336.0
2374.864013671875
2418.25439453125
2464.41552734375
89.82453918457031
86.751220703125
89.12397003173828
90.73210144042969
91.90023803710938
93.06521606445312
1753.9749755859375
2665.322998046875
2665.99365234375
2680.15380859375
2714.30908203125
2751.526123046875
2790.958251953125
2831.3671875
2870.80078125
2907.668701171875
2941.142333984375
2969.697265625
2999.18359375
3020.6171875
3036.238525390625
3049.404296875
3059.58251953125
3067.495849609375
3071.865478515625
3070.1357421875
3066.2587890625
3063.486572265625
3064.044189453125
3058.966796875
3049.698974609375
3033.559814453125
3008.1259765625
2976.185302734375
2938.154296875
2894.633056640625
2845.462158203125
2792.66162109375
2737.850830078125
2681.072998046875
2621.930908203125
2560.7451171875
2498.089111328125
2434.400634765625
2370.1015625
2305.49658203125
2240.75927734375
2177.3798828125
2115.5859375
2055.286865234375
1996.3455810546875
1977.15771484375
1939.2374267578125
1884.956787109375
1832.775146484375
1782.1541748046875
1732.6708984375
1683.4188232421875
1634.0313720703125
1585.1429443359375
1537.602783203125
