2085.00146484375
2068.555419921875
2035.88427734375
2010.324462890625
1992.8385009765625
2023.0081787109375
2042.48876953125
2050.013916015625
2055.203125
2082.521484375
2100.69482421875
2126.17822265625
2143.265380859375
2159.950439453125
2184.623046875
2208.579833984375
2229.65576171875
2250.081787109375
2272.168701171875
2297.3896484375
2324.970947265625
2363.832275390625
2412.282470703125
2469.005126953125
2532.109619140625
2603.677001953125
2683.912353515625
2773.604248046875
2875.2529296875
2990.013671875
3116.0302734375
3250.812255859375
128.52127075195312
124.82286071777344
125.79986572265625
126.46687316894531
126.54248809814453
126.2530288696289
2574.238037109375
2930.506591796875
3135.052734375
3304.087158203125
3472.379638671875
3644.47314453125
3820.207763671875
3995.389892578125
4168.080078125
4338.00244140625
4507.130859375
4674.53173828125
4839.3232421875
5001.03369140625
5162.880859375
5328.564453125
5497.3505859375
5701.19873046875
5887.40478515625
6064.26513671875
6238.50390625
6424.3154296875
6612.36181640625
6788.48583984375
6949.3701171875
7077.470703125
7170.69482421875
7245.21728515625
7310.18798828125
7379.4287109375
7498.78515625
7614.1953125
7737.6396484375
7860.05078125
7980.8369140625
7974.134765625
7880.794921875
7772.70166015625
7809.33544921875
7738.41796875
7347.77099609375
6984.515625
6629.66064453125
6293.240234375
5976.365234375
5660.13330078125
5344.1396484375
5036.109375
4732.728515625
4423.24951171875
4137.333984375
3884.7958984375
3620.7333984375
3350.862060546875
