2058.983642578125
2028.03857421875
2027.55224609375
2049.654541015625
2096.30126953125
2146.45166015625
2146.158203125
2133.04736328125
2143.36328125
2165.454345703125
2182.52490234375
2193.196044921875
2195.967041015625
2199.19091796875
2199.795166015625
2200.642578125
2203.8837890625
2207.281982421875
2210.955810546875
2216.62890625
2224.039306640625
2231.03173828125
2243.08642578125
2261.1533203125
2292.703125
2340.2958984375
2408.09326171875
2492.49951171875
2589.8017578125
2697.900634765625
2815.344970703125
2942.71875
120.52841186523438
123.0579833984375
124.22306060791016
124.95130157470703
125.44499969482422
127.32320404052734
2516.96728515625
3019.8095703125
3252.88134765625
3409.1171875
3555.01025390625
3712.6806640625
3887.85009765625
4081.165283203125
4290.865234375
4514.02392578125
4749.2734375
4995.11962890625
5274.87060546875
5551.609375
5825.7392578125
6108.60205078125
6385.9140625
6671.15771484375
6944.6728515625
7212.03662109375
7486.587890625
7780.7490234375
8080.005859375
8386.6123046875
8340.814453125
8296.326171875
8264.65625
8233.5615234375
8201.9423828125
8163.9091796875
8119.92431640625
8071.84521484375
8019.1171875
7959.63037109375
7891.5107421875
7813.6572265625
7726.49267578125
7621.490234375
7506.05029296875
7390.083984375
7269.87158203125
7142.43701171875
7008.16015625
6869.67236328125
6728.74560546875
6586.00244140625
6442.81298828125
6298.81982421875
6153.31787109375
6007.53564453125
5861.9716796875
5717.767578125
5574.845703125
5433.21337890625
