2066.174560546875
2032.7879638671875
2051.01513671875
2066.407958984375
2050.754150390625
2041.55615234375
2035.214111328125
2041.16650390625
2042.5277099609375
2049.015380859375
2044.504638671875
2045.4229736328125
2048.60009765625
2052.041015625
2050.615478515625
2053.313232421875
2056.216796875
2060.83349609375
2065.59033203125
2073.59423828125
2096.707275390625
2115.920654296875
2134.009033203125
2151.730224609375
2173.701904296875
2201.734619140625
2247.3896484375
2301.6015625
2360.269775390625
2448.708251953125
2579.159423828125
2736.3310546875
108.59506225585938
110.90689849853516
112.79325866699219
114.43946075439453
115.89645385742188
117.188720703125
1811.53125
2243.68896484375
2690.621337890625
2564.3525390625
2534.1708984375
2536.00634765625
2572.9462890625
2624.692138671875
2657.151611328125
2669.802734375
2674.973388671875
2701.0341796875
2722.8076171875
2739.220703125
2751.548095703125
2757.62939453125
2755.361328125
2745.405517578125
2723.188232421875
2690.468505859375
2652.020751953125
2609.13134765625
2562.29541015625
2514.289794921875
2465.10205078125
2417.1943359375
2373.005859375
2334.43115234375
2300.083251953125
2268.2099609375
2235.813720703125
2205.008544921875
2173.786865234375
2139.4482421875
2102.752197265625
2066.052734375
2031.584228515625
2000.9952392578125
1974.4931640625
1951.352294921875
1930.6724853515625
1911.55517578125
1891.3658447265625
1867.68603515625
1842.217529296875
1814.7305908203125
1784.9537353515625
1752.9619140625
1719.073974609375
1683.303955078125
1646.1119384765625
1608.0406494140625
1569.3232421875
1530.2706298828125
