2085.000732421875
2068.38671875
2032.0518798828125
2035.8404541015625
2047.0697021484375
2064.27490234375
2055.90283203125
2053.66357421875
2057.7529296875
2069.834228515625
2080.909423828125
2083.08154296875
2086.899169921875
2095.886962890625
2111.9580078125
2122.7822265625
2123.87841796875
2125.492431640625
2141.826416015625
2148.9599609375
2148.16796875
2146.768798828125
2148.7412109375
2156.420654296875
2172.20166015625
2186.2412109375
2198.966064453125
2212.4140625
2230.235107421875
2245.98974609375
2266.2412109375
2286.584228515625
115.00128936767578
113.54249572753906
113.17778778076172
114.0249252319336
114.59884643554688
115.1817855834961
1752.9935302734375
1884.37060546875
2285.9609375
2643.095947265625
2818.127197265625
2837.669677734375
2868.5048828125
2925.853515625
2976.168701171875
2988.825439453125
3000.97509765625
3009.939697265625
3038.829345703125
3108.2939453125
3223.06640625
3345.328857421875
3464.447021484375
3575.787109375
3686.437744140625
3819.23779296875
3999.59619140625
4226.7900390625
4477.3701171875
4449.25390625
4423.1513671875
4409.47216796875
4401.98876953125
4402.63037109375
4416.017578125
4440.734375
4475.92431640625
4518.40869140625
4564.91015625
4609.33056640625
4646.41552734375
4673.56982421875
4690.240234375
4699.42578125
4704.828125
4709.55859375
4717.283203125
4730.5107421875
4747.75390625
4765.009765625
4779.42578125
4788.8583984375
4792.412109375
4789.298828125
4777.74609375
4757.64306640625
4729.068359375
4692.71875
4648.84326171875
4599.4052734375
