2073.115234375
2042.2003173828125
2008.1358642578125
2016.5548095703125
2035.3509521484375
2042.2725830078125
2061.943359375
2067.2490234375
2071.2158203125
2090.887451171875
2119.4326171875
2141.138427734375
2153.28759765625
2165.230224609375
2177.343505859375
2191.31396484375
2204.17724609375
2214.314453125
2223.3154296875
2231.898681640625
2239.353271484375
2248.46240234375
2261.739013671875
2286.5849609375
2321.8134765625
2371.9326171875
2433.806884765625
2501.892333984375
2572.961181640625
2649.36181640625
2735.367431640625
2833.9228515625
120.77804565429688
123.14671325683594
123.32965850830078
123.53064727783203
123.71837615966797
123.89328002929688
1951.868408203125
2473.94677734375
2793.591552734375
3014.26220703125
3203.6162109375
3394.776611328125
3594.505859375
3799.0146484375
4007.826416015625
4220.1650390625
4436.173828125
4653.1650390625
4868.23876953125
5083.57177734375
5291.89111328125
5491.1240234375
5682.724609375
5852.9267578125
6009.0302734375
6166.27099609375
6338.033203125
6507.27685546875
6680.46044921875
6866.076171875
7050.92626953125
7235.857421875
7407.13818359375
7569.57568359375
7724.6396484375
7870.91064453125
8005.6826171875
8126.92236328125
8238.8828125
8340.333984375
8433.03125
8511.533203125
8572.369140625
8621.26953125
8667.5341796875
8709.30078125
8749.1552734375
8780.6259765625
8798.1435546875
8808.5712890625
8819.5205078125
8839.3623046875
8865.5302734375
8892.1513671875
8910.404296875
8913.763671875
8917.3671875
8927.0654296875
8611.015625
8326.96484375
