2033.2647705078125
2026.2454833984375
2097.312255859375
2130.7783203125
2128.833984375
2126.116455078125
2147.672607421875
2160.169921875
2170.397216796875
2188.290283203125
2214.442138671875
2251.308837890625
2290.30029296875
2330.359619140625
2389.646484375
2464.336669921875
2560.62109375
2680.892822265625
2822.963623046875
2983.795654296875
3159.436279296875
3347.89404296875
3548.363525390625
3759.60546875
3980.01416015625
4208.73828125
4444.728515625
4684.55322265625
4928.8369140625
5174.31640625
5425.7353515625
5684.6953125
176.56423950195312
181.92372131347656
192.72531127929688
201.7670440673828
210.8859405517578
222.5071563720703
6437.25927734375
7077.24853515625
7295.19921875
7499.18017578125
7718.08203125
7969.130859375
8268.8837890625
8575.7099609375
8898.7060546875
9200.466796875
9205.0576171875
9239.693359375
9277.103515625
9315.8896484375
9352.8388671875
9380.771484375
9396.0302734375
9398.7626953125
9389.2607421875
9366.2265625
9329.0322265625
9277.8232421875
9213.5498046875
9139.8359375
9057.814453125
8966.4033203125
8867.1044921875
8759.9287109375
8644.955078125
8522.498046875
8393.505859375
8259.123046875
8119.390625
7974.4130859375
7825.40185546875
7673.45556640625
7518.52001953125
7361.01171875
7201.5068359375
7040.6923828125
6878.56640625
6715.701171875
6554.1787109375
6395.06640625
6238.4072265625
6084.18017578125
5932.7607421875
5784.36572265625
5637.1259765625
5492.3994140625
5353.400390625
5217.5361328125
5088.1416015625
4963.3759765625
