2149.00341796875
2218.259033203125
2134.24560546875
2212.447509765625
2172.9169921875
2130.44140625
2111.22216796875
2107.84326171875
2112.912353515625
2123.951416015625
2138.353271484375
2152.602783203125
2174.22607421875
2195.53173828125
2213.5224609375
2229.66015625
2246.9208984375
2264.81005859375
2282.83349609375
2304.1865234375
2338.59033203125
2393.84765625
2468.60986328125
2556.909423828125
2654.575927734375
2761.042724609375
2877.58154296875
3004.486572265625
3142.2734375
3290.848388671875
3450.459228515625
3619.8134765625
111.94398498535156
116.1948471069336
117.98450469970703
119.91070556640625
121.71696472167969
122.80545043945312
3079.022705078125
3512.0087890625
3798.062744140625
3952.087646484375
3924.7958984375
3925.240478515625
3951.52099609375
3996.18701171875
4049.5927734375
4104.41357421875
4165.4619140625
4232.169921875
4295.1474609375
4352.53173828125
4407.97021484375
4468.41943359375
4521.72265625
4572.859375
4617.06689453125
4650.0283203125
4674.736328125
4680.41748046875
4669.783203125
4642.4765625
4600.72900390625
4546.462890625
4481.75
4407.80615234375
4326.64599609375
4238.30322265625
4142.40869140625
4041.9521484375
3939.073974609375
3834.20751953125
3727.44482421875
3619.527099609375
3510.8974609375
3399.050048828125
3287.39990234375
3177.250244140625
3067.82373046875
2963.89111328125
2864.057373046875
2767.408447265625
2673.732666015625
2582.0166015625
2492.36865234375
2404.777099609375
2319.226318359375
2235.87109375
2155.923828125
2078.843994140625
2006.57763671875
1938.8192138671875
1874.9920654296875
