2050.887939453125
2017.336181640625
2003.6837158203125
2081.319091796875
2058.703857421875
2044.4447021484375
2036.2578125
2032.3458251953125
2025.60888671875
2037.98974609375
2066.583740234375
2077.208984375
2083.732177734375
2097.247314453125
2124.03955078125
2152.448486328125
2189.719482421875
2234.393798828125
2302.591552734375
2391.417236328125
2499.49951171875
2622.585693359375
2759.99609375
2911.929443359375
3077.244140625
3253.195556640625
3437.451416015625
3628.753662109375
3827.082763671875
4029.982666015625
4237.56591796875
4451.14892578125
128.05789184570312
141.2138214111328
162.14212036132812
178.0970458984375
189.49380493164062
197.86404418945312
4878.12744140625
5257.86767578125
5582.3984375
5891.4365234375
6178.775390625
6460.33544921875
6742.37646484375
7040.64892578125
7355.35595703125
7720.3515625
8123.4853515625
8535.892578125
8974.845703125
9444.21875
9941.26953125
10447.2177734375
10977.0107421875
11536.1494140625
12122.1982421875
12755.908203125
13410.0107421875
13753.748046875
13723.00390625
13684.3671875
13623.8876953125
13540.66015625
13436.3701171875
13312.0048828125
13168.7880859375
13007.9111328125
12831.10546875
12639.625
12435.080078125
12218.9560546875
11992.69921875
11758.1513671875
11516.1865234375
11266.8046875
11012.021484375
10753.83984375
10493.830078125
10233.5712890625
9974.537109375
9717.3603515625
9462.5693359375
9211.203125
8963.5888671875
8720.1328125
8481.490234375
8247.7490234375
8019.2890625
7796.15380859375
7578.20263671875
7367.72607421875
