2074.87939453125
2065.77880859375
2550.453125
2864.84912109375
2957.59814453125
3068.981201171875
3016.9609375
2702.5166015625
2438.615234375
2260.87939453125
2160.084716796875
2116.519287109375
2105.66650390625
2102.349609375
2097.15673828125
2091.063232421875
2088.498291015625
2088.262939453125
2089.910888671875
2087.639892578125
2086.947265625
2095.557373046875
2103.48291015625
2113.7470703125
2129.267578125
2153.97412109375
2182.135009765625
2211.53466796875
2239.11279296875
2267.4580078125
2306.2119140625
2350.694091796875
2397.6279296875
2456.40625
2522.07470703125
108.88337707519531
107.16454315185547
107.34552764892578
108.99604797363281
110.28825378417969
111.21216583251953
111.8705825805664
1778.9063720703125
1821.6077880859375
1933.7705078125
2078.372802734375
2449.82421875
2698.51904296875
2863.776611328125
2808.728271484375
2776.546630859375
2767.27783203125
2770.530517578125
2779.734375
2791.9287109375
2805.369140625
2818.1884765625
2829.05615234375
2837.099609375
2842.01904296875
2843.83056640625
2842.406982421875
2838.07568359375
2831.450439453125
2823.90478515625
2816.65625
2810.2734375
2804.739990234375
2799.731201171875
2794.84716796875
2790.0595703125
2785.465576171875
2781.18115234375
2776.81103515625
2771.78759765625
2766.29638671875
2760.086181640625
2752.986572265625
2745.466064453125
2738.5380859375
2732.543212890625
2727.279296875
2722.65771484375
2718.54638671875
2714.485595703125
2711.148681640625
2706.82275390625
2699.6201171875
2691.009765625
2682.86767578125
2672.771240234375
2661.16748046875
2648.842041015625
2635.452880859375
2621.8212890625
2608.86279296875
2596.856201171875
2586.38330078125
2577.975341796875
