2021.959228515625
2051.549560546875
2156.7890625
2198.406005859375
2208.123779296875
2197.109375
2213.976318359375
2225.97998046875
2265.234130859375
2306.58203125
2345.685791015625
2392.468017578125
2456.674560546875
2526.020263671875
2610.282958984375
2721.72705078125
2861.19384765625
3027.834228515625
3220.927001953125
3438.98876953125
3677.416748046875
3933.986083984375
4206.0908203125
4490.78125
4780.3115234375
5073.63525390625
5375.03173828125
5688.0966796875
6014.0888671875
6359.77880859375
6728.154296875
7139.22265625
7620.5537109375
240.5823516845703
228.18565368652344
220.38304138183594
222.8443145751953
240.76084899902344
261.20989990234375
7619.0205078125
8832.1396484375
8998.865234375
8993.966796875
8957.890625
8878.0400390625
8769.0126953125
8651.6171875
8536.3447265625
8425.3388671875
8320.6455078125
8219.048828125
8115.30908203125
8006.404296875
7901.49365234375
7796.47509765625
7687.7646484375
7574.1064453125
7454.908203125
7330.22216796875
7200.46435546875
7065.90185546875
6926.87451171875
6783.82568359375
6637.578125
6488.99072265625
6338.93017578125
6187.8369140625
6036.23876953125
5884.59814453125
5733.849609375
5584.337890625
5509.7607421875
5435.61669921875
5290.611328125
5148.427734375
5009.85791015625
4941.20166015625
4873.1826171875
4741.27490234375
4611.94384765625
4486.6669921875
4367.63671875
4252.9619140625
4142.3193359375
4035.30908203125
3932.192626953125
3832.57958984375
3736.37939453125
3643.380859375
3553.43017578125
3466.359375
3381.90576171875
3300.209716796875
3221.032958984375
3144.14794921875
3069.535400390625
