1785.4776611328125
1386.7896728515625
1140.1005859375
1003.1856689453125
866.190185546875
850.9092407226562
836.29736328125
836.6591186523438
836.7105102539062
836.7113647460938
836.7116088867188
836.7227783203125
836.7930908203125
836.8897094726562
836.9589233398438
837.193603515625
837.5508422851562
837.77685546875
838.4734497070312
839.105224609375
839.9658813476562
840.8441162109375
842.613525390625
844.104736328125
845.7347412109375
847.7306518554688
850.175537109375
852.775390625
855.170654296875
860.7556762695312
864.43994140625
870.6851196289062
