2064.466796875
2032.4864501953125
2003.9395751953125
2043.9925537109375
2093.69189453125
2130.322021484375
2158.4130859375
2158.4248046875
2158.426025390625
2158.4287109375
2158.4326171875
2158.43701171875
2158.442138671875
2158.445556640625
2158.447265625
2158.45068359375
2158.45361328125
2158.455078125
2158.457763671875
2158.45947265625
2158.46142578125
2158.462890625
2158.46484375
2158.466064453125
2158.46728515625
2158.468505859375
2158.4697265625
2158.470947265625
2158.4716796875
2158.47314453125
2158.47412109375
2158.475341796875
