2016.7176513671875
2069.993896484375
2099.50341796875
2242.7763671875
2380.531494140625
2459.69580078125
2464.697509765625
2410.3359375
2359.8623046875
2319.69970703125
2294.813720703125
2286.921875
2283.2119140625
2289.859619140625
2309.840576171875
2334.0068359375
2359.832763671875
2389.230712890625
2436.5556640625
2514.75830078125
2629.947509765625
2780.031005859375
2959.37158203125
3161.803466796875
3383.066162109375
3619.654541015625
3868.10009765625
4126.0576171875
4391.01318359375
4665.56396484375
4947.9521484375
5223.15234375
5283.91796875
225.19015502929688
231.0504150390625
226.59927368164062
230.00155639648438
233.82432556152344
238.40127563476562
5312.24951171875
6679.46923828125
6756.80078125
6806.99462890625
6845.5986328125
6904.87841796875
6992.49169921875
7094.47412109375
7205.61474609375
7322.751953125
7438.70263671875
7556.8671875
7666.09130859375
7758.93603515625
7832.92626953125
7887.6201171875
7922.4677734375
7936.55517578125
7929.93798828125
7903.62744140625
7859.16796875
7798.232421875
7722.70849609375
7632.6650390625
7529.2900390625
7414.08349609375
7288.107421875
7153.26220703125
7010.5791015625
6861.60986328125
6707.89697265625
6550.9072265625
6391.689453125
6231.76611328125
6071.5322265625
5911.71875
5752.83056640625
5592.32568359375
5431.841796875
5278.36962890625
5128.36669921875
4982.2294921875
4840.0869140625
4701.48291015625
4566.65185546875
4435.91162109375
4309.501953125
4187.2890625
4069.212646484375
3955.37744140625
3845.71484375
3740.679931640625
3639.607666015625
3541.893798828125
