2084.789794921875
2067.607666015625
2039.394287109375
2018.7218017578125
1985.830322265625
2078.83447265625
2138.258544921875
2109.814208984375
2105.2666015625
2107.08154296875
2111.822021484375
2116.213623046875
2050.8779296875
1989.154296875
1930.6407470703125
1881.3355712890625
1845.360595703125
1829.7127685546875
1810.15771484375
1788.65966796875
1764.707763671875
1739.7037353515625
1715.138427734375
1699.4691162109375
1687.4588623046875
1675.4283447265625
1662.1630859375
1652.8895263671875
1644.8463134765625
1635.271484375
1626.224365234375
1620.319091796875
1616.9930419921875
114.84410095214844
115.13184356689453
115.41303253173828
115.66997528076172
115.91265869140625
116.145263671875
1648.2437744140625
1590.6837158203125
1686.914794921875
1689.4005126953125
1674.7510986328125
1670.0640869140625
1677.9324951171875
1689.5333251953125
1704.582763671875
1720.160888671875
1776.3111572265625
1836.8253173828125
1900.0794677734375
1962.321044921875
2015.4935302734375
2060.680908203125
2099.693359375
2133.407958984375
2162.429443359375
2186.959716796875
2207.320068359375
2223.965576171875
2237.219482421875
2247.455078125
2254.8857421875
2259.6884765625
2262.1513671875
2262.940673828125
2262.458251953125
2261.04150390625
2259.11865234375
2256.564453125
2253.31689453125
2249.1767578125
2244.53515625
2238.623046875
2231.17919921875
2222.40185546875
2212.423583984375
2201.64501953125
2189.31982421875
2175.572998046875
2160.494384765625
2144.14892578125
2126.580810546875
2107.80419921875
2087.857421875
2066.86865234375
2045.0782470703125
2023.24658203125
2001.72216796875
1980.6986083984375
1960.2169189453125
1940.3033447265625
