2045.1978759765625
2045.94384765625
2072.783203125
2055.237060546875
2037.9219970703125
2025.2945556640625
2014.9437255859375
2013.22802734375
2038.9169921875
2076.886474609375
2119.56396484375
2142.147705078125
2167.568359375
2193.505615234375
2230.539306640625
2250.841552734375
2270.53125
2298.698486328125
2326.853271484375
2356.5283203125
2400.6650390625
2444.221923828125
2501.9755859375
2566.887939453125
2547.914306640625
2449.610595703125
2371.373291015625
2320.573486328125
2273.556640625
2218.32421875
2245.12939453125
2276.571044921875
2352.1484375
2470.73974609375
112.33828735351562
115.86735534667969
120.1418685913086
120.62390899658203
120.3968505859375
120.20112609863281
2118.60595703125
2365.910400390625
2544.20068359375
2651.58935546875
2739.3916015625
2829.635009765625
2911.711181640625
2972.78857421875
3014.9111328125
3035.95458984375
3037.88525390625
3023.916015625
3001.1572265625
2970.9443359375
2934.40966796875
2891.8076171875
2841.183349609375
2783.980712890625
2721.712890625
2656.5458984375
2590.19970703125
2524.2138671875
2460.1865234375
2399.2314453125
2340.7607421875
2284.026123046875
2227.808837890625
2171.619140625
2115.836181640625
2060.206787109375
2005.6136474609375
1952.1737060546875
1900.007568359375
1849.8778076171875
1802.1885986328125
1756.6954345703125
1713.5394287109375
1672.7108154296875
1634.0155029296875
1597.1572265625
1561.7816162109375
1527.54931640625
1494.234130859375
1461.565185546875
1429.4290771484375
1397.6192626953125
1365.9349365234375
1334.4453125
1303.1702880859375
1272.119140625
1241.2928466796875
1210.8348388671875
1181.0634765625
1151.86328125
