2085.0
2071.28173828125
2048.315185546875
2033.95361328125
2008.1279296875
1989.5567626953125
2016.9185791015625
2081.74853515625
2075.649658203125
2061.386474609375
2061.5400390625
2104.611083984375
2159.7119140625
2194.02880859375
2218.483154296875
2238.38330078125
2259.764892578125
2280.620849609375
2299.375732421875
2315.9013671875
2348.477783203125
2382.192626953125
2416.095458984375
2460.39990234375
2522.82275390625
2600.384765625
2689.532470703125
2787.6845703125
2894.86962890625
3010.96484375
3133.5322265625
3261.8798828125
3394.7373046875
131.9364471435547
125.90447998046875
125.88481903076172
125.86705017089844
125.57317352294922
125.12797546386719
2729.542236328125
3100.12744140625
3322.95654296875
3506.691162109375
3675.224609375
3841.41357421875
4010.987060546875
4184.55615234375
4359.83837890625
4532.97314453125
4646.63525390625
4702.8720703125
4866.65576171875
5026.62548828125
5183.52490234375
5332.42626953125
5478.91650390625
5609.0859375
5738.4638671875
5887.58203125
6022.2158203125
6143.193359375
6258.37451171875
6376.09130859375
6492.62939453125
6604.6357421875
6713.14794921875
6810.36376953125
6906.0234375
6976.3916015625
7036.97314453125
7096.1845703125
7155.8271484375
7212.9912109375
7261.00439453125
7301.35107421875
7329.4921875
7350.15380859375
7368.75146484375
7383.1611328125
7395.36962890625
7404.84619140625
7414.73388671875
7432.576171875
7430.10107421875
7427.90380859375
7426.44873046875
7411.5703125
7378.65234375
7332.29052734375
7270.181640625
7236.46337890625
7232.2119140625
7259.78662109375
6997.50146484375
