2065.86279296875
2153.373046875
3103.272216796875
3431.87548828125
3712.90478515625
4115.7734375
3926.072509765625
2971.83251953125
2521.45166015625
2280.47314453125
2132.467529296875
2076.643310546875
2036.2286376953125
1974.8411865234375
1930.748046875
1900.6505126953125
1876.3988037109375
1856.59326171875
1839.2772216796875
1824.4478759765625
1811.3433837890625
1802.2867431640625
1794.5875244140625
1791.448974609375
1794.5653076171875
1803.69189453125
1817.506103515625
1833.34033203125
1851.13720703125
1871.4300537109375
1895.20263671875
1922.7569580078125
1953.9869384765625
1988.4820556640625
2025.5445556640625
2064.468994140625
178.1392822265625
173.60202026367188
140.6424560546875
133.96359252929688
132.88414001464844
135.26058959960938
135.9195556640625
2563.3037109375
2549.34033203125
2546.685302734375
2556.318603515625
2555.449462890625
2544.42724609375
2533.541748046875
2528.77197265625
2531.3056640625
2540.799072265625
2556.599365234375
2577.831298828125
2603.615234375
2633.681396484375
2667.91845703125
2706.34912109375
2747.14599609375
2795.731201171875
2850.064453125
2902.55712890625
2956.7392578125
3012.4541015625
3072.382568359375
3134.7763671875
3201.79833984375
3272.580078125
3347.91650390625
3426.92919921875
3507.312255859375
3594.146728515625
3687.474609375
3785.437744140625
3883.343505859375
3976.328857421875
4067.337158203125
4154.232421875
4237.75390625
4318.33935546875
4396.6865234375
4472.62060546875
4545.9501953125
4616.5927734375
4684.50439453125
4749.7568359375
4812.3603515625
4872.24853515625
4930.755859375
4986.673828125
5039.85107421875
5090.2373046875
5137.85400390625
5182.61572265625
5224.6162109375
5264.3037109375
5301.59033203125
5336.3857421875
