2144.76611328125
2115.169189453125
2477.9599609375
2487.731201171875
2467.321044921875
2209.721435546875
1889.36328125
1766.9737548828125
1705.585205078125
1668.70556640625
1642.7021484375
1631.16943359375
1620.8759765625
1606.4542236328125
1601.1727294921875
1588.048583984375
1575.5628662109375
1561.0684814453125
1544.912353515625
1528.322021484375
1512.4940185546875
1497.5299072265625
1483.7611083984375
1471.48876953125
1459.4718017578125
1450.21240234375
1440.455078125
1430.215576171875
1419.995849609375
1410.931640625
1403.2454833984375
1400.146484375
1402.622314453125
1406.402587890625
1412.6339111328125
1422.1363525390625
116.96859741210938
117.7698974609375
120.028076171875
122.72109985351562
124.25279998779297
125.3399887084961
126.05538177490234
1461.689453125
1485.0179443359375
1490.0115966796875
1486.562744140625
1490.1513671875
1496.4686279296875
1504.104248046875
1514.927978515625
1528.901611328125
1543.7017822265625
1557.642333984375
1570.80908203125
1585.4859619140625
1601.5552978515625
1618.05322265625
1634.54248046875
1650.380615234375
1665.513427734375
1679.7705078125
1693.2874755859375
1705.9072265625
1717.37744140625
1728.186279296875
1739.0762939453125
1750.3795166015625
1762.0565185546875
1773.8809814453125
1785.4229736328125
1796.1590576171875
1805.77392578125
1814.184814453125
1821.816162109375
1828.835693359375
1835.0328369140625
1840.240966796875
1844.80078125
1848.81201171875
1852.3603515625
1855.5118408203125
1858.449462890625
1861.260009765625
1864.078369140625
1867.19482421875
1870.4246826171875
1873.23974609375
1876.15087890625
1879.27001953125
1880.3004150390625
1879.74755859375
1878.362060546875
1876.4443359375
1874.2283935546875
1871.8707275390625
1869.87646484375
1869.338134765625
1868.3646240234375
