2074.65576171875
2048.60595703125
2031.0421142578125
2020.1136474609375
2015.8983154296875
2045.12451171875
2036.3856201171875
2028.1282958984375
2026.4346923828125
2025.9222412109375
2024.781982421875
2049.185791015625
2079.640380859375
2099.03955078125
2131.89794921875
2169.181640625
2209.72265625
2253.630859375
2310.98583984375
2406.364013671875
2525.140869140625
2662.5146484375
2817.217041015625
2991.247802734375
3184.8544921875
3394.855224609375
3618.502197265625
3851.664794921875
4093.221923828125
4343.28515625
4605.82177734375
4873.7509765625
5154.93115234375
5441.64501953125
255.46188354492188
267.5719909667969
282.3315124511719
300.9252014160156
309.4813537597656
312.70916748046875
313.77423095703125
5850.7216796875
5959.98388671875
6026.26904296875
6121.63427734375
6255.107421875
6450.13232421875
6713.4326171875
7022.0615234375
7375.46630859375
7781.767578125
8213.9755859375
8649.654296875
9085.9228515625
9519.9521484375
9949.2734375
10164.6748046875
10380.517578125
10800.0341796875
11202.1552734375
11584.1650390625
11940.5458984375
12266.6376953125
12555.0888671875
12809.28125
13027.6044921875
13209.5849609375
13357.248046875
13478.8046875
13574.1865234375
13641.69921875
13685.626953125
13709.8623046875
13718.5068359375
13715.982421875
13704.74609375
13391.57421875
12865.2314453125
12388.8388671875
11940.0380859375
11513.83984375
11106.25
10715.798828125
10347.78515625
10169.4052734375
9995.505859375
9662.6923828125
9500.3974609375
9341.9150390625
9036.84765625
8742.869140625
8459.8544921875
8186.7392578125
7922.443359375
7666.3583984375
7418.9365234375
7180.47119140625
6950.90380859375
6729.794921875
