2083.161376953125
2056.9833984375
2033.0272216796875
2017.6417236328125
2056.93505859375
2087.631591796875
2067.945556640625
2056.651123046875
2048.783203125
2044.6304931640625
2041.880126953125
2042.53369140625
2044.736083984375
2008.7572021484375
1975.9986572265625
1940.691650390625
1907.3004150390625
1879.4715576171875
1852.465576171875
1826.607666015625
1800.7244873046875
1774.9234619140625
1751.390625
1730.5555419921875
1714.0194091796875
1699.004150390625
1683.86669921875
1668.1580810546875
1653.8289794921875
1639.718994140625
1628.2584228515625
1616.597412109375
1606.1248779296875
1595.2657470703125
114.86870574951172
115.46656036376953
116.14440155029297
117.05950164794922
117.7539291381836
118.39042663574219
118.98310089111328
1365.366943359375
1495.6759033203125
1543.6341552734375
1590.186279296875
1626.3046875
1663.693359375
1694.03466796875
1726.5501708984375
1766.8013916015625
1811.0020751953125
1851.519775390625
1891.0850830078125
1930.70654296875
1968.6717529296875
2004.85400390625
2022.6165771484375
2039.853271484375
2071.475341796875
2100.94921875
2127.87255859375
2151.344970703125
2170.42724609375
2184.6875
2193.981689453125
2198.22998046875
2197.651123046875
2192.9384765625
2184.986083984375
2173.557861328125
2158.56591796875
2140.5595703125
2120.310546875
2098.578125
2076.86865234375
2055.235595703125
2033.533203125
2012.1217041015625
1990.945068359375
1969.9012451171875
1948.6348876953125
1926.797119140625
1904.1619873046875
1880.67822265625
1868.7747802734375
1856.5272216796875
1831.0802001953125
1818.1553955078125
1804.9127197265625
1777.829833984375
1750.2203369140625
1722.0379638671875
1693.4228515625
1664.5286865234375
1635.4625244140625
1606.29443359375
1577.0723876953125
1548.032470703125
1519.2100830078125
