2041.5623779296875
1828.5054931640625
1337.030517578125
1236.55126953125
1146.1583251953125
1085.812744140625
1062.8101806640625
1033.66796875
1005.78564453125
985.0148315429688
965.8978881835938
949.3455200195312
935.5253295898438
920.3780517578125
903.47265625
887.0664672851562
872.7781982421875
861.4776611328125
853.571044921875
845.4981079101562
840.1555786132812
837.9749755859375
836.778076171875
837.37060546875
841.4187622070312
850.7354125976562
883.6600341796875
939.1001586914062
987.9402465820312
1023.2261352539062
1052.7861328125
1076.8594970703125
132.1378936767578
139.68630981445312
149.4944305419922
152.78440856933594
154.6137237548828
157.24020385742188
1038.419677734375
1133.0911865234375
1123.9664306640625
1108.502197265625
1100.705322265625
1100.4976806640625
1106.8681640625
1118.4786376953125
1132.845947265625
1148.4212646484375
1163.8671875
1177.977294921875
1190.1370849609375
1200.1219482421875
1207.8037109375
1213.39013671875
1217.278564453125
1219.4000244140625
1219.616943359375
1217.805908203125
1213.875244140625
1207.900146484375
1200.4886474609375
1191.244384765625
1180.30078125
1167.823486328125
1154.051025390625
1139.444580078125
1124.3255615234375
1108.880615234375
1093.3739013671875
1078.3753662109375
1063.7850341796875
1049.17431640625
1034.4283447265625
1019.5706787109375
1004.7030639648438
989.9263305664062
975.331787109375
960.9650268554688
946.8175659179688
932.7738037109375
918.9212036132812
905.2840576171875
891.85693359375
878.604248046875
865.4932861328125
852.4698486328125
839.5064086914062
826.61328125
813.7991333007812
801.0740966796875
788.4559936523438
775.9610595703125
