2069.713623046875
2045.2867431640625
2018.450927734375
2000.304443359375
2032.074951171875
2113.93994140625
2096.825439453125
2118.411865234375
2193.27685546875
2236.00830078125
2256.23681640625
2274.253662109375
2298.306884765625
2332.8857421875
2377.4072265625
2425.476318359375
2475.96142578125
2526.611572265625
2583.12060546875
2651.33984375
2733.6416015625
2832.9755859375
2951.88916015625
3090.7900390625
3249.762939453125
3421.75390625
3606.81201171875
3799.79150390625
3999.35546875
4204.30908203125
4414.39453125
4629.234375
4848.79345703125
155.22747802734375
127.86424255371094
125.17623138427734
130.0262908935547
137.38052368164062
145.34945678710938
4426.10791015625
5164.91748046875
5476.79541015625
5640.74658203125
5766.203125
5901.4404296875
6066.8984375
6293.1845703125
6552.8740234375
6836.55810546875
6981.81982421875
7134.064453125
7485.03515625
7885.42529296875
8293.001953125
8717.279296875
9126.6376953125
9524.056640625
9570.228515625
9518.1396484375
9472.0078125
9423.908203125
9371.884765625
9313.0224609375
9245.5302734375
9169.646484375
9085.6650390625
8993.962890625
8895.0810546875
8788.791015625
8675.099609375
8554.4423828125
8427.6328125
8296.0859375
8159.640625
8018.82177734375
7874.36376953125
7726.591796875
7572.2685546875
7415.50244140625
7258.1455078125
7100.94677734375
6944.36328125
6792.0615234375
6645.578125
6504.35205078125
6367.1826171875
6233.81982421875
6103.716796875
5975.49365234375
5849.21240234375
5724.599609375
5601.583984375
5479.78466796875
5358.92236328125
