2080.02294921875
2062.393310546875
2035.4849853515625
2035.1536865234375
2054.411865234375
2052.062255859375
2059.511474609375
2059.42431640625
2058.0244140625
2058.185302734375
2066.840576171875
2069.887451171875
2072.5224609375
2075.421875
2081.599853515625
2088.949462890625
2095.637939453125
2105.8759765625
2117.78759765625
2130.423583984375
2147.893798828125
2176.99755859375
2220.572998046875
2290.293212890625
2358.82568359375
2444.683349609375
2550.68505859375
2677.648681640625
2828.623046875
3006.386474609375
3203.79052734375
3415.4306640625
3636.149169921875
177.3627166748047
172.09339904785156
168.24742126464844
163.81881713867188
157.67425537109375
152.452392578125
3105.466064453125
3275.204833984375
3417.9541015625
3734.87646484375
4028.157470703125
4319.267578125
4613.77099609375
4927.193359375
5262.408203125
5630.9931640625
6017.61376953125
6410.685546875
6827.28515625
7245.740234375
7612.01025390625
7847.349609375
8087.47705078125
8349.4892578125
8586.498046875
8765.2021484375
8918.6298828125
9056.30078125
9188.0029296875
9307.3662109375
8842.63671875
8422.98828125
8093.38525390625
7807.0791015625
7535.45947265625
7270.5078125
7014.61474609375
6767.19482421875
6527.4189453125
6294.31005859375
6063.3193359375
5841.93798828125
5614.1640625
5382.40673828125
5155.537109375
4945.5517578125
4731.720703125
4515.40625
4297.22509765625
4089.649658203125
3912.114501953125
3747.58056640625
3535.980224609375
3266.092041015625
3080.17578125
2955.413330078125
2821.43359375
2699.94921875
2588.3125
2487.169921875
2394.213134765625
2304.6328125
