2052.26416015625
2024.0452880859375
2085.72412109375
2066.50830078125
2043.033935546875
2037.5718994140625
2041.370361328125
2040.1986083984375
2044.99462890625
2041.2957763671875
2039.065185546875
2040.936767578125
2047.6156005859375
2053.337890625
2056.27978515625
2068.34326171875
2088.528076171875
2106.353271484375
2119.888671875
2142.1513671875
2180.66015625
2232.006103515625
2286.07275390625
2363.3876953125
2490.140625
2518.64990234375
2401.452392578125
2276.870849609375
2273.192626953125
2267.688720703125
2258.93408203125
2282.869140625
2338.61083984375
111.24913024902344
117.25129699707031
118.58576965332031
119.25084686279297
119.74837493896484
120.12931060791016
1897.4609375
1978.142333984375
1982.758056640625
2054.494873046875
2242.4267578125
2410.150390625
2527.371337890625
2595.894287109375
2620.970458984375
2610.89794921875
2577.585205078125
2527.6533203125
2469.614990234375
2408.86865234375
2348.423095703125
2288.908203125
2229.859619140625
2172.1103515625
2118.305419921875
2074.50732421875
2040.2615966796875
2009.9119873046875
1978.9234619140625
1946.034912109375
1913.69921875
1878.838134765625
1842.8687744140625
1807.0726318359375
1773.8924560546875
1743.7442626953125
1716.83203125
1691.9951171875
1667.9173583984375
1642.7786865234375
1615.9342041015625
1586.75537109375
1555.4091796875
1522.800537109375
1488.5228271484375
1452.1220703125
1413.6998291015625
1374.4459228515625
1334.864501953125
1295.3707275390625
1256.233154296875
1217.826171875
1180.1004638671875
1143.029296875
1106.83740234375
1071.489501953125
1037.1590576171875
1004.0352783203125
972.1456909179688
941.6068115234375
912.482177734375
884.7849731445312
