2053.211181640625
2008.0804443359375
2044.5338134765625
2098.07568359375
2134.463623046875
2236.21630859375
2272.98046875
2303.272216796875
2331.063720703125
2348.33984375
2363.191162109375
2374.619873046875
2381.658447265625
2389.934814453125
2413.7841796875
2440.834228515625
2478.53125
2537.038818359375
2611.997314453125
2695.71826171875
2788.232177734375
2897.217529296875
3027.998779296875
3180.307373046875
3350.60595703125
3533.677490234375
3723.2568359375
3918.521240234375
4116.3759765625
4315.6787109375
4516.025390625
4715.2353515625
118.65074920654297
122.00634765625
134.45648193359375
142.96343994140625
148.1566162109375
150.90322875976562
3887.061279296875
4250.08984375
4474.17822265625
4708.99072265625
4890.96533203125
5121.49609375
5403.431640625
5711.76171875
5890.34765625
6078.06201171875
6456.9130859375
6847.6591796875
7201.7392578125
7512.7919921875
7782.794921875
8034.85205078125
8261.361328125
8468.359375
8320.4794921875
7921.765625
7589.47265625
7285.31884765625
6998.60986328125
6721.84814453125
6454.20263671875
6197.7158203125
6071.99169921875
5946.05859375
5693.68359375
5448.66162109375
5215.19091796875
4996.77392578125
4793.51953125
4604.56201171875
4429.0146484375
4265.9990234375
4111.14892578125
3959.927490234375
3811.088134765625
3663.708251953125
3520.407958984375
3383.197998046875
3253.120361328125
3129.378173828125
3011.464599609375
2900.122314453125
2793.404296875
2688.94677734375
2589.163818359375
2494.51708984375
2402.7890625
2312.9833984375
2226.098388671875
2142.093994140625
2062.6767578125
1987.115966796875
1914.733642578125
