2074.5810546875
2041.224853515625
2004.171142578125
2009.9044189453125
2048.263427734375
2086.858642578125
2123.576904296875
2134.79833984375
2156.042724609375
2187.8056640625
2222.64111328125
2266.80615234375
2304.637939453125
2340.276123046875
2373.666748046875
2416.9951171875
2467.49658203125
2534.226318359375
2613.593505859375
2705.72412109375
2806.4375
2919.68798828125
3045.925048828125
3184.38427734375
3336.41650390625
3503.745849609375
3683.8701171875
3875.975341796875
4077.507568359375
4284.22509765625
4492.1865234375
4707.18603515625
167.64344787597656
149.0817108154297
145.16421508789062
145.096923828125
145.54083251953125
145.9333953857422
3781.135986328125
4032.9716796875
4163.37841796875
4326.66455078125
4498.6201171875
4707.27685546875
4951.162109375
5211.92041015625
5348.767578125
5495.00048828125
5823.423828125
6211.5009765625
6596.5458984375
6947.095703125
7256.265625
7571.3447265625
7829.05859375
8037.55078125
8222.9208984375
8444.2490234375
8660.044921875
8845.0087890625
9007.3046875
8991.3857421875
9078.583984375
9330.3193359375
9378.3076171875
9384.783203125
9231.7958984375
8630.6484375
8152.7431640625
7719.4306640625
7320.82470703125
6964.00634765625
6636.7080078125
6337.65087890625
6060.1171875
5795.62744140625
5541.76318359375
5301.20458984375
5062.89794921875
4850.73974609375
4652.30419921875
4452.1337890625
4265.240234375
4103.50927734375
3950.006591796875
3810.323486328125
3678.688232421875
3545.69775390625
3411.047607421875
3274.037841796875
3132.912841796875
2984.732421875
2862.099609375
2733.201904296875
2619.458740234375
