2027.16455078125
2061.140380859375
2141.523681640625
2256.939697265625
2367.433837890625
2344.000244140625
2287.68701171875
2238.434814453125
2198.722900390625
2170.134033203125
2151.89306640625
2146.236328125
2145.82470703125
2161.832275390625
2193.21484375
2236.325439453125
2299.704345703125
2385.044921875
2491.934814453125
2619.5244140625
2768.4658203125
2939.144775390625
3132.021240234375
3346.00634765625
3580.846435546875
3834.123291015625
4104.1181640625
4391.833984375
4696.4853515625
5016.4169921875
5278.5263671875
5367.41845703125
5474.5498046875
307.5198669433594
347.1353454589844
343.4514465332031
339.3357238769531
331.6905212402344
316.057861328125
303.72802734375
299.4449462890625
6584.2578125
6559.849609375
6565.18798828125
6713.03515625
6902.52294921875
7111.52392578125
7294.18994140625
7449.1953125
7579.203125
7687.22705078125
7766.98046875
7821.9326171875
7854.1494140625
7864.90576171875
7854.75390625
7824.771484375
7776.62255859375
7712.51171875
7635.138671875
7545.3662109375
7441.66015625
7325.5576171875
7197.67822265625
7060.10595703125
6913.97900390625
6760.4482421875
6600.7255859375
6436.16748046875
6352.60107421875
6268.55517578125
6100.11962890625
5931.361328125
5763.4580078125
5595.205078125
5429.4169921875
5266.314453125
5104.4775390625
4941.998046875
4788.5908203125
4638.8154296875
4493.6015625
4353.40087890625
4217.763671875
4087.291015625
3962.021484375
3841.9716796875
3726.493408203125
3615.380126953125
3508.283447265625
3404.91748046875
3305.489501953125
3209.990234375
3117.9013671875
3029.173828125
2943.630615234375
2861.2041015625
