2045.1314697265625
2006.7515869140625
2072.02685546875
2145.1103515625
2107.889404296875
2110.602294921875
2109.848876953125
2115.03564453125
2120.150146484375
2139.509765625
2150.21875
2153.872802734375
2181.17822265625
2221.7080078125
2252.240966796875
2274.633056640625
2293.262939453125
2320.78173828125
2358.8330078125
2407.13525390625
2472.14404296875
2561.02294921875
2675.828369140625
2810.10498046875
2956.53173828125
3111.699462890625
3282.68896484375
3479.258544921875
3709.193115234375
3985.03564453125
4312.8330078125
4701.7431640625
4897.41845703125
197.30506896972656
170.38278198242188
154.0370635986328
144.56353759765625
138.11544799804688
133.60218811035156
130.53970336914062
3461.9853515625
4358.48779296875
4982.44580078125
4958.88037109375
4767.349609375
4646.56591796875
4546.29931640625
4459.6767578125
4377.21435546875
4290.31982421875
4201.96533203125
4118.45458984375
4018.3623046875
3906.793212890625
3789.126220703125
3665.274658203125
3536.7080078125
3404.91455078125
3271.08251953125
3137.49609375
3005.316162109375
2875.70947265625
2812.16064453125
2749.388916015625
2626.477294921875
2506.294921875
2404.7880859375
2315.24267578125
2232.31787109375
2156.2294921875
2086.14453125
2020.6048583984375
1959.287109375
1901.6768798828125
1873.763916015625
1846.7816162109375
1796.122314453125
1748.74853515625
1704.150634765625
1661.726806640625
1620.7689208984375
1581.1619873046875
1542.0474853515625
1503.6336669921875
1466.716064453125
1431.659912109375
1398.6712646484375
1366.6912841796875
1335.61865234375
1305.4144287109375
1276.524169921875
1249.0919189453125
1222.8341064453125
1197.886962890625
1174.0543212890625
1151.1375732421875
1128.70849609375
