2036.82958984375
2007.9432373046875
2154.05712890625
2354.1015625
2458.092529296875
2483.5458984375
2457.49267578125
2421.897705078125
2393.455810546875
2374.677734375
2372.305419921875
2377.84814453125
2390.952392578125
2424.866943359375
2472.989990234375
2536.978515625
2631.275146484375
2758.573486328125
2922.833251953125
3128.195556640625
3378.047119140625
3671.2568359375
4002.901611328125
4368.1318359375
4746.21142578125
5137.2080078125
5543.55029296875
5978.70458984375
6124.39892578125
6298.0302734375
6492.4833984375
6681.2294921875
356.8683166503906
342.1482849121094
352.6967468261719
358.8611145019531
358.268310546875
358.5574035644531
8498.818359375
8432.1611328125
8343.408203125
8255.7685546875
8231.9599609375
8227.939453125
8218.052734375
8196.5068359375
8160.8017578125
8110.537109375
8045.703125
7967.1787109375
7877.21337890625
7776.98388671875
7667.32470703125
7548.53466796875
7419.7861328125
7352.05078125
7281.41650390625
7133.90380859375
6978.1201171875
6815.4306640625
6647.111328125
6474.3994140625
6299.34228515625
6123.6923828125
5948.677734375
5774.94482421875
5604.85791015625
5438.55126953125
5275.66650390625
5117.55712890625
4963.89599609375
4815.15625
4671.005859375
4532.36572265625
4399.98583984375
4272.96240234375
4151.01611328125
4033.926025390625
3919.476318359375
3809.26025390625
3704.68896484375
3604.455322265625
3508.214599609375
3416.025146484375
3327.768798828125
3242.918212890625
3161.335205078125
3082.60302734375
3006.689453125
2933.53515625
2863.004638671875
2795.03857421875
2729.52734375
2666.5205078125
