2055.504150390625
1788.9298095703125
1890.5927734375
1999.7689208984375
1920.3699951171875
1722.72265625
1526.353271484375
1359.95703125
1225.6629638671875
1123.14306640625
1045.44775390625
987.5364990234375
945.218017578125
915.6761474609375
893.6704711914062
876.3766479492188
862.3665161132812
851.5858764648438
842.0843505859375
834.808837890625
828.8314208984375
823.47314453125
818.7929077148438
814.897705078125
812.1535034179688
810.9758911132812
812.3277587890625
816.7625732421875
824.24169921875
835.2490234375
848.57568359375
863.6161499023438
880.4415893554688
119.33184814453125
132.41213989257812
123.14380645751953
118.17630767822266
112.4074935913086
111.49596405029297
890.8972778320312
915.9205932617188
919.296142578125
992.0084838867188
1018.6956176757812
1048.73291015625
1069.1754150390625
1094.33447265625
1109.3634033203125
1113.8472900390625
1114.3341064453125
1115.9722900390625
1121.433349609375
1131.24951171875
1145.06982421875
1162.2794189453125
1182.110107421875
1203.7767333984375
1226.7987060546875
1251.5655517578125
1276.75927734375
1302.4827880859375
1328.2149658203125
1353.5274658203125
1378.37353515625
1403.3704833984375
1433.4244384765625
1467.99609375
1500.8768310546875
1531.3621826171875
1561.0252685546875
1591.72314453125
1624.1434326171875
1654.97021484375
1682.1680908203125
1706.5318603515625
1729.8809814453125
1751.227783203125
1771.015625
1789.36962890625
1806.2554931640625
1821.72216796875
1836.2393798828125
1849.2166748046875
1860.447021484375
1870.109130859375
1878.1109619140625
1884.903564453125
1890.66748046875
1895.93408203125
1900.1961669921875
1903.3582763671875
1905.432373046875
1906.52490234375
1906.60302734375
1905.6343994140625
1903.643798828125
1900.652587890625
