1566.85791015625
1250.841796875
979.8395385742188
927.2015380859375
879.4249267578125
840.0582885742188
806.6582641601562
777.1024780273438
750.436279296875
730.8928833007812
711.84716796875
691.566650390625
671.0294189453125
655.2340087890625
640.751953125
623.7813110351562
612.3418579101562
600.7314453125
587.3837890625
573.2620239257812
559.4428100585938
545.447265625
530.1138916015625
513.972900390625
497.447021484375
480.46832275390625
463.21044921875
445.8380126953125
428.5304260253906
412.0519104003906
398.5527648925781
389.41204833984375
125.55457305908203
127.61156463623047
128.79241943359375
129.3874053955078
129.86557006835938
130.24537658691406
359.82513427734375
392.71588134765625
385.0452880859375
396.141357421875
393.9730529785156
383.4420166015625
368.9879455566406
354.825927734375
343.5627746582031
335.9265441894531
330.8265075683594
327.2293701171875
324.2814636230469
321.5894470214844
319.4788818359375
317.9941711425781
316.8133850097656
314.96697998046875
313.0059509277344
313.5960388183594
316.1885070800781
318.5703125
322.9739685058594
331.81591796875
345.8552551269531
361.4992980957031
378.7572021484375
398.375244140625
420.055419921875
445.1794738769531
472.49078369140625
502.87969970703125
534.4244995117188
564.4937133789062
590.92431640625
614.1484985351562
634.5528564453125
652.8104248046875
669.5755004882812
685.5758056640625
700.8566284179688
715.1978149414062
728.3128662109375
739.7939453125
749.3329467773438
756.7772216796875
762.0550537109375
765.2198486328125
766.5028686523438
766.0935668945312
764.2576904296875
761.1688232421875
756.7813720703125
751.285400390625
