2082.920654296875
2056.9033203125
2024.6162109375
1995.8751220703125
2004.5855712890625
2062.1328125
2061.33984375
2064.658203125
2100.858642578125
2123.11279296875
2131.876953125
2142.061279296875
2145.8515625
2146.24169921875
2153.5166015625
2167.386962890625
2183.044189453125
2199.745849609375
2216.51171875
2227.61669921875
2234.684326171875
2242.810302734375
2252.262451171875
2264.1240234375
2279.267822265625
2297.393798828125
2317.260498046875
2339.8291015625
2370.1611328125
2409.0322265625
2454.6630859375
2505.7353515625
122.75807189941406
124.87297821044922
125.46326446533203
125.54061889648438
125.63587951660156
125.71294403076172
1834.169677734375
1852.5609130859375
2324.872802734375
2618.754638671875
2815.014404296875
2962.370849609375
3088.271240234375
3202.204345703125
3309.627197265625
3417.4345703125
3530.37939453125
3650.09423828125
3774.183837890625
3901.567626953125
4032.6064453125
4168.0751953125
4308.4814453125
4454.61376953125
4605.85400390625
4761.9912109375
4929.1552734375
5105.1201171875
5281.20849609375
5458.73388671875
5639.02490234375
5818.71923828125
5993.59130859375
6170.607421875
6368.68115234375
6589.58740234375
6816.06591796875
7040.9892578125
7251.6865234375
7453.46337890625
7651.2001953125
7857.40771484375
8038.83447265625
8208.5673828125
8360.0068359375
8496.32421875
8622.638671875
8747.2060546875
8866.2890625
8979.5078125
9068.708984375
9139.1005859375
9196.0146484375
9250.7333984375
9308.5595703125
9364.1728515625
9411.6162109375
9445.3125
9467.056640625
9470.5625
