2067.470458984375
2044.785400390625
2022.41064453125
2003.543701171875
2017.189453125
2057.99951171875
2059.502197265625
2060.561767578125
2051.287841796875
2053.60791015625
2075.619873046875
2104.12451171875
2147.017822265625
2188.38134765625
2224.460693359375
2261.77490234375
2305.127197265625
2355.84423828125
2420.257568359375
2501.030029296875
2594.933837890625
2700.978759765625
2819.55224609375
2949.88916015625
3091.36083984375
3243.690185546875
3406.245849609375
3579.088134765625
3760.97314453125
3952.013427734375
4151.96240234375
4359.65283203125
179.30271911621094
164.01707458496094
165.56106567382812
170.8232421875
176.8977508544922
183.18946838378906
4515.89111328125
5109.88134765625
5479.814453125
5765.32373046875
6031.3544921875
6299.3798828125
6569.67236328125
6839.1396484375
7120.2626953125
7405.07861328125
7707.75146484375
8020.3583984375
8352.595703125
8667.943359375
8982.8134765625
9312.509765625
9654.12890625
10020.7216796875
10416.939453125
10857.119140625
11302.8193359375
11757.27734375
12231.427734375
12727.45703125
13239.2900390625
13761.669921875
14292.310546875
14832.1904296875
15381.2333984375
15936.4521484375
16493.34765625
17050.6484375
17607.8515625
18163.94921875
18718.255859375
19049.68359375
18806.626953125
18598.046875
18394.244140625
18187.529296875
17975.203125
17755.87109375
17529.416015625
17296.18359375
17056.111328125
16809.78125
16557.255859375
16298.8896484375
16035.0380859375
15764.6640625
15628.0283203125
15490.6279296875
15214.625
14936.3505859375
14655.8974609375
