2065.498779296875
2033.671630859375
2018.4505615234375
2031.8729248046875
2035.9527587890625
2045.53125
2052.01513671875
2059.964111328125
2069.978515625
2083.060791015625
2096.56103515625
2101.758056640625
2114.08544921875
2124.596435546875
2129.4365234375
2132.1494140625
2135.17578125
2145.169677734375
2159.22412109375
2175.58203125
2200.10302734375
2230.208251953125
2268.62109375
2320.34423828125
2382.03173828125
2454.96435546875
2534.88134765625
2630.887939453125
2741.159423828125
2859.08154296875
2978.60986328125
3096.278564453125
120.66934204101562
123.04654693603516
123.89640808105469
124.45787811279297
124.83488464355469
125.10570526123047
2347.72509765625
2581.99072265625
2747.441162109375
2983.114990234375
3206.11669921875
3431.413818359375
3656.133544921875
3876.108154296875
4088.218017578125
4294.41650390625
4497.60400390625
4697.95068359375
4896.419921875
5091.8134765625
5293.28173828125
5495.60205078125
5705.24267578125
5909.81640625
6109.53173828125
6320.81494140625
6545.5771484375
6778.32275390625
7033.0771484375
7290.76318359375
7549.36865234375
7790.37109375
8004.087890625
8207.8935546875
8403.263671875
8580.4130859375
8752.4189453125
8902.3740234375
9009.8984375
9100.1201171875
9176.0693359375
9233.755859375
9277.404296875
9317.607421875
9343.0400390625
9350.3134765625
9343.0146484375
9348.84765625
9380.1455078125
9423.1650390625
9451.048828125
9464.109375
9477.0615234375
9370.6474609375
9020.904296875
8703.78515625
8410.0791015625
8140.2587890625
7888.4521484375
7652.12353515625
7423.662109375
