2011.1328125
2666.4755859375
2893.281982421875
2778.68896484375
2660.533447265625
2560.682373046875
2491.4677734375
2445.17236328125
2408.71923828125
2399.064697265625
2402.710693359375
2412.069580078125
2420.11572265625
2425.825927734375
2423.4921875
2421.485107421875
2421.303955078125
2423.140625
2428.810791015625
2435.48974609375
2406.039306640625
2374.015380859375
2350.566650390625
2336.004150390625
2337.95458984375
2349.79443359375
2367.204345703125
2389.330810546875
2417.371826171875
2450.968017578125
2488.423583984375
2528.92041015625
100.85012817382812
96.8305435180664
91.96378326416016
91.92627716064453
92.1197738647461
92.47206115722656
1606.5421142578125
2516.327880859375
2694.64453125
2684.321044921875
2718.15869140625
2756.712646484375
2792.53076171875
2826.67578125
2859.47021484375
2890.226806640625
2918.646240234375
2948.153564453125
2976.8837890625
2997.621826171875
3019.308349609375
3030.016357421875
3035.3173828125
3037.11865234375
3034.73193359375
3028.474609375
3025.736083984375
3018.681884765625
3002.407470703125
2986.068603515625
2958.66552734375
2920.56005859375
2876.84228515625
2828.82080078125
2775.3857421875
2718.406005859375
2659.429931640625
2596.9580078125
2538.505859375
2481.036865234375
2419.555419921875
2355.2412109375
2293.17236328125
2224.50390625
2148.8291015625
2073.553466796875
2000.4639892578125
1934.9515380859375
1879.1021728515625
1823.6605224609375
1767.81494140625
1703.0640869140625
1634.78466796875
1564.36181640625
1492.3599853515625
1418.903076171875
1357.376220703125
1303.1817626953125
1253.40771484375
1206.7747802734375
