2067.55908203125
2035.87109375
2005.878662109375
2030.65087890625
2036.5465087890625
2050.82080078125
2059.754638671875
2067.10791015625
2071.966552734375
2093.396728515625
2106.88916015625
2113.552001953125
2126.797607421875
2137.0810546875
2142.6435546875
2146.05712890625
2150.84130859375
2161.33447265625
2174.683349609375
2194.25537109375
2221.235595703125
2253.38427734375
2296.9990234375
2352.482421875
2421.1376953125
2499.1953125
2586.8759765625
2690.610107421875
2806.535400390625
2927.685546875
3048.1474609375
3166.177734375
120.05606079101562
122.30430603027344
123.36617279052734
123.98155212402344
124.37611389160156
124.65840148925781
2380.434814453125
2786.673828125
3040.97265625
3270.3134765625
3501.979248046875
3733.51708984375
3959.5244140625
4178.07958984375
4391.4091796875
4600.6650390625
4805.0927734375
5007.8525390625
5209.5146484375
5415.93212890625
5632.2412109375
5844.7158203125
6046.9140625
6253.4033203125
6478.25146484375
6711.107421875
6966.0986328125
7220.3291015625
7484.5556640625
7730.63623046875
7948.427734375
8148.24072265625
8336.927734375
8514.91796875
8682.37109375
8826.544921875
8927.5634765625
8994.14453125
9043.087890625
9090.53515625
9139.9892578125
9188.248046875
9229.9482421875
9242.02734375
9246.4658203125
9264.4482421875
9299.6435546875
9344.3681640625
9378.853515625
9411.1376953125
9431.2939453125
9161.3251953125
8791.4384765625
8468.716796875
8181.716796875
7925.5751953125
7682.93505859375
7452.13134765625
7233.07861328125
7024.599609375
