2112.215087890625
2268.01904296875
2155.76416015625
2219.406005859375
2180.5439453125
2135.136962890625
2114.0732421875
2111.352294921875
2114.972900390625
2125.13916015625
2139.35400390625
2154.259765625
2175.039306640625
2195.504638671875
2212.22412109375
2227.0693359375
2242.83544921875
2259.31005859375
2275.685302734375
2294.72509765625
2325.818359375
2376.370849609375
2447.478759765625
2533.7294921875
2629.892578125
2734.844482421875
2849.564697265625
2974.376220703125
3109.375732421875
3255.116943359375
3411.456298828125
3577.64892578125
110.26312255859375
112.9140625
113.90477752685547
115.58340454101562
117.2422103881836
118.87010955810547
3033.113525390625
3676.140869140625
3934.115966796875
3909.589111328125
3911.878662109375
3939.173095703125
3984.287109375
4040.002685546875
4097.06982421875
4156.84228515625
4225.72314453125
4290.4443359375
4350.1552734375
4406.37646484375
4469.5791015625
4524.6396484375
4573.7841796875
4620.31298828125
4656.27197265625
4681.65283203125
4694.125
4688.52587890625
4666.3701171875
4629.47705078125
4579.96337890625
4519.7216796875
4450.58447265625
4373.65380859375
4289.47705078125
4197.8408203125
4099.79296875
3998.587646484375
3894.7822265625
3788.76171875
3681.351318359375
3573.577880859375
3463.4091796875
3352.50146484375
3242.869873046875
3134.0625
3027.022705078125
2925.24267578125
2827.058837890625
2731.8125
2638.92431640625
2548.461669921875
2460.2587890625
2374.369140625
2290.644775390625
2209.258056640625
2130.70458984375
2055.78369140625
1985.3270263671875
1918.8704833984375
