2075.91015625
2046.3499755859375
2018.82470703125
2001.891845703125
2023.7666015625
2085.207763671875
2067.4873046875
2070.962158203125
2065.40185546875
2060.38134765625
2064.15576171875
2071.509765625
2085.040771484375
2102.556884765625
2135.37353515625
2152.69580078125
2168.2255859375
2183.306640625
2194.771728515625
2207.343505859375
2224.38671875
2247.334716796875
2282.109130859375
2328.75048828125
2382.408203125
2444.027099609375
2519.552734375
2608.27490234375
2708.506103515625
2818.416015625
2937.205322265625
3069.972900390625
3214.521484375
119.3460693359375
121.31877899169922
122.28863525390625
122.88935852050781
123.31391906738281
123.6400146484375
2379.0791015625
2927.784423828125
3165.646484375
3359.105712890625
3566.41650390625
3795.192626953125
4040.83447265625
4312.67822265625
4589.2880859375
4864.79248046875
5139.52392578125
5409.75830078125
5677.880859375
5664.74462890625
5550.92236328125
5446.619140625
5361.71923828125
5267.4677734375
5168.86376953125
5067.57568359375
4961.47021484375
4847.8740234375
4731.43798828125
4621.18505859375
4510.9521484375
4394.72900390625
4278.29443359375
4163.12548828125
4047.5869140625
3936.527099609375
3829.6826171875
3715.984130859375
3596.5810546875
3476.0205078125
3349.30126953125
3224.852294921875
3104.57958984375
2986.47412109375
2868.24853515625
2752.536376953125
2638.58203125
2528.9365234375
2429.195556640625
2337.8359375
2255.182861328125
2178.9482421875
2107.74365234375
2040.710205078125
1980.2880859375
1925.1939697265625
1874.2939453125
1826.1666259765625
1780.81005859375
1736.9443359375
