2038.513427734375
2005.8125
2066.3505859375
2051.0
2106.27587890625
2144.38330078125
2148.301025390625
2137.60791015625
2135.314697265625
2138.08251953125
2138.91650390625
2140.25341796875
2142.10400390625
2153.10888671875
2164.302734375
2171.18701171875
2178.767333984375
2187.85400390625
2197.772705078125
2205.379638671875
2212.07421875
2218.919189453125
2225.41845703125
2231.88037109375
2238.62109375
2251.45849609375
2269.722412109375
2292.87255859375
2329.713623046875
2380.197998046875
2441.72802734375
2513.971435546875
117.01570129394531
117.96615600585938
118.7549819946289
119.34003448486328
119.88102722167969
120.35688781738281
1815.0914306640625
2077.079345703125
2490.166015625
2789.095703125
2999.08935546875
3152.089111328125
3275.714111328125
3387.23095703125
3499.145263671875
3616.493408203125
3742.943603515625
3878.011474609375
4015.025146484375
4148.36572265625
4279.51708984375
4414.83544921875
4561.8935546875
4723.78369140625
4893.96337890625
5068.4462890625
5255.689453125
5438.40087890625
5633.0625
5837.87255859375
6044.10498046875
6245.99365234375
6430.45068359375
6603.39990234375
6379.16650390625
6165.0322265625
5989.10400390625
5827.23486328125
5671.189453125
5519.3447265625
5371.14990234375
5222.00537109375
5072.763671875
4923.65478515625
4775.22265625
4633.7294921875
4496.947265625
4366.04931640625
4237.513671875
4110.3876953125
3983.23486328125
3863.15380859375
3752.90966796875
3652.416748046875
3560.150634765625
3473.535400390625
3386.263671875
3302.874267578125
3221.638671875
3137.593994140625
