1500.0
1500.0
1500.0
1499.6014404296875
1500.0
1500.0
1500.0
1500.0
1500.0
1500.0
1500.0
1500.0
1500.0
1500.0
1500.0
1500.0
1500.0
1500.0
1500.0
1500.0
1500.0
1500.0
1500.0
1500.0
1500.0
1500.0
1500.0
1500.0
1500.0
1500.0
1500.0
1500.0
100.0
100.0
100.0
100.0
100.0
100.0
1500.0
1500.0
1500.0
1500.0
1500.0
1500.0
1500.0
1500.0
1500.0
1500.0
1500.0
1500.0
1500.0
1500.0
1500.0
1500.0
1500.0
1500.0
1446.8900146484375
1388.94970703125
1332.17138671875
1276.50390625
1220.7813720703125
1165.18603515625
1110.160888671875
1054.548828125
999.0386352539062
944.6052856445312
891.4313354492188
839.449951171875
790.5157470703125
748.776611328125
711.3103637695312
676.4290161132812
645.0332641601562
616.2632446289062
589.799560546875
564.8375244140625
540.9095458984375
518.0958862304688
496.531005859375
475.9287109375
456.3737487792969
437.8796691894531
418.4781799316406
398.7583312988281
379.38372802734375
360.882568359375
344.7856140136719
331.7076110839844
319.5252990722656
307.6056823730469
295.78594970703125
284.0041809082031
