2085.0
2073.054443359375
2045.0372314453125
2019.5831298828125
2000.7265625
2035.135009765625
2050.679931640625
2064.679443359375
2095.12060546875
2090.02978515625
2089.518798828125
2094.14013671875
2123.20947265625
2174.1025390625
2238.107177734375
2246.50341796875
2217.977783203125
2204.55029296875
2211.31787109375
2241.84326171875
2270.897216796875
2278.667236328125
2283.220947265625
2284.93994140625
2291.673583984375
2310.4404296875
2338.41357421875
2379.7001953125
2436.76806640625
2509.924560546875
2565.60205078125
2648.45556640625
111.69513702392578
107.64328002929688
106.66139221191406
106.5127944946289
106.51856994628906
106.62139892578125
1633.3795166015625
1648.189453125
1598.1212158203125
3456.820068359375
4178.60595703125
3885.131103515625
3466.677001953125
3233.186279296875
3185.16650390625
3248.28076171875
3374.42578125
3538.773681640625
3703.56201171875
3851.849853515625
3955.720458984375
4053.05078125
4188.18505859375
4361.80517578125
4366.3447265625
4229.86279296875
4184.8955078125
4182.30224609375
4186.03857421875
4192.37548828125
4208.01171875
4244.77099609375
4308.27294921875
4389.30419921875
4468.07080078125
4532.6171875
4577.578125
4604.9296875
4620.1767578125
4625.80810546875
4626.466796875
4628.62451171875
4637.77978515625
4654.60986328125
4674.25
4689.97412109375
4696.7763671875
4692.40625
4676.302734375
4649.2265625
4612.7626953125
4569.03125
4518.91748046875
4464.21435546875
4405.76123046875
4344.46923828125
4281.26220703125
4216.36767578125
4149.9091796875
4082.154541015625
