2058.4814453125
2019.216064453125
2066.4033203125
2115.378173828125
2121.018310546875
2138.888671875
2153.798828125
2152.54052734375
2141.9501953125
2151.09130859375
2157.121826171875
2164.31298828125
2168.91845703125
2180.1220703125
2193.36474609375
2210.6708984375
2226.82177734375
2238.130859375
2246.5888671875
2255.701416015625
2267.689697265625
2282.516845703125
2299.748046875
2318.906005859375
2336.514404296875
2355.86572265625
2376.606201171875
2402.726318359375
2436.86962890625
2483.60302734375
2541.09375
2605.372802734375
121.20516967773438
119.18864440917969
118.60799407958984
118.11155700683594
118.20301818847656
118.50789642333984
1747.7470703125
1955.994384765625
2416.0810546875
2806.385009765625
3106.993896484375
3335.793212890625
3529.486328125
3707.4990234375
3883.15087890625
4056.31787109375
4226.20751953125
4397.29296875
4570.44140625
4747.93212890625
4939.80322265625
5137.5546875
5362.2822265625
5580.01806640625
5806.7802734375
6049.33203125
6297.3662109375
6564.7080078125
6824.28173828125
7080.64453125
7293.7021484375
7125.333984375
6818.64306640625
6562.291015625
6323.7353515625
6094.3271484375
5876.1826171875
5703.49462890625
5534.56884765625
5361.564453125
5201.32666015625
5046.42919921875
4890.037109375
4733.26513671875
4584.599609375
4444.416015625
4312.0673828125
4184.97509765625
4063.81005859375
3952.355224609375
3849.230224609375
3753.709228515625
3663.3603515625
3575.227294921875
3486.857666015625
3391.35693359375
3293.090576171875
3193.15966796875
3093.923095703125
2997.53564453125
