2076.475341796875
2048.8046875
2017.0924072265625
1998.81201171875
2037.7510986328125
2050.520263671875
2054.744140625
2080.9248046875
2103.71484375
2118.660888671875
2140.4716796875
2157.10693359375
2174.083251953125
2195.42236328125
2220.62890625
2248.703125
2277.284912109375
2311.94287109375
2353.6728515625
2398.092529296875
2442.34375
2489.68115234375
2542.06982421875
2605.41748046875
2682.27099609375
2771.361328125
2871.435302734375
2981.708984375
3100.328857421875
3225.6279296875
3357.849609375
3496.28759765625
124.95978546142578
124.38501739501953
124.45181274414062
124.6477279663086
124.85018920898438
125.03669738769531
2548.127197265625
3151.543701171875
3457.852783203125
3668.621826171875
3848.2763671875
4023.384765625
4200.96533203125
4381.0791015625
4562.296875
4742.85400390625
4921.67236328125
5097.978515625
5270.85400390625
5441.35595703125
5613.0908203125
5787.27978515625
5973.2939453125
6166.1044921875
6371.412109375
6580.92626953125
6767.25732421875
6943.37841796875
7115.224609375
7268.859375
7417.82568359375
7544.234375
7648.84033203125
7737.9404296875
7812.81689453125
7874.60546875
7925.732421875
7969.81591796875
8012.6962890625
8048.119140625
8074.650390625
8099.0400390625
8117.73486328125
8121.21630859375
7805.236328125
7498.765625
7218.0078125
6956.3251953125
6709.8056640625
6475.09130859375
6252.82421875
6043.94580078125
5844.66259765625
5644.66259765625
5439.8603515625
5230.9873046875
5017.8046875
4800.72021484375
4582.3935546875
4387.287109375
