2062.641357421875
2021.1873779296875
2000.28515625
2123.09375
2088.139404296875
2098.78564453125
2113.253173828125
2137.82958984375
2151.721435546875
2154.984619140625
2156.536865234375
2164.897216796875
2169.151123046875
2174.3408203125
2180.685791015625
2186.1357421875
2190.723876953125
2195.615966796875
2204.18408203125
2214.63720703125
2226.20068359375
2239.03955078125
2254.357177734375
2271.22705078125
2288.6171875
2310.616943359375
2341.668212890625
2381.51708984375
2434.528076171875
2501.214111328125
2580.219482421875
2669.661865234375
120.14076232910156
120.64794158935547
121.04891967773438
121.33741760253906
121.59925079345703
121.8093490600586
1858.7255859375
2360.890625
2596.596435546875
2825.33349609375
3020.8671875
3193.47509765625
3355.830322265625
3514.62451171875
3670.993896484375
3824.638916015625
3975.448974609375
4123.92138671875
4269.90771484375
4414.94140625
4555.8662109375
4693.60107421875
4829.50732421875
4965.0595703125
5101.30419921875
5238.70263671875
5378.50927734375
5529.158203125
5686.4462890625
5854.36865234375
6033.494140625
6218.80322265625
6393.31591796875
6572.64990234375
6756.7861328125
6952.88037109375
7148.17919921875
7343.701171875
7524.05615234375
7671.25830078125
7804.66748046875
7930.7998046875
8043.5732421875
8144.1533203125
8236.966796875
8329.7451171875
8425.9580078125
8527.1015625
8630.2392578125
8742.1630859375
8633.7958984375
8388.3720703125
8182.24072265625
7989.4580078125
7800.4619140625
7613.85791015625
7431.48974609375
7254.51708984375
7076.34521484375
6899.46826171875
