2072.212646484375
2045.1785888671875
2013.7108154296875
1994.64990234375
2074.170654296875
2064.04248046875
2047.3157958984375
2043.289794921875
2059.675537109375
2111.170166015625
2156.942626953125
2193.948974609375
2235.821044921875
2275.6064453125
2315.78369140625
2361.25634765625
2414.11474609375
2474.5576171875
2548.537109375
2635.59423828125
2732.625732421875
2839.11181640625
2954.794677734375
3080.298828125
3214.679443359375
3357.331298828125
3506.84326171875
3664.458740234375
3830.411376953125
4001.4248046875
4179.6298828125
4364.2744140625
144.0796356201172
133.267578125
138.16192626953125
145.94635009765625
154.0106964111328
161.4720458984375
4209.775390625
4633.5498046875
4821.30126953125
4945.47119140625
5069.20947265625
5214.50732421875
5386.7919921875
5583.0048828125
5805.45751953125
6067.87939453125
6347.4140625
6619.29638671875
6906.20849609375
7211.484375
7566.06396484375
7904.80712890625
8230.4873046875
8569.5078125
8887.08203125
9109.9130859375
8933.380859375
8771.845703125
8613.32421875
8453.1826171875
8288.83203125
8119.4375
7942.79931640625
7760.74560546875
7575.998046875
7392.13623046875
7211.37109375
7034.125
6860.23046875
6689.5478515625
6522.18603515625
6357.275390625
6195.42919921875
6035.8427734375
5878.091796875
5721.90673828125
5567.09619140625
5413.68798828125
5262.14892578125
5112.89453125
4966.6083984375
4824.31640625
4685.17431640625
4548.3984375
4412.7890625
4278.0498046875
4146.33203125
4017.552734375
3891.712890625
3768.7822265625
