2066.7607421875
2026.7806396484375
1983.884033203125
2114.235107421875
2094.838623046875
2093.54736328125
2094.70166015625
2125.85595703125
2166.988525390625
2184.197265625
2189.499755859375
2192.345947265625
2191.787109375
2191.99560546875
2195.97998046875
2203.83935546875
2212.328125
2220.701904296875
2239.913818359375
2262.077392578125
2279.969970703125
2296.55126953125
2327.876220703125
2372.609619140625
2429.7255859375
2494.81298828125
2566.114013671875
2644.042724609375
2727.01171875
2816.66845703125
2914.367919921875
3019.24072265625
117.61479949951172
119.52853393554688
120.04389953613281
120.45484161376953
120.7762222290039
121.02928924560547
2151.879150390625
2754.1728515625
3028.859375
3244.03125
3435.46240234375
3608.68359375
3767.9072265625
3917.73291015625
4062.27392578125
4201.216796875
4336.87890625
4472.8525390625
4611.72900390625
4754.091796875
4911.3564453125
5079.0537109375
5258.74853515625
5447.3369140625
5642.48876953125
5835.3271484375
6043.25
6214.3505859375
6379.396484375
6526.66748046875
6639.63134765625
6727.056640625
6801.44873046875
6869.091796875
6932.1591796875
7006.90771484375
7085.955078125
7155.27978515625
7221.2578125
7301.904296875
7377.13818359375
7132.73095703125
6802.99560546875
6502.19873046875
6233.73779296875
5997.19775390625
5769.9833984375
5549.2529296875
5327.40576171875
5116.27734375
4911.87158203125
4713.47412109375
4521.50634765625
4339.70166015625
4163.36865234375
3991.0654296875
3824.40869140625
3663.359130859375
3501.6953125
3352.333984375
