0.0402679480612278
0.04319596663117409
0.04757602512836456
0.0525144562125206
0.05502146854996681
0.055553238838911057
0.05573552846908569
0.056048013269901276
0.05635526776313782
0.05658840760588646
0.05678853020071983
0.05697353556752205
0.05713505297899246
0.05725416541099548
0.057360149919986725
0.05751608684659004
0.057698994874954224
0.057884495705366135
0.05805503949522972
0.05820676311850548
0.05835437402129173
0.05849817767739296
0.058633953332901
0.05876447260379791
0.05889832228422165
0.05905913561582565
0.05925707146525383
0.059494372457265854
0.059776417911052704
0.060098279267549515
0.060452088713645935
0.06083324924111366
0.003176105674356222
0.0028730907943099737
0.002812901744619012
0.002798606874421239
0.002783964853733778
0.0027752723544836044
0.04956500232219696
0.05629633367061615
0.05905279517173767
0.06093786656856537
0.06225727126002312
0.06325911730527878
0.06410692632198334
0.06492610275745392
0.06570829451084137
0.06648842245340347
0.06730006635189056
0.06816662847995758
0.06909085065126419
0.07006307691335678
0.07108432799577713
0.07216212153434753
0.07329811155796051
0.0744856670498848
0.07570981979370117
0.07695655524730682
0.07822033017873764
0.07949637621641159
0.08079534024000168
0.08208084106445312
0.0833730697631836
0.08466959744691849
0.08595752716064453
0.0872160792350769
0.0884716734290123
0.08977969735860825
0.09111734479665756
0.09243787825107574
0.0934632420539856
0.09443894773721695
0.0953827053308487
0.09632312506437302
0.09726327657699585
0.09827855229377747
0.09937308728694916
0.10045100748538971
0.10177072137594223
0.10368821024894714
0.1054203063249588
0.10712560266256332
0.10878638178110123
0.1103246733546257
0.11186408251523972
0.1135554388165474
0.1153096929192543
0.1171039417386055
0.118991419672966
0.12081636488437653
0.12260586023330688
0.12429279088973999
