2050.0419921875
2018.2554931640625
2009.9207763671875
2078.17626953125
2055.92626953125
2041.9024658203125
2033.5780029296875
2029.82421875
2022.855224609375
2028.54296875
2049.3369140625
2068.339599609375
2071.62255859375
2073.6826171875
2097.730224609375
2125.691650390625
2151.70361328125
2179.21923828125
2205.56005859375
2235.95263671875
2279.078369140625
2340.5146484375
2422.306396484375
2521.13330078125
2633.6787109375
2757.91650390625
2892.1181640625
3035.4130859375
3185.95361328125
3341.94189453125
3502.844482421875
3668.970703125
124.20063781738281
125.37405395507812
125.78901672363281
132.05697631835938
150.35186767578125
162.1738739013672
4105.7080078125
4399.8232421875
4604.142578125
4774.6669921875
4926.67822265625
5072.8369140625
5221.216796875
5376.5888671875
5541.02880859375
5716.51806640625
5904.0390625
6106.7880859375
6324.48388671875
6559.37109375
6817.26171875
7099.97314453125
7417.1923828125
7826.83251953125
8256.017578125
8709.333984375
9173.6923828125
9656.3583984375
10132.189453125
10615.115234375
11112.0078125
11621.6416015625
12144.8544921875
12687.4150390625
13253.2666015625
13824.7666015625
14160.58203125
14149.59765625
14142.0732421875
14124.4326171875
14093.2119140625
14048.36328125
13991.9345703125
13923.4912109375
13842.671875
13749.1650390625
13643.015625
13524.76953125
13394.796875
13253.56640625
13102.2138671875
12941.3466796875
12771.787109375
12594.029296875
12409.3173828125
12218.662109375
12021.0537109375
11818.8232421875
11613.85546875
11405.9658203125
