1500.0
1500.0
1500.0
1500.0
1500.0
1500.0
1500.0
1500.0
1500.0
1500.0
1500.0
1500.0
1500.0
1500.0
1500.0
1500.0
1500.0
1499.9993896484375
1500.0
1500.0
1500.0
1500.0
1500.0
1500.0
1500.0
1500.0
1500.0
1500.0
1500.0
1500.0
1500.0
1500.0
100.0
100.0
100.0
100.0
100.0
100.0
1500.0
1500.0
1499.9970703125
1500.0
1500.0
1500.0
1500.0
1500.0
1500.0
1500.0
1500.0
1500.0
1500.0
1500.0
1500.0
1500.0
1500.0
1500.0
1500.0
1500.0
1500.0
1500.0
1500.0
1500.0
1500.0
1500.0
1500.0
1477.549560546875
1429.4466552734375
1383.8607177734375
1339.0057373046875
1294.69921875
1251.0506591796875
1208.2911376953125
1166.156494140625
1125.3538818359375
1084.837158203125
1044.3660888671875
1007.7991333007812
973.3074340820312
940.5072631835938
909.4566650390625
880.1405639648438
852.5551147460938
826.6410522460938
802.3374633789062
779.5496215820312
758.1199951171875
737.9842529296875
719.1255493164062
701.6463623046875
685.646240234375
670.8740234375
657.14794921875
