1500.0
1371.2283935546875
1019.2559814453125
942.8375244140625
903.1427612304688
872.4600830078125
847.589599609375
820.8786010742188
800.2229614257812
783.4794921875
766.7777709960938
750.0057373046875
734.0385131835938
719.5170288085938
705.5587158203125
691.3304443359375
675.863037109375
658.8704833984375
642.2725830078125
626.22607421875
610.4415893554688
594.4331665039062
578.8728637695312
564.9043579101562
553.446533203125
543.6873779296875
533.825927734375
523.1174926757812
512.11376953125
501.4753723144531
490.8372497558594
480.13568115234375
100.0
100.0
100.0
100.0
100.0
100.0
688.488525390625
549.7863159179688
475.093994140625
428.7651672363281
402.7856750488281
385.1328125
373.7873229980469
365.8184509277344
357.98760986328125
349.76068115234375
341.31182861328125
332.8554382324219
325.4049987792969
318.6168212890625
311.7742004394531
304.92449951171875
298.0306701660156
291.0223693847656
283.9058837890625
276.7570495605469
269.7044982910156
262.78033447265625
255.91505432128906
249.0759735107422
242.24612426757812
235.4181671142578
228.6651153564453
222.0380859375
215.58200073242188
209.30572509765625
203.1964874267578
197.246337890625
191.44796752929688
185.82911682128906
180.4401397705078
175.21205139160156
170.28981018066406
165.55760192871094
160.99203491210938
156.6193389892578
152.4552459716797
148.47999572753906
144.67860412597656
141.02337646484375
137.4947509765625
134.0947723388672
130.8200225830078
127.64861297607422
124.5787582397461
121.61044311523438
118.74334716796875
115.9809341430664
113.32408142089844
110.76766204833984
