1499.9984130859375
1192.6583251953125
1069.1514892578125
1037.9373779296875
1017.5086669921875
999.1797485351562
982.2853393554688
967.3013305664062
953.16015625
939.689697265625
927.5108032226562
916.236083984375
904.80517578125
892.5250854492188
880.105712890625
867.6165161132812
854.6843872070312
841.1422119140625
826.453369140625
809.9197998046875
791.2886962890625
770.755615234375
748.7850952148438
726.315185546875
705.7115478515625
685.0700073242188
665.10205078125
645.1490478515625
625.0008544921875
604.6522827148438
584.1718139648438
563.7100830078125
100.0
100.0
100.0
100.0
100.0
100.0
530.4482421875
512.6917114257812
500.44183349609375
483.88458251953125
468.9210510253906
454.0982360839844
438.96551513671875
423.4098815917969
407.6655578613281
391.9041748046875
376.16082763671875
360.42889404296875
344.7882995605469
329.32696533203125
314.0899353027344
299.18048095703125
284.754638671875
270.9026794433594
257.7229919433594
245.37661743164062
239.47903442382812
233.71690368652344
222.6319122314453
212.08738708496094
201.99514770507812
192.3870086669922
183.27102661132812
174.60983276367188
166.40126037597656
162.18788146972656
158.4267578125
150.91665649414062
143.9052734375
137.32318115234375
131.10546875
125.17839813232422
119.37228393554688
113.4851303100586
108.23210906982422
103.28197479248047
98.61709594726562
94.21250915527344
90.0483627319336
86.08102416992188
82.34574127197266
78.82166290283203
75.50119018554688
72.34185028076172
69.35066986083984
66.52784729003906
63.86979675292969
61.36429977416992
59.00353240966797
56.781211853027344
54.686824798583984
52.71049880981445
50.84333419799805
