1499.9998779296875
1500.0
1500.0
1500.0
1500.0
1500.0
1500.0
1500.0
1500.0
1500.0
1500.0
1500.0
1500.0
1500.0
1500.0
1500.0
1500.0
1500.0
1500.0
1500.0
1500.0
1500.0
1500.0
1500.0
1500.0
1500.0
1500.0
1500.0
1500.0
1500.0
1500.0
1500.0
100.0
100.0
100.0
100.0
100.0
100.0
1500.0
1499.9998779296875
1500.0
1500.0
1500.0
1500.0
1500.0
1500.0
1500.0
1500.0
1500.0
1500.0
1500.0
1500.0
1500.0
1500.0
1500.0
1500.0
1500.0
1500.0
1500.0
1500.0
1500.0
1500.0
1500.0
1500.0
1500.0
1500.0
1500.0
1454.157470703125
1400.4644775390625
1349.0677490234375
1298.801025390625
1249.1776123046875
1199.9381103515625
1151.102294921875
1103.2174072265625
1057.697265625
1014.1293334960938
970.9642944335938
928.654541015625
886.9678344726562
846.9487915039062
809.35205078125
773.7368774414062
739.2967529296875
706.1467895507812
674.2792358398438
644.4255981445312
618.7061157226562
596.1319580078125
574.8450317382812
556.195068359375
536.9483032226562
