0.02553153596818447
0.0275880116969347
0.029008757323026657
0.03019360452890396
0.030612953007221222
0.03072182647883892
0.03076138347387314
0.030799366533756256
0.03088546358048916
0.031028257682919502
0.031140673905611038
0.031282227486371994
0.03146957606077194
0.03167637065052986
0.03186957910656929
0.032062187790870667
0.03227982297539711
0.03250275179743767
0.0327412448823452
0.032979171723127365
0.03321881964802742
0.033459797501564026
0.03371115401387215
0.03398862108588219
0.03433407470583916
0.034743890166282654
0.035228777676820755
0.035789329558610916
0.036420874297618866
0.03711820766329765
0.037879057228565216
0.038691457360982895
0.0018169620307162404
0.0017949474276974797
0.001799028366804123
0.0017883179243654013
0.0018034863751381636
0.0018057037377730012
0.033777665346860886
0.03699122741818428
0.03881048038601875
0.039550889283418655
0.040987271815538406
0.04128477722406387
0.04066872224211693
0.04014311730861664
0.03966450318694115
0.03919513523578644
0.038720063865184784
0.03812510147690773
0.03749169409275055
0.03684299811720848
0.036187030375003815
0.03553101792931557
0.03490719199180603
0.03426271677017212
0.033613309264183044
0.03296742960810661
0.03229505941271782
0.0316142663359642
0.03092535398900509
0.03023602068424225
0.029543975368142128
0.02885039523243904
0.028157275170087814
0.02746775560081005
0.02678350917994976
0.026107951998710632
0.025442538782954216
0.024789243936538696
0.024147091433405876
0.023515939712524414
0.022898174822330475
0.02229241654276848
0.02169692888855934
0.021108070388436317
0.02052825503051281
0.019954638555645943
0.019386563450098038
0.01882350631058216
0.018267391249537468
0.017718367278575897
0.01718784123659134
0.01668211817741394
0.016205785796046257
0.015750251710414886
0.015308571048080921
0.014877467416226864
0.014454592950642109
0.014040427282452583
0.013634811155498028
0.013238550163805485
0.012852836400270462
