2055.532958984375
2011.2882080078125
2145.849609375
2258.873046875
2192.119384765625
2158.217041015625
2169.439697265625
2190.395751953125
2207.10693359375
2225.1826171875
2239.9443359375
2257.178466796875
2279.1044921875
2309.10595703125
2346.425048828125
2391.642822265625
2438.35009765625
2488.57421875
2548.64404296875
2624.169921875
2717.425537109375
2827.81787109375
2953.5986328125
3093.14404296875
3244.732666015625
3405.996337890625
3574.52734375
3748.08984375
3925.387939453125
4105.8388671875
4289.55517578125
4475.18115234375
171.14248657226562
146.69142150878906
136.34597778320312
137.37657165527344
138.9716796875
140.73301696777344
3608.817626953125
5119.1728515625
5589.82666015625
5725.173828125
5776.50390625
5832.19091796875
5918.1123046875
6037.14794921875
6187.2177734375
6366.140625
6569.4970703125
6796.47607421875
7073.67236328125
7361.17578125
7677.27734375
8007.07861328125
8349.7734375
8698.05859375
8855.3173828125
8875.7060546875
8921.75390625
8975.865234375
9028.9814453125
9076.794921875
9116.54296875
9151.1591796875
9175.416015625
9184.8076171875
9178.8828125
9161.3212890625
9129.935546875
9085.662109375
9030.3857421875
8966.8291015625
8896.841796875
8820.345703125
8737.783203125
8650.13671875
8557.7314453125
8460.666015625
8359.0400390625
8255.9833984375
8151.25341796875
8043.05517578125
7930.6044921875
7814.1298828125
7694.01806640625
7573.26416015625
7449.7958984375
7324.0673828125
7195.65966796875
7065.58251953125
6936.25830078125
6807.4443359375
