1924.8304443359375
1475.2188720703125
1157.3768310546875
973.3206787109375
898.7041015625
889.6455078125
870.0369873046875
849.376708984375
829.7107543945312
811.1835327148438
793.857666015625
777.407958984375
761.3237915039062
745.3065185546875
730.5570068359375
720.1384887695312
708.3081665039062
697.4705200195312
687.87890625
677.0797119140625
665.1849365234375
652.6409301757812
639.6563110351562
626.26123046875
612.3841552734375
598.1340942382812
583.6174926757812
569.1420288085938
554.6077880859375
539.7542724609375
524.6093139648438
512.4092407226562
127.34965515136719
129.6355743408203
130.53866577148438
130.7534637451172
130.9486083984375
131.1168670654297
613.3362426757812
465.0971374511719
477.8334655761719
480.164306640625
468.8251953125
452.9796447753906
440.9621276855469
427.9338073730469
414.0978088378906
402.5696716308594
393.26177978515625
387.1072692871094
383.89508056640625
381.21282958984375
377.69366455078125
373.73699951171875
369.70501708984375
365.8100891113281
361.99639892578125
358.308349609375
356.5948791503906
356.29144287109375
355.9414367675781
354.679931640625
353.06201171875
351.82440185546875
354.82806396484375
358.92987060546875
361.93743896484375
363.3457946777344
365.0286865234375
367.6658020019531
371.8548889160156
377.4754333496094
384.4234313964844
393.2051696777344
403.5707092285156
414.68524169921875
425.8387145996094
437.5068054199219
450.59259033203125
466.7511901855469
485.3831481933594
505.43865966796875
526.5645141601562
548.3636474609375
570.1250610351562
590.97900390625
610.5131225585938
628.8541870117188
645.9293212890625
661.6839599609375
676.1127319335938
689.3198852539062
