2071.768798828125
2040.1966552734375
2005.2857666015625
2016.8778076171875
2059.48291015625
2058.14453125
2100.7666015625
2114.72802734375
2135.016845703125
2145.56494140625
2158.82666015625
2186.41357421875
2215.800537109375
2242.427490234375
2274.17578125
2308.35546875
2339.896240234375
2370.87548828125
2403.525634765625
2439.3544921875
2486.802490234375
2553.6962890625
2640.1162109375
2742.089111328125
2855.56201171875
2978.1083984375
3110.444091796875
3253.384765625
3403.59814453125
3561.344482421875
3727.186767578125
3900.126220703125
125.4000473022461
124.64726257324219
124.74347686767578
125.00404357910156
125.27378845214844
125.52642822265625
3170.385009765625
3765.143798828125
4069.638671875
4267.16796875
4435.31201171875
4610.0986328125
4804.279296875
5019.4814453125
5252.91357421875
5501.70703125
5765.7177734375
6037.9306640625
6332.8984375
6672.2890625
7021.9013671875
7372.21826171875
7709.07666015625
8035.14111328125
8333.609375
8607.892578125
8860.201171875
9091.974609375
9303.28515625
9498.2802734375
9676.4248046875
9833.52734375
9969.01953125
10086.9990234375
10191.671875
10115.8525390625
9748.2919921875
9421.0869140625
9115.3681640625
8821.568359375
8535.5712890625
8255.6005859375
7980.6025390625
7709.6669921875
7442.63232421875
7179.29736328125
6920.0849609375
6663.4609375
6410.48681640625
6165.3720703125
5927.60498046875
5693.98193359375
5463.4169921875
5234.35302734375
5021.80908203125
4833.32666015625
4659.0849609375
4494.75244140625
4337.8779296875
4187.03564453125
