2077.30322265625
2044.96923828125
2008.6595458984375
2049.231689453125
2074.995849609375
2060.89306640625
2052.9052734375
2047.58935546875
2043.1175537109375
2041.9093017578125
2044.0341796875
2061.465576171875
2065.762451171875
2072.08740234375
2077.8095703125
2087.328369140625
2096.80126953125
2107.3779296875
2113.37109375
2121.6923828125
2131.76220703125
2141.76611328125
2165.362060546875
2187.936767578125
2213.103271484375
2240.955078125
2280.9755859375
2346.544677734375
2426.4921875
2524.60546875
2630.478271484375
2789.9443359375
111.45087432861328
112.32079315185547
113.0602798461914
113.78392791748047
114.40753173828125
114.97615051269531
1703.1007080078125
2342.140625
2856.4453125
3330.0830078125
3496.226806640625
3457.1025390625
3415.536865234375
3366.559326171875
3307.103759765625
3239.95703125
3168.5263671875
3081.1005859375
3093.28466796875
3091.402099609375
3071.502685546875
3067.470703125
3070.80322265625
3079.443115234375
3077.60986328125
3063.64794921875
3039.63623046875
3004.2958984375
2959.162841796875
2904.994140625
2844.3896484375
2785.32373046875
2730.272216796875
2679.49072265625
2631.963623046875
2586.171875
2540.5478515625
2493.08935546875
2443.749267578125
2392.098388671875
2338.674072265625
2284.81884765625
2233.798583984375
2186.94580078125
2143.96240234375
2105.046142578125
2068.9755859375
2034.105224609375
1999.23486328125
1963.8260498046875
1927.405029296875
1889.82666015625
1850.779052734375
1810.29150390625
1768.967529296875
1727.5797119140625
1686.3309326171875
1645.2506103515625
1604.8017578125
1565.46533203125
