2041.5819091796875
1970.65771484375
1783.2308349609375
1638.68603515625
1628.67822265625
1589.9805908203125
1535.331787109375
1492.39697265625
1459.187255859375
1429.5472412109375
1407.4560546875
1396.1834716796875
1388.6072998046875
1380.3526611328125
1371.67822265625
1364.772705078125
1360.552734375
1357.0228271484375
1353.9229736328125
1352.921875
1354.2891845703125
1358.311279296875
1367.7745361328125
1383.802978515625
1406.32177734375
1434.667236328125
1467.748046875
1504.346435546875
1543.3533935546875
1584.45654296875
1629.9493408203125
1674.4486083984375
129.6851806640625
124.15616607666016
125.21623992919922
138.21685791015625
147.75070190429688
154.8991241455078
1770.94189453125
1911.0994873046875
1972.79345703125
2010.1566162109375
2032.830078125
2049.417724609375
2064.55078125
2080.105224609375
2096.616455078125
2113.7958984375
2131.21923828125
2148.367431640625
2164.814208984375
2179.89453125
2195.504638671875
2225.612548828125
2258.0107421875
2311.38916015625
2363.54736328125
2410.45361328125
2449.6572265625
2482.19921875
2508.51025390625
2529.080078125
2543.8056640625
2552.7275390625
2556.699462890625
2556.072998046875
2550.926025390625
2541.48876953125
2528.141357421875
2511.374267578125
2491.904052734375
2469.285400390625
2443.73046875
2415.569091796875
2385.149169921875
2352.551513671875
2318.1015625
2282.12353515625
2244.8115234375
2206.486328125
2167.446533203125
2127.926513671875
2088.138916015625
2048.233154296875
2008.373291015625
1968.6705322265625
1929.162841796875
1889.9110107421875
1851.0272216796875
1812.3519287109375
1774.098388671875
1736.503662109375
