2061.98291015625
2022.6827392578125
2023.00048828125
2092.8662109375
2067.408447265625
2051.366455078125
2040.31396484375
2032.2919921875
2026.564697265625
2023.79052734375
2032.33349609375
2032.993896484375
2031.4378662109375
2039.2734375
2040.649658203125
2040.1976318359375
2047.575927734375
2051.52783203125
2056.67626953125
2071.159423828125
2088.72216796875
2105.34033203125
2117.16357421875
2128.126708984375
2143.294921875
2159.89111328125
2177.40478515625
2196.697509765625
2216.270751953125
2238.89990234375
2268.9619140625
2306.2490234375
123.8582992553711
124.11564636230469
124.3876953125
124.64424896240234
124.88929748535156
125.13079833984375
1864.711669921875
1985.6795654296875
2159.97314453125
2317.76416015625
2443.030029296875
2551.21484375
2650.957275390625
2747.178955078125
2842.306396484375
2938.310302734375
3035.4228515625
3134.98291015625
3236.760986328125
3340.41162109375
3445.099365234375
3548.2294921875
3649.18994140625
3749.205322265625
3850.23046875
3953.72607421875
4058.217041015625
4159.74169921875
4263.3203125
4366.8671875
4468.5810546875
4572.978515625
4674.712890625
4777.1201171875
4888.83447265625
4922.71630859375
4848.39404296875
4774.30712890625
4697.3671875
4618.849609375
4538.2548828125
4457.1689453125
4373.82177734375
4289.21923828125
4204.17333984375
4116.513671875
4028.20458984375
3941.032958984375
3854.95751953125
3768.383056640625
3679.744140625
3586.61572265625
3489.986328125
3391.728759765625
3291.15869140625
3191.333984375
3090.8994140625
2989.43212890625
2886.9228515625
2784.39599609375
