2070.88720703125
2043.6856689453125
2006.82373046875
2048.937255859375
2081.386962890625
2091.316650390625
2156.48291015625
2179.111572265625
2179.337646484375
2168.37060546875
2157.1787109375
2155.93408203125
2167.261474609375
2183.5048828125
2206.85693359375
2230.99658203125
2250.89306640625
2260.548828125
2267.28955078125
2271.217041015625
2275.839111328125
2281.935791015625
2290.65673828125
2301.242919921875
2313.143310546875
2327.129638671875
2344.914794921875
2368.600341796875
2398.24365234375
2437.427490234375
2490.77587890625
2558.795166015625
122.59058380126953
123.99113464355469
124.24976348876953
124.34645080566406
124.42939758300781
124.47663879394531
1809.4158935546875
2117.029541015625
2533.11279296875
2806.611572265625
2995.22412109375
3137.371826171875
3258.2216796875
3374.78564453125
3495.532958984375
3623.3369140625
3758.5556640625
3901.020751953125
4049.567626953125
4204.94775390625
4367.20068359375
4535.01611328125
4706.8955078125
4882.22998046875
5058.6474609375
5236.48095703125
5416.9189453125
5599.568359375
5784.58740234375
6008.0693359375
6230.5078125
6450.81640625
6671.39404296875
6899.6767578125
7125.16796875
7341.19677734375
7553.248046875
7767.09765625
7987.8388671875
8218.0556640625
8456.505859375
8465.72265625
8394.5888671875
8341.4794921875
8307.9404296875
8271.255859375
8232.3310546875
8189.9501953125
8143.3642578125
8091.41748046875
8035.0546875
7973.7578125
7907.23486328125
7835.57275390625
7758.97900390625
7678.40087890625
7594.55810546875
7503.59912109375
7405.72412109375
7295.98779296875
