2084.592041015625
2061.587890625
2036.8795166015625
2018.916748046875
2006.4937744140625
1995.6710205078125
2040.846923828125
2047.34033203125
2048.617431640625
2046.82421875
2054.805908203125
2071.771240234375
2104.75537109375
2137.00927734375
2179.172607421875
2223.734619140625
2264.925537109375
2306.838623046875
2356.5224609375
2430.947509765625
2531.8173828125
2654.751708984375
2795.541015625
2948.5146484375
3108.15185546875
3270.392578125
3432.3583984375
3592.822265625
3755.421142578125
3921.21875
4090.776123046875
4263.3251953125
178.59510803222656
171.97637939453125
177.35520935058594
183.99742126464844
189.8013153076172
194.43997192382812
4257.869140625
4515.90625
4642.84716796875
4755.0400390625
4878.52880859375
5020.201171875
5181.669921875
5358.70166015625
5548.38623046875
5748.5166015625
5958.43994140625
6194.25
6442.740234375
6701.0947265625
6997.1767578125
7342.39501953125
7709.732421875
8042.8173828125
8379.1806640625
8698.8193359375
9008.94921875
9305.482421875
9587.041015625
9855.150390625
10112.42578125
10358.9013671875
10594.0712890625
10818.3359375
11032.5283203125
11237.71484375
11437.24609375
11630.5087890625
11815.005859375
11988.94140625
12152.5439453125
12308.720703125
12453.9931640625
12586.8388671875
12708.2021484375
12820.4072265625
12920.705078125
13010.759765625
13096.1650390625
13172.884765625
13237.4501953125
12854.0556640625
12428.3681640625
12040.9013671875
11674.0341796875
11320.5615234375
10977.5185546875
10643.25
10316.595703125
9996.6025390625
