2077.231201171875
2049.9931640625
2018.6297607421875
2001.7430419921875
2035.4832763671875
2044.00537109375
2049.077392578125
2067.54833984375
2087.316162109375
2094.55859375
2109.17236328125
2117.10400390625
2123.54150390625
2137.10791015625
2159.652099609375
2179.7421875
2204.041015625
2227.52099609375
2251.74267578125
2281.150146484375
2315.12744140625
2351.05859375
2387.706298828125
2424.439453125
2464.12109375
2507.322998046875
2556.501953125
2614.979248046875
2683.345458984375
2760.417236328125
2845.342529296875
2937.752197265625
123.905517578125
124.52985382080078
125.65432739257812
126.38753509521484
126.91963958740234
127.29451751708984
2017.6817626953125
2519.811279296875
2794.316162109375
3004.744873046875
3184.608154296875
3348.526611328125
3505.134765625
3658.990966796875
3811.5595703125
3964.04833984375
4118.6396484375
4274.98828125
4433.05810546875
4592.78515625
4754.66796875
4918.69140625
5084.99072265625
5254.4267578125
5426.9208984375
5602.77490234375
5783.01025390625
5966.2353515625
6156.9833984375
6358.00146484375
6589.59912109375
6807.84521484375
7011.6484375
7220.96728515625
7432.5078125
7621.5087890625
7795.36572265625
7963.6943359375
8125.1171875
8272.716796875
8407.16796875
8531.365234375
8645.125
8749.923828125
8846.2548828125
8935.3271484375
9019.4794921875
9092.0751953125
9152.0029296875
9199.3251953125
9234.53125
9261.7177734375
9284.3896484375
9237.716796875
8922.6162109375
8638.2099609375
8374.306640625
8126.31787109375
7889.54638671875
7659.67529296875
