1928.488525390625
1480.6070556640625
1159.55615234375
972.4481201171875
898.150390625
888.259765625
868.3063354492188
847.4258422851562
827.5206298828125
808.8297119140625
791.391845703125
774.7557373046875
758.4181518554688
742.078125
725.661865234375
713.161376953125
702.3421020507812
693.138916015625
683.6085815429688
672.4317626953125
660.2463989257812
647.46435546875
634.2236938476562
620.546875
606.4820556640625
592.1245727539062
577.7119750976562
563.3151245117188
548.6878662109375
533.6827392578125
519.566162109375
507.2148742675781
126.91118621826172
129.20928955078125
130.1724395751953
130.38893127441406
130.59141540527344
130.76747131347656
605.7367553710938
459.3052673339844
472.9880065917969
474.10736083984375
463.78497314453125
457.8262023925781
444.7777404785156
427.4093933105469
411.695068359375
398.8973693847656
390.18939208984375
385.53997802734375
383.06561279296875
380.8189697265625
377.2227478027344
373.1673278808594
369.16656494140625
365.4744567871094
361.7892761230469
358.3354187011719
357.34674072265625
357.6651916503906
357.46148681640625
356.79376220703125
358.8005065917969
362.739013671875
365.95361328125
367.99700927734375
369.2458801269531
371.6217956542969
375.5290222167969
381.6741027832031
388.9023132324219
397.6502380371094
407.9299621582031
419.2811584472656
430.979736328125
443.2668151855469
456.9684753417969
474.00616455078125
493.28851318359375
513.4994506835938
534.7412109375
556.7780151367188
578.902587890625
600.093994140625
620.0870971679688
639.0247192382812
656.70556640625
672.9671630859375
687.960693359375
701.7445068359375
714.2860717773438
725.6972045898438
