2066.625
2034.7877197265625
2001.7027587890625
2075.74169921875
2114.3154296875
2181.120849609375
2204.0
2200.97314453125
2205.227294921875
2229.201904296875
2250.847412109375
2262.42724609375
2265.386474609375
2270.33203125
2271.53369140625
2275.08935546875
2281.13623046875
2287.66650390625
2296.566162109375
2309.747802734375
2327.092041015625
2352.043212890625
2388.906494140625
2446.785400390625
2526.230224609375
2622.34423828125
2731.313720703125
2852.101318359375
2985.408447265625
3131.030029296875
3288.11376953125
3455.5107421875
122.86151885986328
123.0875015258789
125.08080291748047
126.24288177490234
126.94017791748047
127.37002563476562
3092.238525390625
3639.0712890625
3916.6630859375
4104.69970703125
4265.1376953125
4429.21435546875
4611.1533203125
4814.8291015625
5038.70556640625
5283.34912109375
5549.3974609375
5885.5625
6284.3837890625
6682.8544921875
7085.59326171875
7499.63818359375
7926.61669921875
8357.8193359375
8789.3798828125
9027.5029296875
8992.5283203125
8982.6025390625
8982.7001953125
8971.2236328125
8947.76171875
8908.1796875
8851.4833984375
8777.5498046875
8668.4072265625
8553.744140625
8430.63671875
8299.078125
8161.078125
8015.7158203125
7862.3828125
7703.27685546875
7538.6005859375
7370.40869140625
7197.20654296875
7017.99658203125
6836.87255859375
6655.197265625
6473.34521484375
6292.59716796875
6202.89892578125
6113.15380859375
5934.83740234375
5757.1025390625
5580.90771484375
5406.869140625
5235.5224609375
5067.43212890625
4902.5732421875
4740.83447265625
4581.91845703125
