2066.709228515625
2030.6220703125
1986.0394287109375
2052.0146484375
2144.5029296875
2219.39208984375
2262.0185546875
2309.417724609375
2344.974853515625
2372.395263671875
2392.591552734375
2412.292724609375
2456.05322265625
2527.9189453125
2629.362548828125
2752.872802734375
2886.85986328125
3024.64306640625
3163.873779296875
3304.03955078125
3440.109130859375
3575.7314453125
3709.251953125
3845.713623046875
3988.635986328125
4143.7548828125
4314.53564453125
4498.4482421875
4700.00732421875
4903.83349609375
5111.2412109375
5325.42822265625
184.97991943359375
157.0978546142578
145.8419952392578
139.69610595703125
135.8480682373047
133.15187072753906
3739.37646484375
4266.9140625
4609.59765625
4912.76806640625
5206.25634765625
5500.63818359375
5846.07861328125
6243.76123046875
6613.533203125
7003.64697265625
7363.64306640625
7698.31005859375
8018.38134765625
8313.755859375
8590.2705078125
8844.56640625
9076.037109375
9279.3701171875
9458.501953125
9615.01953125
9654.404296875
9115.4189453125
8688.02734375
8301.740234375
7942.8203125
7608.7080078125
7295.837890625
7002.2373046875
6726.95703125
6468.96044921875
6227.4580078125
6000.78857421875
5786.4345703125
5681.23876953125
5579.369140625
5385.34814453125
5200.42626953125
5024.73046875
4858.0595703125
4700.22119140625
4550.5634765625
4408.73876953125
4274.0439453125
4145.8583984375
4023.2958984375
3902.71728515625
3784.782958984375
3670.8642578125
3562.297119140625
3460.478759765625
3364.410400390625
3271.958740234375
3181.567626953125
3093.554443359375
3007.958740234375
