2082.226318359375
2058.826904296875
2033.3216552734375
2015.002685546875
2002.4046630859375
2014.651611328125
2031.5421142578125
2038.8692626953125
2044.5670166015625
2047.7449951171875
2050.46337890625
2061.826416015625
2076.86083984375
2100.308349609375
2122.64404296875
2148.620361328125
2177.648681640625
2209.315185546875
2245.659912109375
2291.87158203125
2351.39013671875
2420.4833984375
2500.4130859375
2593.52197265625
2700.132080078125
2821.014404296875
2956.821044921875
3107.328857421875
3271.666015625
3448.9765625
3636.8896484375
3836.866455078125
153.33901977539062
158.33885192871094
169.85279846191406
179.79067993164062
187.23439025878906
192.73472595214844
4035.22021484375
4283.6572265625
4460.8271484375
4635.94580078125
4825.6279296875
5033.5322265625
5266.0791015625
5520.49951171875
5793.8701171875
6087.6611328125
6413.7509765625
6776.763671875
7179.7353515625
7626.54150390625
8097.0556640625
8616.1875
9171.3125
9746.6845703125
10320.9072265625
10888.771484375
11451.833984375
12008.0234375
12555.9951171875
13095.294921875
13624.7392578125
14147.400390625
14669.3466796875
15186.5087890625
15697.5
16205.505859375
16459.7578125
16712.3203125
17206.015625
17687.310546875
18153.953125
18604.29296875
19038.365234375
19452.18359375
19850.83984375
20229.0859375
20572.166015625
20916.615234375
21207.84375
21493.5234375
21724.021484375
21919.140625
22088.443359375
22228.166015625
22337.337890625
22413.5546875
22441.001953125
22428.5859375
22377.462890625
21554.70703125
20809.490234375
