2070.77099609375
2042.21044921875
2022.199462890625
2009.7518310546875
2007.1153564453125
2068.775634765625
2058.919677734375
2043.38330078125
2048.0810546875
2085.196044921875
2130.71337890625
2178.44677734375
2245.192626953125
2303.914306640625
2357.02587890625
2419.054931640625
2495.690185546875
2595.9794921875
2720.59765625
2862.459716796875
3016.06787109375
3178.484619140625
3346.984375
3520.0908203125
3697.630126953125
3880.569091796875
4067.650634765625
4258.9111328125
4453.01318359375
4649.77685546875
4848.4775390625
5049.16845703125
5250.34033203125
189.5353240966797
176.4391326904297
178.65943908691406
183.63671875
189.006103515625
193.94644165039062
4859.6767578125
5198.5419921875
5336.63134765625
5483.994140625
5669.96533203125
5918.3857421875
6181.32275390625
6449.38037109375
6735.634765625
7028.15087890625
7324.96630859375
7640.14404296875
7933.61865234375
8208.1396484375
8264.134765625
8058.13427734375
7866.71533203125
7681.38720703125
7496.49169921875
7309.857421875
7120.32958984375
6929.1767578125
6738.314453125
6549.34326171875
6364.98876953125
6186.18115234375
6012.7216796875
5842.88427734375
5675.75830078125
5512.93115234375
5350.51416015625
5187.86669921875
5025.30517578125
4863.34326171875
4702.57080078125
4543.17724609375
4386.35107421875
4232.62841796875
4082.612060546875
3936.1845703125
3792.9892578125
3653.171630859375
3516.57373046875
3383.528076171875
3253.830810546875
3128.6865234375
3009.008544921875
2895.1474609375
2785.739990234375
2680.205810546875
2578.473876953125
2480.59521484375
2386.64599609375
2296.646240234375
