2079.939453125
2051.333984375
2013.15625
1985.419189453125
2066.833984375
2100.013671875
2099.380859375
2092.753662109375
2082.15576171875
2075.828857421875
2078.470458984375
2085.758056640625
2089.048095703125
2091.459716796875
2113.4892578125
2143.043212890625
2172.806396484375
2194.516357421875
2213.507568359375
2234.450439453125
2260.9306640625
2289.607666015625
2319.84521484375
2358.677978515625
2400.04931640625
2445.095947265625
2500.365966796875
2573.41943359375
2664.490234375
2770.093994140625
2885.6240234375
3005.42822265625
119.88817596435547
122.04558563232422
123.19070434570312
123.9261245727539
124.42761993408203
124.8082275390625
1933.427001953125
2590.223876953125
2883.834228515625
3097.822998046875
3303.78466796875
3516.532470703125
3739.248779296875
3972.139404296875
4219.91943359375
4486.86328125
4760.4453125
5033.52001953125
5303.4296875
5568.95361328125
5833.3232421875
5803.71240234375
5682.94921875
5581.283203125
5494.0322265625
5393.6943359375
5289.2568359375
5185.05517578125
5079.2275390625
4970.18603515625
4852.984375
4731.392578125
4622.64697265625
4515.73681640625
4404.97265625
4290.14111328125
4173.67041015625
4053.49169921875
3929.5048828125
3802.9423828125
3675.1513671875
3548.227783203125
3420.974609375
3289.749267578125
3156.147216796875
3018.620361328125
2877.74609375
2735.69384765625
2593.90869140625
2454.891357421875
2323.343994140625
2202.7919921875
2085.40380859375
1969.4945068359375
1854.762939453125
1742.4600830078125
1637.7886962890625
1558.4036865234375
1482.0501708984375
1409.18115234375
