2055.074462890625
2007.6207275390625
2063.534912109375
2079.156005859375
2048.936767578125
2043.2049560546875
2040.0040283203125
2051.79541015625
2055.57275390625
2060.6513671875
2064.431640625
2069.30810546875
2095.735595703125
2115.340576171875
2131.552978515625
2147.14208984375
2163.0615234375
2179.257568359375
2199.926025390625
2234.0908203125
2286.49951171875
2348.450439453125
2422.057373046875
2512.60009765625
2615.1875
2730.30517578125
2857.1767578125
2999.340576171875
3156.637939453125
3324.183837890625
3495.54443359375
3667.6435546875
114.9235610961914
117.51934051513672
118.50149536132812
127.16434478759766
135.2837677001953
136.99464416503906
2955.510986328125
3024.14111328125
3210.869873046875
3467.005126953125
3762.481201171875
4090.871337890625
4417.2666015625
4760.7451171875
4761.4423828125
4661.93896484375
4559.880859375
4451.17138671875
4331.49072265625
4201.9189453125
4066.244873046875
3928.793212890625
3791.965576171875
3656.0517578125
3521.718505859375
3392.207275390625
3269.904296875
3147.210205078125
3022.10791015625
2898.5009765625
2785.33544921875
2668.614990234375
2548.627197265625
2421.1943359375
2290.9951171875
2163.319580078125
2035.775634765625
1911.56396484375
1795.0880126953125
1691.6751708984375
1594.8975830078125
1502.8397216796875
1408.6568603515625
1311.778076171875
1211.9344482421875
1109.76611328125
1005.9359130859375
900.3452758789062
832.5924682617188
775.216552734375
721.54345703125
678.7611694335938
650.48779296875
626.8348388671875
605.82470703125
586.6394653320312
569.0114135742188
552.6180419921875
537.0548706054688
522.0858764648438
