2069.0185546875
2035.6043701171875
1994.7125244140625
2037.199462890625
2086.1142578125
2143.589111328125
2169.704833984375
2184.55810546875
2201.30029296875
2225.98388671875
2242.66943359375
2256.992431640625
2270.08984375
2278.29248046875
2287.2529296875
2297.66796875
2313.645263671875
2343.88671875
2383.21630859375
2438.96044921875
2516.2734375
2610.578125
2711.313720703125
2819.788818359375
2939.487548828125
3071.346923828125
3215.83984375
3373.210205078125
3543.974853515625
3727.9287109375
3925.505615234375
4134.02880859375
155.77783203125
134.35215759277344
131.76776123046875
131.9695281982422
132.9993438720703
134.3625030517578
3462.040771484375
3870.06103515625
4052.27001953125
4198.68701171875
4378.33056640625
4601.37939453125
4849.97705078125
5107.27587890625
5370.2783203125
5658.56884765625
5963.23486328125
6293.62744140625
6600.6396484375
6889.1611328125
7159.02099609375
7398.6669921875
7598.47705078125
7768.26611328125
7918.40625
8047.17041015625
8156.95166015625
8256.599609375
8356.705078125
8458.263671875
8551.5400390625
8621.2080078125
8672.28515625
8712.5712890625
8747.73828125
8772.1220703125
8788.185546875
8575.470703125
8179.79833984375
7851.27197265625
7555.97998046875
7282.40576171875
7024.53173828125
6779.2392578125
6528.07470703125
6295.88623046875
6078.09521484375
5858.36474609375
5641.2236328125
5429.1123046875
5220.44482421875
5018.25
4811.96533203125
4601.46142578125
4402.70068359375
4226.72705078125
4072.402099609375
3928.127685546875
3784.285400390625
3644.745849609375
