2067.141357421875
2035.0230712890625
2009.1220703125
1990.8572998046875
2037.3065185546875
2083.330810546875
2136.216552734375
2175.23095703125
2246.0517578125
2315.47412109375
2378.13916015625
2441.388916015625
2497.89208984375
2551.485595703125
2598.495361328125
2653.2021484375
2724.59521484375
2829.84375
2966.003662109375
3122.617919921875
3293.001953125
3471.503662109375
3653.130859375
3836.486083984375
4019.24267578125
4200.69775390625
4383.4267578125
4560.46337890625
4732.4638671875
4891.67724609375
5038.91552734375
5171.1552734375
5311.986328125
192.97930908203125
168.1406707763672
159.09642028808594
153.9303741455078
149.864990234375
145.75669860839844
3386.269287109375
3609.150146484375
3805.27978515625
3990.02294921875
4167.12158203125
4343.119140625
4523.423828125
4907.7998046875
5341.1591796875
5804.5673828125
6319.85009765625
6919.08154296875
7613.38671875
8324.2236328125
8782.841796875
9001.974609375
9065.6015625
9092.2333984375
9105.3251953125
9115.8173828125
9128.0078125
8326.4658203125
7687.630859375
7174.17529296875
6736.62548828125
6346.63818359375
5987.8544921875
5665.837890625
5376.22509765625
5119.84228515625
4902.9287109375
4703.97998046875
4518.115234375
4347.0927734375
4213.19873046875
4095.318603515625
3987.968505859375
3885.379150390625
3781.02001953125
3668.56396484375
3548.884765625
3424.39208984375
3293.739990234375
3153.523193359375
3027.54931640625
2909.39111328125
2809.92431640625
2717.709228515625
2631.2236328125
2552.775146484375
2492.762939453125
2435.35302734375
2383.76171875
2338.13427734375
2294.49072265625
2250.0576171875
2207.237060546875
2166.253662109375
2126.61767578125
2089.224365234375
