2053.4560546875
2023.0584716796875
1989.1295166015625
2063.828125
2168.19580078125
2133.2333984375
2082.00439453125
2060.9931640625
2062.7919921875
2100.341552734375
2149.327880859375
2174.45703125
2200.123291015625
2234.007568359375
2263.368896484375
2295.87158203125
2331.694091796875
2372.1650390625
2415.8125
2468.80126953125
2547.6416015625
2659.48828125
2800.48779296875
2965.037353515625
3150.474609375
3353.109375
3570.36474609375
3800.646240234375
4041.5947265625
4291.28271484375
4549.36962890625
4812.07275390625
5084.04052734375
5370.55224609375
149.9038848876953
140.49989318847656
156.08255004882812
174.61903381347656
191.6016082763672
206.3331756591797
6067.46044921875
7058.09765625
7608.1064453125
7950.05517578125
8133.8212890625
8314.265625
8538.0576171875
8815.4365234375
9155.08984375
9531.37109375
9924.185546875
10360.7138671875
10815.6875
11282.7470703125
11768.142578125
12276.6318359375
12563.75
12586.115234375
12640.001953125
12699.6826171875
12751.677734375
12788.73046875
12807.2890625
12807.6083984375
12791.1875
12760.5849609375
12717.7333984375
12662.23046875
12593.6982421875
12512.173828125
12418.6630859375
12313.126953125
12196.568359375
12069.1083984375
11930.1748046875
11780.8505859375
11622.5546875
11458.1201171875
11287.9892578125
11112.697265625
10933.564453125
10752.0556640625
10567.7607421875
10377.9677734375
10182.564453125
9995.4736328125
9810.96875
9627.814453125
9445.634765625
9265.416015625
9094.02734375
8925.3447265625
8759.4404296875
8595.75
