2067.2744140625
2029.8287353515625
1995.8558349609375
1997.130615234375
2173.35595703125
2202.199462890625
2186.727783203125
2262.791259765625
2337.998779296875
2381.3974609375
2404.77099609375
2419.940673828125
2435.15380859375
2445.66650390625
2463.839111328125
2512.66455078125
2602.755126953125
2738.204833984375
2908.3515625
3102.221435546875
3313.61376953125
3538.110107421875
3771.27783203125
4007.94677734375
4244.44677734375
4482.796875
4722.8564453125
4967.02978515625
5218.29345703125
5476.1533203125
5740.14892578125
6034.8662109375
6404.9208984375
6735.38623046875
265.7978820800781
270.3844909667969
288.7798767089844
305.5975036621094
319.6766662597656
331.3309020996094
6673.78369140625
6967.3583984375
7257.97607421875
7635.77392578125
8038.4345703125
8403.5703125
8758.2919921875
9156.8125
9582.216796875
10056.888671875
10255.7802734375
9797.21484375
9472.171875
9179.990234375
8909.9658203125
8649.12109375
8392.0693359375
8138.2509765625
7887.814453125
7639.69384765625
7393.4248046875
7149.3681640625
6907.1552734375
6668.30126953125
6433.72509765625
6203.9677734375
5979.48388671875
5760.771484375
5548.11279296875
5341.6064453125
5141.81103515625
4949.28466796875
4764.4208984375
4587.05126953125
4416.8544921875
4253.66943359375
4097.11669921875
3946.813232421875
3802.346923828125
3663.4482421875
3529.977783203125
3401.676513671875
3278.386962890625
3159.8603515625
3045.662841796875
2935.475341796875
2829.180908203125
2726.740234375
2628.2470703125
2533.499267578125
2442.17333984375
2353.719970703125
2268.240966796875
2185.683837890625
