2072.833984375
2037.1485595703125
1999.219970703125
2051.593994140625
2072.437255859375
2063.4765625
2060.849853515625
2052.029052734375
2047.608154296875
2052.93359375
2065.646240234375
2083.224609375
2106.501220703125
2120.277099609375
2128.49072265625
2137.2587890625
2148.975341796875
2161.294677734375
2174.577880859375
2192.999755859375
2215.2646484375
2243.718994140625
2276.419677734375
2312.279296875
2352.73095703125
2398.276123046875
2451.07568359375
2512.25244140625
2582.578857421875
2661.909912109375
2749.625244140625
2845.042236328125
120.95147705078125
122.9696044921875
123.73017120361328
124.1107177734375
124.16414642333984
124.22230529785156
1861.0325927734375
2336.71826171875
2643.78369140625
2884.545166015625
3092.718505859375
3294.309814453125
3500.6494140625
3715.951416015625
3944.8701171875
4193.84619140625
4464.5869140625
4748.0673828125
5050.36181640625
5350.9326171875
5647.21923828125
5947.4296875
5862.45263671875
5784.99658203125
5726.42138671875
5661.51171875
5587.02783203125
5503.033203125
5411.88427734375
5316.30322265625
5216.2880859375
5110.7412109375
5002.06396484375
4891.88134765625
4790.54443359375
4690.16162109375
4587.14453125
4481.654296875
4374.26904296875
4265.8212890625
4157.6689453125
4051.626220703125
3947.3642578125
3844.232421875
3742.12353515625
3641.267578125
3540.984130859375
3439.590576171875
3339.640625
3241.238525390625
3144.278564453125
3047.40576171875
2949.8447265625
2853.13427734375
2805.3427734375
2757.894775390625
2664.9189453125
2583.592529296875
2511.3330078125
2446.325927734375
2386.574951171875
