2056.316162109375
2014.052978515625
2056.802734375
2076.678466796875
2053.002197265625
2037.9967041015625
2028.12939453125
2022.380126953125
2029.4014892578125
2029.4686279296875
2033.003662109375
2037.2030029296875
2035.548583984375
2046.3604736328125
2052.741455078125
2063.938720703125
2086.10107421875
2106.96630859375
2122.89501953125
2138.552734375
2161.622802734375
2186.054931640625
2211.095458984375
2237.677490234375
2271.259521484375
2312.775146484375
2362.04345703125
2416.5439453125
2476.81201171875
2544.8828125
2622.022705078125
2706.5908203125
121.05902862548828
121.37127685546875
121.68670654296875
121.99110412597656
122.28874206542969
122.58064270019531
1978.666015625
2330.2119140625
2540.775390625
2726.75341796875
2906.87890625
3090.239501953125
3275.98388671875
3460.30029296875
3639.71875
3813.830078125
3985.646484375
4156.28662109375
4324.9453125
4489.9638671875
4644.53564453125
4798.59521484375
4946.45751953125
5083.64306640625
5039.88330078125
4943.12744140625
4849.84765625
4757.4462890625
4661.642578125
4561.7294921875
4458.19287109375
4351.97119140625
4245.22607421875
4137.4091796875
4026.44921875
3913.212158203125
3800.380859375
3687.98974609375
3571.436279296875
3451.620849609375
3328.694580078125
3203.379150390625
3077.275634765625
2951.565185546875
2828.0556640625
2705.7822265625
2584.268798828125
2464.198486328125
2343.732177734375
2224.231689453125
2107.528564453125
1993.125
1882.8604736328125
1763.11669921875
1702.0589599609375
1638.5479736328125
1501.392333984375
1356.8536376953125
1241.5126953125
1164.7401123046875
1090.804443359375
