1854.750244140625
1414.987060546875
1101.51220703125
917.275390625
886.4852905273438
862.781982421875
837.1527709960938
813.4443359375
791.8677978515625
771.633056640625
752.2030639648438
733.22265625
719.7068481445312
707.402587890625
696.4276733398438
686.0403442382812
674.325439453125
661.4439086914062
647.7749633789062
633.5923461914062
619.1224365234375
604.5441284179688
589.9760131835938
575.3441162109375
560.4686889648438
545.4258422851562
533.6248168945312
522.5729370117188
509.39154052734375
497.5981750488281
484.8877868652344
471.2992248535156
124.49819946289062
126.92213439941406
127.57356262207031
127.8630599975586
128.1220245361328
128.3525848388672
532.8746948242188
414.0687255859375
429.5127868652344
456.0654602050781
452.9477844238281
434.7605895996094
414.0774841308594
394.63037109375
379.5287780761719
369.40704345703125
363.80535888671875
361.6760559082031
360.1708679199219
358.4597473144531
355.92840576171875
353.82977294921875
354.1546630859375
358.2753601074219
362.08782958984375
365.0393371582031
367.5533447265625
370.22265625
374.6781311035156
381.3897399902344
389.54302978515625
399.800537109375
411.9667663574219
424.787353515625
438.4980773925781
453.9342346191406
472.5893249511719
494.392822265625
516.895751953125
540.1275634765625
563.7700805664062
586.8377685546875
608.269287109375
628.2565307617188
646.8992919921875
664.167236328125
679.917236328125
694.04296875
706.6611938476562
717.7100219726562
727.5048828125
736.6033935546875
744.6111450195312
751.5972900390625
754.984375
757.9628295898438
763.1621704101562
767.7883911132812
771.67431640625
774.6522827148438
776.7130126953125
