2008.308837890625
2759.005126953125
2998.9013671875
2709.647705078125
2644.900390625
2597.142333984375
2543.826416015625
2467.248779296875
2418.814208984375
2395.581787109375
2392.5029296875
2401.651123046875
2414.8017578125
2429.107666015625
2447.942626953125
2472.28271484375
2454.512939453125
2423.606201171875
2402.150146484375
2391.711181640625
2397.896728515625
2420.580810546875
2455.101806640625
2497.385009765625
2545.556396484375
2597.720703125
2650.407958984375
2701.453125
2749.959228515625
2795.003173828125
2835.57080078125
2870.994384765625
121.19933319091797
96.5152359008789
97.67930603027344
96.51182556152344
97.42308044433594
98.21427154541016
2949.212890625
3203.1201171875
3029.673095703125
2947.790771484375
2925.968505859375
2925.006591796875
2941.71630859375
2959.52685546875
2976.708740234375
2987.8056640625
2997.07861328125
2997.18505859375
2994.532470703125
2992.8486328125
2984.85595703125
2968.771728515625
2947.86376953125
2905.889892578125
2853.0966796875
2789.016357421875
2721.167724609375
2649.4287109375
2571.531494140625
2530.80126953125
2487.6455078125
2394.4345703125
2300.267578125
2205.72607421875
2148.008544921875
2112.6318359375
2027.17138671875
1948.0220947265625
1874.364013671875
1806.5306396484375
1744.310791015625
1685.54833984375
1630.563720703125
1579.22705078125
1531.056640625
1485.816650390625
1444.5274658203125
1407.9368896484375
1373.829833984375
1340.5289306640625
1308.117431640625
1276.7691650390625
1245.0118408203125
1214.282470703125
1181.3143310546875
1146.2926025390625
1108.7708740234375
1069.4559326171875
1028.91552734375
987.9227905273438
947.0346069335938
906.1378784179688
868.2826538085938
