2049.54931640625
2010.0794677734375
2064.169921875
2134.28271484375
2143.21533203125
2135.06884765625
2165.972412109375
2184.1240234375
2193.799560546875
2210.49462890625
2236.5361328125
2261.466552734375
2285.048095703125
2308.4404296875
2336.482666015625
2367.98681640625
2404.035888671875
2444.33349609375
2491.70263671875
2551.10986328125
2623.468505859375
2708.36376953125
2804.625
2911.01220703125
3026.72412109375
3152.006591796875
3285.51708984375
3427.171630859375
3576.427490234375
3733.122802734375
3896.706787109375
4066.468017578125
117.33888244628906
121.13237762451172
122.79359436035156
123.67755889892578
124.19715881347656
124.5247802734375
3229.2529296875
4441.71337890625
4922.2080078125
5160.59375
5317.6103515625
5449.482421875
5579.44580078125
5717.7529296875
5866.41650390625
6026.15380859375
6198.48681640625
6382.73486328125
6578.36962890625
6784.92822265625
7019.43798828125
7292.31591796875
7579.181640625
7872.0703125
8193.369140625
8564.1435546875
8943.9267578125
9343.93359375
9439.44921875
9503.1318359375
9575.4384765625
9644.4794921875
9707.2607421875
9762.4921875
9807.802734375
9841.6259765625
9862.5126953125
9870.998046875
9868.591796875
9853.8828125
9826.31640625
9786.4091796875
9734.8046875
9671.873046875
9600.505859375
9522.130859375
9437.3740234375
9345.72265625
9248.6103515625
9146.3486328125
9039.4599609375
8928.23046875
8813.189453125
8694.7109375
8573.2333984375
8449.111328125
8322.6689453125
8193.9208984375
8063.80712890625
7932.78515625
