2071.269287109375
2039.4603271484375
2004.801513671875
2019.3150634765625
2054.888916015625
2056.79541015625
2096.2119140625
2112.225830078125
2135.583984375
2145.452880859375
2158.615478515625
2187.412109375
2220.732421875
2251.002197265625
2285.389892578125
2322.3818359375
2356.75634765625
2390.771484375
2425.99365234375
2466.177734375
2519.566162109375
2593.0634765625
2684.940185546875
2792.084716796875
2910.789306640625
3039.136474609375
3178.167724609375
3326.71435546875
3482.733642578125
3646.814453125
3818.329345703125
3997.80322265625
137.5290069580078
124.77520751953125
124.88873291015625
125.13162994384766
126.14181518554688
128.49221801757812
3293.693359375
3858.77685546875
4166.75634765625
4368.4599609375
4539.6953125
4716.96826171875
4912.9619140625
5129.423828125
5364.28564453125
5616.01904296875
5883.4599609375
6167.83203125
6477.85107421875
6834.4365234375
7185.38037109375
7528.35302734375
7865.66748046875
8185.89111328125
8476.705078125
8742.98046875
8986.1484375
9206.94140625
9405.5205078125
9583.58203125
9740.1865234375
9875.1953125
9991.50390625
10093.484375
10113.84765625
9729.890625
9391.654296875
9076.4609375
8775.2275390625
8483.552734375
8198.7490234375
7918.7490234375
7642.85009765625
7371.12353515625
7103.4111328125
6840.57373046875
6584.0595703125
6335.85302734375
6093.61328125
5853.67724609375
5616.8623046875
5382.3984375
5149.20703125
4941.9072265625
4756.42626953125
4583.3779296875
4418.90283203125
4260.5439453125
4107.869140625
3960.74267578125
