2083.3330078125
2063.87939453125
2035.5694580078125
2016.877197265625
2004.2208251953125
2006.72216796875
2021.3929443359375
2034.7047119140625
2046.3145751953125
2049.37060546875
2060.533447265625
2070.777099609375
2087.71044921875
2105.931640625
2121.831787109375
2147.86572265625
2174.227783203125
2199.726318359375
2238.979248046875
2288.7841796875
2355.466796875
2436.82177734375
2532.211181640625
2642.687255859375
2766.703125
2902.565673828125
3048.935546875
3205.81103515625
3371.389404296875
3545.30810546875
3724.859130859375
3913.7060546875
155.71258544921875
159.44302368164062
167.9091339111328
174.9921875
180.04116821289062
183.59902954101562
3947.90234375
4391.16943359375
4700.5771484375
4935.56689453125
5134.25537109375
5324.0693359375
5518.921875
5726.3193359375
5950.32861328125
6197.45068359375
6468.82080078125
6771.55908203125
7122.52880859375
7516.54150390625
7897.4423828125
8297.818359375
8712.525390625
9114.7294921875
9538.9267578125
9961.8349609375
10387.0478515625
10807.2314453125
11220.8349609375
11629.505859375
12035.189453125
12444.0498046875
12857.2421875
13273.302734375
13690.099609375
14104.3916015625
14516.0302734375
14927.36328125
15338.490234375
15747.8974609375
16154.111328125
16556.337890625
16952.67578125
17337.42578125
17710.53125
18064.1953125
18398.44921875
18722.7421875
19012.4296875
19284.751953125
19508.685546875
19699.4765625
19866.080078125
20013.798828125
20131.36328125
20205.02734375
20253.779296875
20277.0703125
20275.447265625
20049.28515625
