2049.550048828125
2010.955078125
1513.974853515625
1390.6514892578125
1331.37744140625
1281.9521484375
1239.421142578125
1200.10693359375
1171.018798828125
1148.4476318359375
1119.6346435546875
1088.5286865234375
1059.7545166015625
1039.0838623046875
1021.0072021484375
1008.8652954101562
995.1153564453125
982.2836303710938
971.7118530273438
960.0177001953125
947.1565551757812
933.5877685546875
919.6736450195312
905.4663696289062
891.5039672851562
878.2195434570312
868.2442626953125
861.7626342773438
854.2188110351562
846.1240844726562
837.6221923828125
829.5340576171875
119.69719696044922
120.03022766113281
120.41610717773438
120.73565673828125
121.12434387207031
121.52224731445312
899.841064453125
796.1973266601562
812.3451538085938
818.8614501953125
814.94873046875
803.5828247070312
789.888916015625
785.78271484375
787.9911499023438
787.8347778320312
787.5023803710938
793.3689575195312
804.2059326171875
818.8194580078125
837.6220703125
861.8666381835938
886.6011962890625
910.2116088867188
932.5309448242188
955.5789794921875
980.9848022460938
1007.5020141601562
1033.88427734375
1058.9903564453125
1083.14404296875
1106.67919921875
1129.736083984375
1152.1258544921875
1173.794677734375
1194.608642578125
1214.1878662109375
1232.0306396484375
1247.6365966796875
1260.549072265625
1270.6236572265625
1277.904052734375
1282.8602294921875
1286.07177734375
1288.4381103515625
1289.5185546875
1289.0443115234375
1287.12158203125
1283.9293212890625
1279.574462890625
1274.15234375
1267.7655029296875
1260.9779052734375
1253.390625
1245.0081787109375
1235.981689453125
1226.35498046875
1216.0458984375
1205.056640625
1193.5003662109375
