2085.0712890625
2060.107421875
2029.8314208984375
2004.6610107421875
1999.44921875
2042.9439697265625
2051.63671875
2058.526611328125
2092.933837890625
2112.917236328125
2129.977294921875
2141.46826171875
2166.27978515625
2199.133544921875
2235.145751953125
2272.373779296875
2312.451416015625
2353.545654296875
2403.120849609375
2474.66162109375
2577.12548828125
2696.293701171875
2827.0849609375
2965.14990234375
3109.223388671875
3256.39013671875
3405.05029296875
3553.047607421875
3699.328369140625
3841.844482421875
3982.8017578125
4123.15087890625
162.63307189941406
150.7146759033203
146.52462768554688
144.81646728515625
143.36502075195312
141.59988403320312
3413.572998046875
3642.99072265625
3729.103759765625
3891.03076171875
4055.983154296875
4237.97021484375
4435.75732421875
4645.1376953125
4865.73486328125
5103.3310546875
5369.53759765625
5656.2373046875
5960.94091796875
6280.1796875
6599.18408203125
6900.9091796875
7195.724609375
7445.0439453125
7636.18359375
7786.27490234375
7856.07080078125
7923.78515625
8053.66259765625
8178.001953125
8262.66015625
8271.849609375
8207.5126953125
8096.32470703125
8044.35986328125
7996.822265625
7916.236328125
7897.4892578125
7798.75439453125
7419.9677734375
7071.55322265625
6753.068359375
6464.0869140625
6182.388671875
5892.8701171875
5603.5419921875
5365.873046875
5142.77734375
4929.4892578125
4723.4716796875
4521.03955078125
4315.76025390625
4103.6328125
3885.49365234375
3673.643798828125
3493.481689453125
3305.9248046875
3116.02392578125
2923.379638671875
2767.98828125
2659.929443359375
2559.08642578125
2482.994140625
