0.03710686415433884
0.03846573084592819
0.0417545847594738
0.04466694965958595
0.047106679528951645
0.049277130514383316
0.05044509470462799
0.051238495856523514
0.05154106765985489
0.05170229449868202
0.051829688251018524
0.05195741727948189
0.05210450291633606
0.052310142666101456
0.05263671651482582
0.05290801823139191
0.05317022651433945
0.053457826375961304
0.053771957755088806
0.05407985672354698
0.054369885474443436
0.054654136300086975
0.05495705083012581
0.055323339998722076
0.05574239790439606
0.056226104497909546
0.05677710473537445
0.057390403002500534
0.05805310979485512
0.058754198253154755
0.05949580296874046
0.06027263030409813
0.003484749235212803
0.0033609892707318068
0.0033261734060943127
0.0033000933472067118
0.0032773741986602545
0.0032557272352278233
0.05678635835647583
0.05855126306414604
0.05965450406074524
0.06067607179284096
0.06170421838760376
0.06279195845127106
0.06394515186548233
0.06518694758415222
0.06646975874900818
0.06778428703546524
0.0691259503364563
0.07050731033086777
0.07194428145885468
0.07345197349786758
0.07499168813228607
0.07650509476661682
0.0779767856001854
0.07917605340480804
0.08028984814882278
0.08140905201435089
0.08257678896188736
0.08376006036996841
0.08497199416160583
0.08620603382587433
0.08743462711572647
0.0886756107211113
0.08994362503290176
0.09126478433609009
0.09238431602716446
0.09339425712823868
0.09431040287017822
0.09515980631113052
0.09604109823703766
0.09711654484272003
0.09813956916332245
0.09904079139232635
0.09983807057142258
0.1005711555480957
0.10121490061283112
0.101832814514637
0.10247571766376495
0.10309625416994095
0.10378398001194
0.10473483055830002
0.10580000281333923
0.1069217249751091
0.10789499431848526
0.10854719579219818
0.10912875831127167
0.10981106758117676
0.11053884029388428
0.11137031763792038
0.1123289242386818
0.11306525021791458
