2085.01953125
2064.37109375
2035.020263671875
2007.7188720703125
1992.940673828125
2019.5897216796875
2054.01416015625
2050.80712890625
2044.950927734375
2064.89990234375
2083.24853515625
2116.106201171875
2140.41650390625
2157.94384765625
2171.186767578125
2182.386474609375
2191.65283203125
2200.8486328125
2212.4716796875
2226.662841796875
2241.16943359375
2253.78955078125
2267.016845703125
2292.734375
2329.85595703125
2373.944091796875
2422.13134765625
2476.70068359375
2540.9296875
2613.420654296875
2696.135009765625
2793.283935546875
121.89041900634766
123.70903015136719
124.76213836669922
125.41736602783203
125.85528564453125
126.16710662841797
1961.19970703125
2535.222900390625
2846.731689453125
3058.801513671875
3237.47900390625
3413.658935546875
3596.664794921875
3786.93994140625
3982.851806640625
4179.46142578125
4371.9375
4557.61083984375
4736.39990234375
4911.08056640625
5083.97265625
5258.23046875
5435.20947265625
5617.9375
5811.03173828125
6007.298828125
6190.8544921875
6362.53369140625
6534.236328125
6714.37939453125
6922.13037109375
7125.2431640625
7299.1474609375
7443.81494140625
7567.2236328125
7675.685546875
7774.8505859375
7864.91357421875
7931.6435546875
7984.15234375
8036.22119140625
8099.58251953125
8154.14599609375
8203.7177734375
8247.642578125
8272.7138671875
8289.2763671875
8297.958984375
8302.4736328125
8330.48046875
8365.0078125
8142.9423828125
7830.921875
7541.64013671875
7267.8017578125
6999.5380859375
6740.4990234375
6485.0224609375
6220.92822265625
5969.3857421875
