2085.0751953125
2069.333740234375
2040.641357421875
2017.887451171875
2008.922119140625
2006.959716796875
2009.419189453125
2046.5469970703125
2047.334716796875
2040.6912841796875
2035.5576171875
2032.181884765625
2049.429443359375
2079.16064453125
2118.288330078125
2146.533935546875
2171.7294921875
2194.06201171875
2212.63720703125
2229.46484375
2245.209228515625
2260.59521484375
2281.582275390625
2318.898681640625
2374.622802734375
2443.8916015625
2519.3837890625
2600.182373046875
2686.80126953125
2780.407958984375
2884.98486328125
3004.102294921875
123.09040832519531
124.09597778320312
124.83641052246094
125.30745697021484
125.64450073242188
125.90402221679688
2334.883544921875
2719.843017578125
2951.549560546875
3148.11572265625
3341.507568359375
3545.3037109375
3763.843017578125
3997.50830078125
4242.8271484375
4493.2158203125
4745.54833984375
4996.4482421875
5243.41455078125
5484.4755859375
5722.63232421875
5966.55859375
6214.42138671875
6454.83740234375
6674.57421875
6884.87548828125
7078.8017578125
7261.86669921875
7450.50341796875
7630.9970703125
7796.50830078125
7955.92138671875
8103.2060546875
8219.666015625
8317.744140625
8396.1650390625
8458.65625
8509.7314453125
8548.16015625
8574.7529296875
8597.7939453125
8609.1533203125
8615.787109375
8625.1181640625
8638.8662109375
8642.7412109375
8636.890625
8624.599609375
8595.314453125
8559.869140625
8522.9404296875
8483.7998046875
8462.15625
8456.6220703125
8455.33984375
8446.591796875
8417.3046875
8377.490234375
8330.9306640625
8170.185546875
