0.17602606117725372
0.20237281918525696
0.20517143607139587
0.20606061816215515
0.20684878528118134
0.2080354541540146
0.20881378650665283
0.2093486487865448
0.20986898243427277
0.21038594841957092
0.2109583020210266
0.21143674850463867
0.21185745298862457
0.21249951422214508
0.2130003422498703
0.21379312872886658
0.2147863656282425
0.21566124260425568
0.21658547222614288
0.21750086545944214
0.2184371054172516
0.21949049830436707
0.2207079380750656
0.2222691774368286
0.2242036610841751
0.22653013467788696
0.2294224053621292
0.23274579644203186
0.23643529415130615
0.24030131101608276
0.24443747103214264
0.24891431629657745
0.25373268127441406
0.014285188168287277
0.014514085836708546
0.014534149318933487
0.014448911882936954
0.014341512694954872
0.014200114645063877
0.01407050434499979
0.23383234441280365
0.23711006343364716
0.23997434973716736
0.2459089308977127
0.253235787153244
0.2618938386440277
0.2715335488319397
0.2875031530857086
0.30870726704597473
0.3313769996166229
0.35580962896347046
0.3714465796947479
0.3639865815639496
0.3560660183429718
0.3483199179172516
0.340603768825531
0.33286193013191223
0.32517385482788086
0.31751203536987305
0.30985984206199646
0.30212563276290894
0.2936893105506897
0.2854478061199188
0.2772928774356842
0.2692217528820038
0.26151353120803833
0.25422295928001404
0.2472437024116516
0.240386500954628
0.2336786538362503
0.22728918492794037
0.22110259532928467
0.21493637561798096
0.20853574573993683
0.2019680142402649
0.1959088146686554
0.18991784751415253
0.18479888141155243
0.18020159006118774
0.19712163507938385
0.24398604035377502
0.30228307843208313
0.3634014427661896
0.41937461495399475
0.4740111529827118
0.5256754159927368
4.580774307250977
5.490564346313477
6.806209564208984
10.453646659851074
12.834691047668457
14.476516723632812
15.77831745147705
16.9237003326416
18.08130645751953
