0.041607387363910675
0.04576155170798302
0.051816463470458984
0.05521416291594505
0.05600101873278618
0.05622706562280655
0.05641081929206848
0.056717872619628906
0.057142145931720734
0.057410676032304764
0.05768823251128197
0.05787409842014313
0.05799948424100876
0.05810794606804848
0.05820610001683235
0.05829267203807831
0.05837610363960266
0.05845792964100838
0.058567557483911514
0.05869251489639282
0.05880692973732948
0.058906957507133484
0.05901836231350899
0.059147316962480545
0.05927765741944313
0.059436552226543427
0.05959179252386093
0.05974842235445976
0.05992761626839638
0.06014270707964897
0.06043599545955658
0.06080950051546097
0.0028567323461174965
0.002818129025399685
0.0028100437484681606
0.002805661642923951
0.0028026241343468428
0.0027905285824090242
0.051295340061187744
0.057220540940761566
0.05952215939760208
0.0612146221101284
0.06267334520816803
0.06390178948640823
0.06498527526855469
0.06598351150751114
0.0669601708650589
0.06796186417341232
0.06900496035814285
0.07008317857980728
0.07118500769138336
0.07230716943740845
0.07344735413789749
0.07460149377584457
0.07576937973499298
0.07695399969816208
0.07815887778997421
0.0793723315000534
0.08060961216688156
0.08188619464635849
0.08320537209510803
0.08457628637552261
0.0860452875494957
0.0875798836350441
0.08921004086732864
0.09089982509613037
0.09236928075551987
0.09359735995531082
0.0947810560464859
0.09600133448839188
0.0972752496600151
0.09855670481920242
0.09984514117240906
0.1017003282904625
0.10388251394033432
0.10577168315649033
0.10761122405529022
0.10943318903446198
0.11134686321020126
0.11334682255983353
0.1153237447142601
0.1173151507973671
0.11928731948137283
0.12123270332813263
0.12313298135995865
0.12496509402990341
0.12667272984981537
0.12834733724594116
0.1301843225955963
0.12790977954864502
0.12461911886930466
0.12169232964515686
