0.1124865710735321
0.12203763425350189
0.13652563095092773
0.1483919620513916
0.15106484293937683
0.15188667178153992
0.1523032933473587
0.1528911143541336
0.1536090075969696
0.15419603884220123
0.1546020805835724
0.1550009548664093
0.15586286783218384
0.15671467781066895
0.15757149457931519
0.15828441083431244
0.15885500609874725
0.15945769846439362
0.1601179987192154
0.16082079708576202
0.1615508645772934
0.1624024659395218
0.16332276165485382
0.16428688168525696
0.165349081158638
0.16659140586853027
0.16820161044597626
0.17025645077228546
0.17270706593990326
0.17539267241954803
0.17821700870990753
0.1811915934085846
0.009039551019668579
0.008201107382774353
0.007947128266096115
0.007931471802294254
0.007868307642638683
0.00783730298280716
0.15731987357139587
0.17368967831134796
0.18148541450500488
0.18662075698375702
0.19152703881263733
0.19685688614845276
0.20284773409366608
0.2125718742609024
0.224199116230011
0.23661036789417267
0.249714195728302
0.26273617148399353
0.27460435032844543
0.2691992223262787
0.26400911808013916
0.258910596370697
0.25371241569519043
0.24851487576961517
0.24325954914093018
0.23796924948692322
0.23260629177093506
0.2272207885980606
0.22173963487148285
0.21604768931865692
0.21044296026229858
0.20494791865348816
0.19954541325569153
0.19421444833278656
0.18896879255771637
0.18389973044395447
0.17904578149318695
0.17436203360557556
0.1698114275932312
0.16536910831928253
0.16101126372814178
0.1567160189151764
0.15243437886238098
0.148147314786911
0.1439349204301834
0.13983111083507538
0.13584864139556885
0.13198024034500122
0.12822912633419037
0.12457267194986343
0.12098246067762375
0.11747729778289795
0.11434079706668854
0.11145905405282974
0.10873404145240784
0.10613586008548737
0.10365277528762817
0.10128150135278702
0.09903007745742798
0.09685468673706055
