2017.1533203125
2850.91064453125
3206.397705078125
2603.738037109375
2464.060791015625
2419.520263671875
2362.715087890625
2299.36181640625
2244.811279296875
2208.415283203125
2189.3115234375
2185.2822265625
2192.958740234375
2206.36474609375
2219.189453125
2227.644775390625
2231.676513671875
2235.892333984375
2240.78369140625
2243.35205078125
2245.4931640625
2251.221435546875
2258.98046875
2267.440185546875
2275.184814453125
2252.479248046875
2235.191162109375
2230.028076171875
2233.25341796875
2244.935546875
2264.498291015625
2288.599365234375
99.91783905029297
86.28950500488281
86.90548706054688
86.92508697509766
87.4500961303711
88.08397674560547
1437.1151123046875
2247.262939453125
2487.851806640625
2489.75927734375
2531.216064453125
2574.76611328125
2609.777587890625
2641.711669921875
2675.280517578125
2712.05859375
2751.81591796875
2793.007568359375
2833.87255859375
2872.95703125
2909.79248046875
2943.740234375
2974.53955078125
3008.40673828125
3036.965087890625
3060.08056640625
3079.249755859375
3094.8056640625
3109.930908203125
3124.080322265625
3138.215087890625
3152.07763671875
3159.460205078125
3160.9140625
3158.882080078125
3155.516845703125
3157.3427734375
3146.619140625
3126.919189453125
3098.50537109375
3063.7021484375
3024.52294921875
2982.90380859375
2938.373291015625
2890.41845703125
2839.10009765625
2784.567138671875
2728.41455078125
2671.6943359375
2614.546875
2556.83642578125
2498.479736328125
2439.836669921875
2381.084228515625
2322.81884765625
2265.24609375
2208.5
2152.401611328125
2096.991455078125
2042.225830078125
