2060.70751953125
2021.3475341796875
2025.9344482421875
2092.813232421875
2065.85302734375
2049.5537109375
2038.321533203125
2030.933837890625
2025.8946533203125
2033.2423095703125
2041.7899169921875
2050.60693359375
2055.84375
2060.197998046875
2062.074462890625
2058.498291015625
2067.3203125
2088.72900390625
2105.493896484375
2118.414306640625
2129.5068359375
2142.066162109375
2160.609375
2181.988037109375
2210.76123046875
2252.337158203125
2302.347412109375
2361.686279296875
2427.826416015625
2499.036376953125
2577.23779296875
2664.99853515625
121.17015838623047
121.47509002685547
121.75004577636719
121.99716186523438
122.22283935546875
122.43336486816406
2076.59423828125
2352.069580078125
2458.46484375
2638.64111328125
2827.316162109375
3022.124267578125
3216.361572265625
3402.83447265625
3575.724609375
3731.60205078125
3875.3798828125
4024.884033203125
4175.38818359375
4326.9384765625
4479.2529296875
4631.73681640625
4783.4033203125
4929.6474609375
4925.310546875
4820.11083984375
4720.97802734375
4624.97509765625
4529.0966796875
4430.04150390625
4328.62060546875
4222.6982421875
4110.1826171875
4000.454345703125
3897.81494140625
3799.584228515625
3700.529296875
3592.733154296875
3495.228515625
3389.69873046875
3276.4208984375
3161.6181640625
3050.6591796875
2939.18603515625
2825.508544921875
2698.28564453125
2559.535400390625
2426.869873046875
2290.71728515625
2139.4921875
1993.3548583984375
1850.5216064453125
1705.0386962890625
1558.6876220703125
1416.3018798828125
1281.0167236328125
1178.5001220703125
1099.97802734375
1025.66650390625
954.0232543945312
899.740478515625
