2076.681396484375
2045.1563720703125
2010.349365234375
1995.6650390625
2050.66259765625
2036.5582275390625
2056.5859375
2078.67578125
2082.8046875
2095.36474609375
2104.4580078125
2119.93310546875
2137.21533203125
2163.32861328125
2190.8017578125
2211.05615234375
2228.278076171875
2246.017822265625
2267.208740234375
2288.424560546875
2308.53515625
2332.289794921875
2362.465576171875
2399.52734375
2446.8408203125
2507.108154296875
2578.032470703125
2656.625732421875
2743.3359375
2840.066162109375
2948.10791015625
3062.71142578125
120.0275650024414
122.2301025390625
123.26189422607422
123.36406707763672
123.46136474609375
123.55327606201172
1940.2115478515625
2699.65234375
3043.16552734375
3260.0546875
3449.4755859375
3645.285888671875
3853.1884765625
4073.100830078125
4300.44970703125
4529.6435546875
4754.2216796875
4971.27880859375
5181.67333984375
5374.69384765625
5554.5341796875
5716.826171875
5865.755859375
6007.7158203125
6147.17529296875
6298.6689453125
6445.591796875
6600.25146484375
6759.90869140625
6931.1982421875
7113.1162109375
7275.53076171875
7426.203125
7554.04443359375
7658.00927734375
7743.0419921875
7821.59716796875
7892.7158203125
7953.8271484375
8006.09423828125
8055.5888671875
8112.01611328125
8162.2734375
8208.044921875
8254.7607421875
8300.021484375
8357.6650390625
8436.2314453125
8491.8271484375
8532.0390625
8551.578125
8564.45703125
8577.392578125
8605.8994140625
8640.94140625
8750.6220703125
8768.69921875
8341.7578125
8009.1240234375
7713.525390625
7438.3056640625
7174.58447265625
6920.5517578125
