2070.12890625
2038.5401611328125
1994.7894287109375
2108.33349609375
2164.54931640625
2195.197998046875
2176.5078125
2152.455810546875
2136.047607421875
2141.963134765625
2165.78271484375
2189.65966796875
2204.31640625
2209.123291015625
2210.1552734375
2213.32080078125
2218.55419921875
2232.33349609375
2249.506103515625
2265.444091796875
2281.2822265625
2301.108642578125
2324.18017578125
2355.83837890625
2405.3916015625
2474.369873046875
2557.448974609375
2652.913330078125
2760.3369140625
2880.4755859375
3013.467041015625
3159.10107421875
119.31843566894531
121.93499755859375
122.76496124267578
123.31818389892578
123.77755737304688
124.19165802001953
2486.703125
3185.890869140625
3478.30712890625
3645.35986328125
3735.441650390625
3839.628173828125
3977.144775390625
4146.568359375
4342.34130859375
4559.84375
4793.71923828125
5041.06005859375
5302.85302734375
5580.6005859375
5910.3232421875
6278.02001953125
6649.27099609375
7020.572265625
7392.90576171875
7801.36279296875
8201.5947265625
8599.8330078125
8970.03515625
8914.4599609375
8890.578125
8880.5712890625
8863.025390625
8832.4482421875
8789.416015625
8732.833984375
8663.759765625
8585.08984375
8480.6416015625
8364.9443359375
8236.9677734375
8098.72705078125
7951.42041015625
7795.89892578125
7633.75537109375
7465.77587890625
7290.6083984375
7108.3525390625
6921.56591796875
6732.8798828125
6544.22412109375
6357.89404296875
6173.7197265625
5991.07568359375
5808.9931640625
5627.31005859375
5447.41845703125
5269.669921875
5094.36279296875
4921.55810546875
4749.931640625
