2083.630859375
2051.416259765625
2017.927490234375
1994.6124267578125
2033.2757568359375
2037.8533935546875
2032.2542724609375
2055.503662109375
2078.17626953125
2092.583984375
2121.503173828125
2151.344970703125
2177.736572265625
2200.105712890625
2229.84521484375
2264.3125
2296.4970703125
2330.391357421875
2375.678466796875
2446.92333984375
2547.159912109375
2668.31103515625
2804.572021484375
2954.5478515625
3118.240966796875
3291.690185546875
3471.42578125
3659.70849609375
3855.18359375
4056.498779296875
4262.18603515625
4473.39453125
168.11874389648438
160.7442626953125
164.74560546875
168.7895965576172
171.57330322265625
173.0797119140625
4219.400390625
4374.72705078125
4428.6884765625
4530.8837890625
4684.8125
4891.0087890625
5142.76171875
5440.173828125
5768.67333984375
6122.76416015625
6493.2294921875
6904.279296875
7379.5390625
7835.1142578125
8255.65234375
8653.1904296875
9036.3994140625
9357.7451171875
9614.2470703125
9813.9326171875
9967.20703125
10090.9453125
10190.10546875
10245.6962890625
9813.2333984375
9362.7109375
8943.85546875
8542.90625
8346.8427734375
8154.48681640625
7782.82763671875
7428.3203125
7095.59375
6783.853515625
6490.2763671875
6207.912109375
5942.14892578125
5693.0615234375
5458.9326171875
5239.2421875
5031.00927734375
4834.70458984375
4647.07763671875
4468.20068359375
4293.8515625
4124.81884765625
3962.66455078125
3809.94921875
3665.6083984375
3527.64111328125
3396.78173828125
3275.838623046875
3167.445068359375
3066.374267578125
2969.723388671875
2875.766845703125
