2040.606201171875
1990.1578369140625
2576.6279296875
2762.0966796875
2624.55126953125
2460.429931640625
2344.724365234375
2276.406982421875
2248.1572265625
2253.89111328125
2274.967041015625
2292.0595703125
2308.890380859375
2320.824951171875
2335.891845703125
2362.00048828125
2420.638427734375
2521.075439453125
2660.085205078125
2834.334716796875
3041.72216796875
3280.697021484375
3548.468017578125
3843.509765625
4160.951171875
4511.50927734375
4867.6728515625
4943.033203125
5083.9912109375
5256.13916015625
5474.74169921875
5715.09619140625
258.9089660644531
186.64950561523438
184.46487426757812
206.07957458496094
232.02882385253906
255.7211151123047
8649.947265625
8579.279296875
8327.2666015625
8087.990234375
8027.10888671875
8053.03173828125
8118.576171875
8154.9658203125
8200.9072265625
8298.171875
8391.8359375
8474.4375
8543.7685546875
8596.9560546875
8631.2451171875
8646.8017578125
8643.783203125
8621.8115234375
8580.9033203125
8522.4443359375
8447.755859375
8360.974609375
8262.2119140625
8150.72900390625
8026.6884765625
7891.4140625
7748.044921875
7591.7294921875
7434.509765625
7274.109375
7109.83642578125
6942.35009765625
6774.4091796875
6607.1171875
6440.83984375
6278.56591796875
6118.41552734375
5959.798828125
5803.2333984375
5649.310546875
5498.4638671875
5351.6005859375
5208.3583984375
5069.3037109375
4934.734375
4804.68310546875
4679.07470703125
4559.498046875
4445.04248046875
4335.1923828125
4228.90478515625
4131.32958984375
4039.223876953125
3949.52392578125
3862.045654296875
3776.864501953125
