2057.861083984375
2032.68212890625
2009.9405517578125
2019.30517578125
2040.505859375
2040.200927734375
2041.3804931640625
2061.118408203125
2084.37158203125
2109.922119140625
2153.05517578125
2224.458984375
2322.380126953125
2443.998046875
2589.52783203125
2754.673583984375
2939.4560546875
3144.341552734375
3371.4716796875
3622.8681640625
3897.516357421875
4194.6435546875
4515.50048828125
4862.56591796875
5232.63134765625
5613.359375
6008.48046875
6420.7490234375
6859.18896484375
7333.27001953125
7858.42626953125
8464.8505859375
410.87298583984375
420.7572326660156
439.8026123046875
458.95318603515625
477.8053894042969
497.22601318359375
11032.73046875
11492.6748046875
11681.3564453125
12176.8115234375
12852.63671875
13613.92578125
14417.142578125
15230.7109375
16029.25
16809.37890625
17573.853515625
18327.9453125
19078.427734375
19495.025390625
19125.92578125
18788.8828125
18450.8671875
18102.779296875
17741.58203125
17555.306640625
17365.28515625
16975.580078125
16573.177734375
16159.751953125
15734.572265625
15303.4951171875
14869.376953125
14433.443359375
13995.26953125
13558.67578125
13125.9853515625
12910.548828125
12697.4296875
12281.392578125
11863.8134765625
11463.404296875
11078.42578125
10706.7470703125
10347.521484375
10001.041015625
9668.451171875
9351.337890625
9050.025390625
8762.484375
8487.1240234375
8223.2490234375
7971.1533203125
7729.484375
7498.37890625
7276.48291015625
7065.34765625
6863.763671875
6670.287109375
6484.955078125
6306.89892578125
6137.013671875
5973.6298828125
