1999.443115234375
3215.158935546875
2906.69677734375
2477.804443359375
2401.078369140625
2336.63818359375
2263.056396484375
2206.614013671875
2171.8466796875
2163.038330078125
2172.36474609375
2187.3798828125
2197.43505859375
2201.38134765625
2210.7744140625
2218.082763671875
2222.418212890625
2230.42138671875
2238.5341796875
2246.78466796875
2235.806884765625
2213.851806640625
2210.038818359375
2217.01220703125
2236.674072265625
2264.904541015625
2298.662841796875
2336.5927734375
2376.451904296875
2419.36572265625
2467.07275390625
2518.47998046875
106.9969711303711
90.67955780029297
93.20389556884766
95.78500366210938
97.78282165527344
98.98674774169922
2375.40673828125
2712.257080078125
2692.268310546875
2719.76171875
2752.427001953125
2787.8056640625
2827.401123046875
2868.94921875
2909.861328125
2953.492919921875
2992.83447265625
3024.34912109375
3050.5419921875
3075.980224609375
3100.61376953125
3123.390869140625
3136.32763671875
3141.5986328125
3145.431640625
3153.830078125
3141.03369140625
3118.28271484375
3087.306396484375
3049.210205078125
3005.228515625
2956.180908203125
2902.20556640625
2842.936279296875
2778.8662109375
2711.167236328125
2641.432373046875
2570.964111328125
2500.5009765625
2430.606201171875
2361.222412109375
2292.3515625
2224.09619140625
2156.716064453125
2090.397216796875
2025.658447265625
1962.4493408203125
1900.696533203125
1838.93603515625
1777.1114501953125
1716.00244140625
1656.5711669921875
1599.188720703125
1543.6622314453125
1489.8123779296875
1437.4361572265625
1386.466552734375
1336.370361328125
1286.7974853515625
1237.93408203125
