2055.505615234375
2012.8660888671875
2057.473388671875
2082.726806640625
2054.166259765625
2038.16455078125
2033.2093505859375
2037.21826171875
2046.6544189453125
2053.2802734375
2058.910400390625
2067.817138671875
2065.406494140625
2083.74267578125
2105.990966796875
2121.620361328125
2137.98046875
2159.13134765625
2182.33349609375
2206.658935546875
2238.669921875
2281.405517578125
2332.1103515625
2387.617431640625
2452.352294921875
2532.08203125
2628.5732421875
2739.0400390625
2860.379638671875
2992.598388671875
3133.009765625
3276.323974609375
117.58596801757812
119.68653106689453
120.51327514648438
121.03848266601562
121.41868591308594
121.72381591796875
2664.8251953125
2932.49365234375
3102.602783203125
3313.647216796875
3554.438720703125
3812.55517578125
3959.915283203125
4100.8212890625
4354.93701171875
4601.87890625
4851.25732421875
4810.2041015625
4703.7900390625
4600.4345703125
4491.2900390625
4370.7529296875
4251.55810546875
4137.26171875
4022.964599609375
3905.74267578125
3781.359130859375
3653.399169921875
3521.20361328125
3393.5400390625
3270.78759765625
3142.393798828125
2998.755859375
2839.127685546875
2670.37060546875
2509.53515625
2347.4150390625
2176.6591796875
1998.8380126953125
1817.301025390625
1634.6470947265625
1455.9390869140625
1357.7703857421875
1272.9205322265625
1190.1025390625
1136.58447265625
1099.1051025390625
1065.609619140625
1034.4659423828125
1006.3667602539062
980.3540649414062
954.81396484375
929.671875
905.10595703125
881.14453125
857.5642700195312
834.462646484375
811.9906005859375
790.0875854492188
768.5839233398438
747.3977661132812
