2045.5360107421875
2011.059326171875
2038.94677734375
2065.2021484375
2044.6573486328125
2030.66162109375
2027.014892578125
2037.7584228515625
2067.248291015625
2067.671875
2077.5849609375
2106.291015625
2147.9130859375
2194.19189453125
2258.228759765625
2351.90380859375
2489.50439453125
2668.802490234375
2893.449951171875
3162.650390625
3465.309814453125
3789.300537109375
4130.75830078125
4486.90087890625
4853.97509765625
5229.0263671875
5622.20068359375
6029.287109375
6449.15966796875
6891.1787109375
7348.75634765625
7848.34375
364.5155944824219
400.8852844238281
437.0932922363281
469.0339660644531
498.86328125
527.5985717773438
11130.703125
11437.9560546875
11577.1435546875
11640.201171875
11737.9814453125
11940.263671875
12261.9912109375
12682.955078125
13171.9755859375
13710.884765625
14293.1220703125
14284.1796875
14227.48828125
14181.09375
14127.685546875
14061.5888671875
13974.365234375
13858.7265625
13711.818359375
13532.6689453125
13323.6962890625
13087.857421875
12828.22265625
12549.064453125
12254.63671875
11945.4638671875
11627.884765625
11304.1689453125
11196.095703125
10976.220703125
10649.74609375
10314.638671875
9983.25
9662.947265625
9350.392578125
9045.83984375
8749.43359375
8463.61328125
8187.8720703125
7924.544921875
7674.259765625
7434.96630859375
7209.25537109375
6994.11376953125
6786.80615234375
6588.6162109375
6398.34228515625
6215.54736328125
6039.9033203125
5870.798828125
5707.7919921875
5550.60498046875
5398.998046875
5252.88818359375
5111.9345703125
4976.06201171875
