2040.348876953125
2046.3851318359375
2314.83203125
2168.790283203125
2100.385986328125
2093.093017578125
2115.824951171875
2132.439453125
2141.427001953125
2143.382080078125
2141.73388671875
2144.83447265625
2148.729736328125
2149.27001953125
2151.35009765625
2151.587158203125
2153.686279296875
2160.48291015625
2164.2890625
2170.60498046875
2181.78271484375
2199.000732421875
2233.867431640625
2298.33837890625
2394.001220703125
2513.181396484375
2593.6943359375
2662.40380859375
2740.400634765625
2824.68603515625
2911.069580078125
2995.11474609375
117.28002166748047
120.8075180053711
122.58744049072266
123.2061996459961
123.4722671508789
123.59603118896484
3154.223388671875
3254.312744140625
3181.2119140625
3181.665771484375
3227.0478515625
3285.915771484375
3347.85791015625
3408.02099609375
3466.661376953125
3522.468994140625
3599.80712890625
3660.894775390625
3702.083740234375
3731.85888671875
3750.3310546875
3759.6865234375
3760.2529296875
3753.424560546875
3738.879638671875
3719.264892578125
3692.564453125
3659.133056640625
3619.901611328125
3575.5380859375
3526.896240234375
3474.681640625
3419.8525390625
3363.729736328125
3307.65771484375
3251.9306640625
3201.86474609375
3151.35986328125
3099.085693359375
3045.561279296875
2991.55712890625
2939.0849609375
2887.458740234375
2835.308837890625
2782.20166015625
2725.873291015625
2666.8115234375
2606.8369140625
2547.342529296875
2490.656494140625
2441.2041015625
2397.3671875
2356.39990234375
2321.247314453125
2282.401611328125
2240.52685546875
2198.212158203125
2156.687744140625
2116.592529296875
2074.44384765625
2030.9366455078125
