2062.545654296875
2038.77880859375
2016.7086181640625
1996.9122314453125
2044.1810302734375
2045.8043212890625
2046.473876953125
2044.475830078125
2057.05810546875
2077.421875
2098.750244140625
2123.3486328125
2160.1826171875
2209.33203125
2274.337646484375
2354.474365234375
2450.5478515625
2562.762451171875
2686.89990234375
2822.455810546875
2969.317626953125
3128.617431640625
3300.76806640625
3487.171875
3688.18212890625
3903.91015625
4134.30078125
4380.5107421875
4644.54931640625
4926.4326171875
5226.44677734375
5535.990234375
237.1901397705078
236.8323974609375
248.4415283203125
260.6453857421875
272.0439453125
282.7110290527344
6477.5693359375
7069.857421875
7447.44287109375
7807.9453125
8208.7431640625
8673.6708984375
9166.587890625
9683.283203125
10206.9375
10736.3779296875
11277.919921875
11823.5732421875
12368.3447265625
12916.7236328125
13476.4052734375
14051.91015625
14648.1025390625
15262.65234375
15890.9677734375
16533.052734375
17186.646484375
17849.017578125
18518.34765625
19192.43359375
19623.47265625
19348.935546875
19106.9375
18865.015625
18615.009765625
18354.28515625
18081.697265625
17797.439453125
17502.091796875
17196.482421875
16881.845703125
16559.828125
16231.0888671875
15895.7724609375
15557.6845703125
15218.3134765625
14877.2353515625
14536.3125
14197.021484375
13860.3623046875
13691.9619140625
13523.9765625
13191.546875
12852.5498046875
12524.4580078125
12206.298828125
11895.5263671875
11591.517578125
11292.7060546875
11000.603515625
10715.642578125
