2052.089599609375
2012.277587890625
2022.7423095703125
2059.706787109375
2099.02587890625
2122.42529296875
2141.1337890625
2163.72216796875
2206.29296875
2237.551025390625
2261.987548828125
2283.378173828125
2301.155029296875
2317.299072265625
2333.58642578125
2352.1474609375
2375.79736328125
2408.15478515625
2455.51806640625
2513.37890625
2595.981201171875
2694.09130859375
2800.554443359375
2912.6044921875
3027.870849609375
3143.003662109375
3254.375244140625
3363.076416015625
3473.508544921875
3589.117431640625
3711.184814453125
3839.668701171875
112.83250427246094
115.28770446777344
116.7513198852539
117.84085083007812
118.64024353027344
119.30558776855469
2526.390625
2824.908935546875
3051.575927734375
3407.7392578125
3685.07861328125
3914.492919921875
4115.67333984375
4304.8193359375
4492.03173828125
4675.7724609375
4855.75537109375
5028.37744140625
5186.9404296875
5347.1591796875
5508.3525390625
5686.53466796875
5844.66845703125
5991.5859375
6132.95849609375
6268.14697265625
6370.17724609375
6448.87060546875
6499.4482421875
6505.53759765625
6552.40185546875
6658.58154296875
6771.8642578125
6803.7080078125
6725.91650390625
6814.857421875
6996.11865234375
7139.48486328125
6547.57861328125
6319.95263671875
6141.26611328125
5847.38671875
5566.36181640625
5301.24755859375
5051.2998046875
4854.580078125
4685.45751953125
4532.056640625
4353.34765625
4131.92578125
3975.356689453125
3892.479248046875
3809.75537109375
3703.00732421875
3571.4189453125
3440.540283203125
3312.45068359375
3227.322998046875
3172.13134765625
3131.232421875
3089.910888671875
3045.206298828125
