2057.264404296875
2015.64599609375
1916.9459228515625
1893.174072265625
1808.068115234375
1742.2244873046875
1682.7237548828125
1625.004150390625
1572.8114013671875
1526.8150634765625
1476.013916015625
1423.0633544921875
1398.7635498046875
1375.2030029296875
1349.6990966796875
1323.3963623046875
1300.203369140625
1275.375
1255.53271484375
1245.772216796875
1234.6737060546875
1222.5018310546875
1209.842041015625
1197.8558349609375
1187.03857421875
1178.1556396484375
1168.90185546875
1158.7806396484375
1148.924072265625
1140.741943359375
1136.926025390625
1138.858642578125
113.97012329101562
114.76441955566406
115.59184265136719
116.22504425048828
116.74667358398438
117.24700927734375
953.4649658203125
1118.486083984375
1117.2313232421875
1134.299560546875
1170.1024169921875
1192.9617919921875
1220.0281982421875
1249.0133056640625
1276.3427734375
1303.8216552734375
1332.2401123046875
1360.8177490234375
1387.2979736328125
1412.856689453125
1437.13330078125
1458.8092041015625
1476.836669921875
1492.7342529296875
1508.104736328125
1523.674560546875
1539.1124267578125
1553.862548828125
1567.0120849609375
1577.9862060546875
1587.6739501953125
1596.7684326171875
1605.190673828125
1612.7344970703125
1619.0443115234375
1623.9332275390625
1627.595947265625
1630.15380859375
1631.57080078125
1632.0865478515625
1632.3106689453125
1633.83984375
1634.8631591796875
1635.0474853515625
1634.4794921875
1633.21826171875
1631.4422607421875
1629.032958984375
1626.130126953125
1622.683349609375
1618.6185302734375
1614.0269775390625
1608.7767333984375
1602.89111328125
1596.384765625
1589.21875
1581.359619140625
1572.7158203125
1563.26806640625
1553.0709228515625
1542.235107421875
1530.8663330078125
