2063.904541015625
2030.2674560546875
2000.1419677734375
2046.3865966796875
2048.031005859375
2036.7183837890625
2032.0623779296875
2076.41455078125
2102.498291015625
2155.5634765625
2203.2578125
2242.278076171875
2285.58447265625
2346.332275390625
2420.121826171875
2508.21875
2617.09912109375
2746.330322265625
2893.38525390625
3057.361328125
3235.395263671875
3425.682373046875
3625.552734375
3835.6435546875
4054.4560546875
4282.22119140625
4518.4638671875
4762.1044921875
5015.3701171875
5275.6025390625
5547.45849609375
5831.16015625
223.66598510742188
217.95689392089844
228.2268829345703
240.2623748779297
251.64218139648438
261.8691711425781
5996.2822265625
6302.990234375
6395.29345703125
6506.29541015625
6638.59619140625
6818.25732421875
7048.38134765625
7331.36865234375
7667.58935546875
8019.85986328125
8394.3515625
8675.0107421875
8519.5927734375
8369.1484375
8216.1591796875
8049.72900390625
7870.86962890625
7680.3056640625
7481.79052734375
7281.8486328125
7084.3388671875
6889.09765625
6694.8271484375
6501.9599609375
6308.80615234375
6117.25927734375
5927.5712890625
5739.4345703125
5552.63525390625
5465.2158203125
5367.658203125
5188.03466796875
5013.04541015625
4843.408203125
4678.61474609375
4516.02978515625
4356.2197265625
4200.94384765625
4124.38037109375
4048.793701171875
3901.536376953125
3758.570556640625
3619.9619140625
3485.644775390625
3355.566162109375
3229.768798828125
3108.03173828125
2990.088623046875
2875.7431640625
2765.02392578125
2658.1376953125
2555.2734375
2456.62158203125
2362.2958984375
2272.139892578125
2185.844482421875
2103.057373046875
