2055.04052734375
2023.408203125
1999.747314453125
2064.8505859375
2091.60498046875
2102.576171875
2122.79052734375
2143.620361328125
2159.955078125
2187.250732421875
2225.523681640625
2278.057861328125
2345.17041015625
2437.672607421875
2559.53173828125
2703.8515625
2866.6181640625
3048.695556640625
3252.742431640625
3478.77587890625
3725.447509765625
3995.876953125
4288.96142578125
4606.4599609375
4942.15283203125
5287.36962890625
5633.38525390625
5986.02392578125
6350.71142578125
6739.251953125
7157.7255859375
7597.33740234375
327.5133972167969
321.5491638183594
329.18048095703125
339.0008850097656
349.18975830078125
359.8476257324219
9938.1572265625
11122.44140625
11394.5302734375
11369.994140625
11344.203125
11345.40234375
11482.78125
11690.837890625
11956.4111328125
12278.416015625
12661.701171875
13103.8818359375
13592.2646484375
14110.6474609375
14655.2626953125
15200.6220703125
15000.3486328125
14872.5439453125
14757.484375
14640.6083984375
14514.6875
14377.265625
14227.5126953125
14066.71484375
13891.6708984375
13704.4609375
13506.6123046875
13298.1796875
13078.359375
12847.98046875
12609.7099609375
12362.2607421875
12108.091796875
11849.54296875
11590.341796875
11332.4921875
11074.041015625
10814.9033203125
10548.7998046875
10289.291015625
10036.8984375
9787.349609375
9542.2841796875
9304.064453125
9075.341796875
8853.408203125
8642.068359375
8439.6796875
8244.5537109375
8056.08154296875
7875.0107421875
7700.0
7530.15283203125
7365.7490234375
7207.9853515625
7054.97509765625
