2050.943359375
2012.4354248046875
2046.8341064453125
2065.917236328125
2078.01220703125
2098.38720703125
2119.74267578125
2131.897705078125
2145.722412109375
2141.303466796875
2135.1689453125
2131.829345703125
2130.1923828125
2129.761962890625
2141.214599609375
2151.17333984375
2159.391845703125
2169.16650390625
2177.74560546875
2184.590576171875
2196.126708984375
2218.402587890625
2251.543212890625
2293.78076171875
2349.92041015625
2414.201171875
2484.325927734375
2560.165771484375
2640.5126953125
2729.97314453125
2830.6103515625
2940.45263671875
118.9927749633789
121.84310913085938
123.16954040527344
123.91808319091797
124.3637466430664
124.66361999511719
2298.99755859375
2518.558837890625
2728.6474609375
3044.93310546875
3279.24951171875
3472.605712890625
3648.439697265625
3818.410888671875
3986.40966796875
4153.828125
4323.37841796875
4498.26123046875
4678.37353515625
4864.62646484375
5063.9609375
5291.9921875
5523.48974609375
5768.3876953125
6020.49609375
6277.56005859375
6524.0205078125
6763.0068359375
6992.40966796875
7193.38037109375
7376.84130859375
7522.24365234375
7650.4892578125
7765.95703125
7866.75146484375
7958.07666015625
8040.73193359375
8115.68896484375
8185.4169921875
8222.0478515625
8065.79150390625
7765.279296875
7497.08056640625
7248.3623046875
7015.83642578125
6795.619140625
6587.59521484375
6382.509765625
6190.54443359375
6006.8720703125
5821.8544921875
5623.90869140625
5420.1494140625
5215.89501953125
5010.78173828125
4812.12939453125
4627.35302734375
4447.234375
4276.14208984375
4106.7734375
3936.8642578125
