2063.304443359375
2027.76904296875
2073.4736328125
2290.076171875
2314.3544921875
2252.184326171875
2208.771240234375
2193.68017578125
2208.554931640625
2218.2802734375
2227.193115234375
2228.678466796875
2222.061279296875
2218.45068359375
2223.142822265625
2232.23291015625
2249.476806640625
2271.735595703125
2300.296875
2346.622802734375
2422.658935546875
2519.2392578125
2635.84326171875
2773.449462890625
2932.747802734375
3112.231201171875
3309.095458984375
3521.62451171875
3751.04931640625
3996.6884765625
4257.505859375
4533.29150390625
155.9294891357422
138.5823516845703
137.7839813232422
140.26295471191406
143.62918090820312
147.05079650878906
4624.3662109375
5226.5703125
5410.38330078125
5537.04052734375
5688.85546875
5909.15869140625
6191.8046875
6514.20849609375
6879.650390625
7297.3857421875
7368.306640625
7416.0068359375
7493.994140625
7565.7607421875
7630.9755859375
7681.71435546875
7707.60302734375
7711.97705078125
7691.6376953125
7642.79248046875
7565.07763671875
7474.568359375
7369.07275390625
7250.1396484375
7118.07275390625
6972.3935546875
6813.8125
6643.53759765625
6465.30615234375
6282.23486328125
6096.12939453125
5909.51220703125
5723.02880859375
5535.32470703125
5345.62841796875
5154.38037109375
4962.5791015625
4772.451171875
4586.22119140625
4404.3935546875
4225.62353515625
4049.534912109375
3877.31689453125
3709.57666015625
3546.83837890625
3389.4697265625
3237.79443359375
3091.857666015625
2952.258544921875
2819.749755859375
2694.16650390625
2575.124267578125
2462.60400390625
2357.4052734375
