2066.6259765625
2033.0404052734375
2066.706787109375
2062.984130859375
2048.751953125
2038.141845703125
2036.09130859375
2033.8568115234375
2035.4696044921875
2035.6705322265625
2035.0787353515625
2042.1328125
2051.9521484375
2057.452392578125
2067.25537109375
2075.497802734375
2095.594482421875
2107.59765625
2114.981201171875
2124.272216796875
2141.3740234375
2166.1181640625
2187.354248046875
2210.4365234375
2240.290283203125
2284.44384765625
2333.724609375
2402.05517578125
2474.273681640625
2578.91650390625
2719.048828125
2794.85107421875
109.75074768066406
113.36933898925781
116.09693145751953
118.01853942871094
119.4247817993164
120.57479858398438
1850.894287109375
2045.876708984375
2320.57470703125
2525.421142578125
2561.1640625
2595.088623046875
2615.07373046875
2679.131591796875
2734.819091796875
2783.0888671875
2822.28759765625
2850.887451171875
2866.5302734375
2873.652587890625
2876.22705078125
2869.14306640625
2856.77685546875
2833.99365234375
2804.59375
2767.25732421875
2719.768798828125
2666.69482421875
2608.19921875
2547.21142578125
2490.784912109375
2440.62744140625
2397.118408203125
2358.53515625
2322.600341796875
2287.313232421875
2250.714111328125
2212.790771484375
2173.60302734375
2130.785400390625
2087.33984375
2046.513427734375
2010.3084716796875
1979.3555908203125
1952.6976318359375
1928.1998291015625
1903.94189453125
1878.6435546875
1851.8065185546875
1823.34716796875
1792.89306640625
1760.218505859375
1725.592041015625
1689.26611328125
1651.2052001953125
1611.8155517578125
1571.577880859375
1530.7900390625
1489.9478759765625
1449.4146728515625
1409.4608154296875
