1566.0947265625
1224.618408203125
994.5427856445312
936.6529541015625
891.3228759765625
854.6575317382812
822.4188232421875
792.4723510742188
763.6187744140625
737.270263671875
707.5173950195312
676.1605834960938
648.97607421875
622.6283569335938
593.5062866210938
562.9578857421875
531.6304931640625
500.71881103515625
470.76275634765625
444.5887756347656
423.9763488769531
412.4944763183594
410.4549255371094
406.15484619140625
400.3876647949219
395.9986267089844
391.15667724609375
385.5694885253906
379.727783203125
373.60675048828125
366.43475341796875
359.1768493652344
123.70973205566406
126.1083984375
127.05812072753906
127.8199691772461
128.418212890625
128.62637329101562
331.0540771484375
361.5068664550781
380.5326843261719
351.9463806152344
348.3849792480469
346.0508117675781
337.9584655761719
330.0333251953125
323.9291687011719
317.9666748046875
314.22918701171875
321.5876770019531
327.99407958984375
332.9183044433594
339.447265625
349.0505676269531
361.9632568359375
376.9889221191406
395.6156311035156
416.6780700683594
445.4847717285156
477.5364685058594
508.385009765625
538.128173828125
566.9666137695312
594.4140014648438
620.10009765625
643.7899169921875
665.8845825195312
686.87109375
697.2724609375
706.9876098632812
724.4442749023438
739.4512329101562
751.1329345703125
759.3749389648438
764.4009399414062
766.50146484375
766.3018798828125
764.0447387695312
759.9340209960938
754.2213745117188
747.2399291992188
739.2250366210938
730.2859497070312
720.5371704101562
710.31494140625
699.5989990234375
688.5491943359375
677.2566528320312
665.75341796875
654.1131591796875
642.4644165039062
630.8854370117188
619.3704833984375
608.0521850585938
