2085.0
2057.921875
2021.31591796875
2018.0760498046875
2091.28466796875
2073.51416015625
2064.6533203125
2059.00244140625
2060.636962890625
2064.484130859375
2066.42041015625
2078.578125
2005.543701171875
1952.058349609375
1922.355712890625
1889.1275634765625
1858.049560546875
1823.1324462890625
1787.9136962890625
1757.0220947265625
1736.4718017578125
1725.03076171875
1712.1461181640625
1701.323486328125
1692.2509765625
1680.456298828125
1671.7530517578125
1665.136474609375
1657.98291015625
1650.3818359375
1645.0726318359375
1649.0771484375
113.61478424072266
114.05084991455078
114.64029693603516
115.14093017578125
115.57032012939453
115.93727111816406
1318.5137939453125
1667.5418701171875
1752.4088134765625
1807.335693359375
1850.467041015625
1905.29833984375
1969.5645751953125
2038.3621826171875
2103.213623046875
2161.390869140625
2212.595703125
2259.15966796875
2302.459716796875
2342.264404296875
2379.092041015625
2411.376953125
2436.9638671875
2455.0126953125
2466.17333984375
2471.453369140625
2471.18505859375
2465.794921875
2456.47021484375
2442.505859375
2425.100830078125
2405.693359375
2386.552734375
2366.7578125
2345.635498046875
2323.357177734375
2311.971923828125
2300.172607421875
2275.91015625
2250.4833984375
2223.55517578125
2195.12255859375
2165.383544921875
2134.600341796875
2103.021484375
2070.94287109375
2038.4539794921875
2005.578125
1972.38427734375
1939.2353515625
1906.1812744140625
1873.3011474609375
1840.642578125
1808.2525634765625
1776.194091796875
1744.657470703125
1713.8123779296875
1683.6180419921875
1653.946044921875
1624.7841796875
1596.1505126953125
1568.0399169921875
