2035.4071044921875
2025.012451171875
2122.94775390625
2192.195556640625
2148.45458984375
2139.345703125
2146.5517578125
2158.724853515625
2180.029541015625
2212.6044921875
2240.638427734375
2274.848876953125
2321.5234375
2377.31591796875
2450.054443359375
2551.13720703125
2681.05712890625
2838.234619140625
3018.850830078125
3217.806884765625
3430.746826171875
3652.823486328125
3880.608154296875
4111.81884765625
4343.81982421875
4580.3974609375
4822.8857421875
5069.03857421875
5320.4248046875
5583.947265625
5851.13916015625
6130.66455078125
205.5296630859375
211.16233825683594
221.79510498046875
231.63706970214844
241.0850830078125
249.9599609375
6824.794921875
7743.578125
7954.23046875
7989.06298828125
8064.158203125
8240.5849609375
8537.3076171875
8803.3056640625
8827.4345703125
8890.005859375
8952.6611328125
9006.3310546875
9051.7392578125
9085.53125
9104.0224609375
9110.3037109375
9096.396484375
9065.328125
9014.2626953125
8944.60546875
8859.3017578125
8761.4873046875
8653.8046875
8538.5634765625
8415.9208984375
8286.4306640625
8151.47607421875
8014.67822265625
7873.22998046875
7726.9892578125
7576.23876953125
7422.77099609375
7266.99462890625
7107.5078125
6945.85595703125
6784.01513671875
6625.16796875
6467.07421875
6310.27587890625
6155.4169921875
6003.10302734375
5853.4541015625
5706.41064453125
5561.93212890625
5420.1640625
5281.32470703125
5145.283203125
5011.86083984375
4881.55419921875
4753.42578125
4627.49609375
4507.03271484375
4390.361328125
4276.93017578125
