2048.588134765625
2017.144775390625
2020.1068115234375
2073.953857421875
2052.2998046875
2038.035400390625
2027.0250244140625
2023.873291015625
2026.6748046875
2056.991455078125
2072.091552734375
2076.045166015625
2086.52197265625
2119.12646484375
2155.03662109375
2187.69384765625
2218.893798828125
2264.83544921875
2330.0888671875
2417.2861328125
2525.23388671875
2652.01220703125
2795.1865234375
2952.950927734375
3123.80908203125
3304.79052734375
3493.7998046875
3691.183349609375
3896.92138671875
4108.658203125
4325.49462890625
4548.5439453125
149.70062255859375
170.80355834960938
190.3769073486328
202.18699645996094
209.2582550048828
213.95431518554688
5123.7109375
5662.1416015625
6011.52490234375
6253.4921875
6457.39794921875
6661.9560546875
6883.2646484375
7130.64892578125
7434.07080078125
7800.400390625
8209.1923828125
8653.76953125
9125.095703125
9642.494140625
10175.4140625
10722.14453125
11285.2880859375
11865.9130859375
12464.1640625
13091.55078125
13744.1220703125
14410.369140625
14821.2841796875
14816.419921875
14814.8017578125
14801.90234375
14772.4326171875
14725.5322265625
14662.2333984375
14581.447265625
14482.6884765625
14366.4365234375
14234.1748046875
14085.5234375
13921.716796875
13744.6259765625
13554.2392578125
13353.0009765625
13141.521484375
12920.4443359375
12690.8544921875
12450.7724609375
12205.341796875
11956.1171875
11703.396484375
11433.4765625
11171.462890625
10915.513671875
10660.7421875
10407.3779296875
10156.0439453125
9906.8056640625
9661.5283203125
9420.6357421875
