2085.343017578125
2077.4189453125
2052.159423828125
2029.3323974609375
2015.6435546875
2005.4749755859375
2013.09326171875
2046.259765625
2054.364501953125
2056.610107421875
2061.857177734375
2060.7890625
2060.543701171875
2064.031005859375
2064.78173828125
2064.062744140625
2063.166259765625
2063.66357421875
2071.854736328125
2079.528076171875
2084.398193359375
2090.29248046875
2100.534912109375
2112.578857421875
2121.298828125
2128.5322265625
2133.692138671875
2141.0185546875
2153.916015625
2169.630615234375
2189.404052734375
2215.897216796875
127.38816833496094
128.54562377929688
129.09226989746094
129.37648010253906
129.55014038085938
129.68499755859375
1870.6015625
2071.92626953125
2270.311279296875
2399.5791015625
2512.021240234375
2621.219482421875
2728.127197265625
2837.8603515625
2957.4140625
3085.182373046875
3218.879638671875
3357.9599609375
3505.459228515625
3667.784912109375
3843.200439453125
4024.4111328125
4203.9482421875
4377.42333984375
4546.3876953125
4713.1064453125
4881.5166015625
5055.71484375
5239.60400390625
5435.7451171875
5637.326171875
5850.11669921875
6071.07080078125
6301.06689453125
6535.73876953125
6792.544921875
7074.4560546875
7362.44921875
7666.40576171875
7975.75439453125
8081.337890625
8193.2470703125
8292.3349609375
8372.7626953125
8448.8857421875
8513.20703125
8502.697265625
8525.2890625
8544.9501953125
8663.5244140625
8738.87890625
8779.1640625
8799.5869140625
8810.3515625
8815.849609375
8813.2421875
8805.2939453125
8794.470703125
8769.4697265625
8761.220703125
