1997.526611328125
1871.485595703125
1637.26513671875
1566.0128173828125
1502.0513916015625
1451.6483154296875
1411.90380859375
1386.7811279296875
1372.8170166015625
1363.4022216796875
1350.791015625
1336.6627197265625
1324.939453125
1313.8297119140625
1306.0452880859375
1301.95703125
1299.8785400390625
1300.0364990234375
1303.435302734375
1310.4801025390625
1321.1593017578125
1335.863037109375
1355.6357421875
1381.1866455078125
1412.5909423828125
1449.0738525390625
1489.6070556640625
1533.42138671875
1581.1844482421875
1633.988525390625
1686.8638916015625
1739.94873046875
143.85227966308594
155.3116912841797
165.23712158203125
171.26290893554688
175.9268341064453
180.43173217773438
1958.4949951171875
2069.68896484375
2096.6865234375
2120.02685546875
2147.890869140625
2181.24560546875
2220.41455078125
2264.41943359375
2310.033203125
2365.9873046875
2453.580810546875
2528.218017578125
2593.243896484375
2651.982421875
2710.355712890625
2768.911865234375
2818.112060546875
2856.95361328125
2886.305419921875
2906.98046875
2919.576904296875
2924.03466796875
2921.205078125
2912.50390625
2897.474853515625
2876.358154296875
2850.023193359375
2819.67041015625
2785.78173828125
2748.143310546875
2707.048828125
2662.901123046875
2615.985595703125
2566.797607421875
2515.720703125
2462.62841796875
2408.11962890625
2352.89697265625
2297.64208984375
2242.46875
2187.840576171875
2160.7294921875
2133.76220703125
2080.767333984375
2028.5947265625
1977.1241455078125
1926.36572265625
1875.9779052734375
1824.70263671875
1774.8338623046875
1726.571533203125
1679.5758056640625
1633.9735107421875
1589.77734375
1547.030029296875
