2024.8626708984375
2058.984375
2066.345703125
2134.093505859375
2214.037353515625
2254.219970703125
2264.2099609375
2270.654296875
2245.570068359375
2224.2275390625
2218.3203125
2221.482177734375
2227.3916015625
2241.529541015625
2257.247802734375
2274.55810546875
2303.627685546875
2337.284912109375
2371.97119140625
2414.235595703125
2475.321044921875
2559.24755859375
2666.39599609375
2795.2578125
2942.9658203125
3107.763916015625
3289.501220703125
3487.0869140625
3699.958984375
3926.823486328125
4167.4921875
4420.890625
4685.373046875
222.89474487304688
217.57858276367188
206.96018981933594
202.3232421875
199.70709228515625
200.28953552246094
4543.06640625
5499.43115234375
6161.74267578125
6682.69287109375
6658.8564453125
6696.64453125
6781.97265625
6883.3486328125
7008.37939453125
7150.06884765625
7299.044921875
7452.51123046875
7603.94482421875
7755.6064453125
7901.15185546875
8038.11474609375
8165.158203125
8280.5732421875
8382.9814453125
8468.748046875
8537.43359375
8587.0703125
8616.6484375
8626.140625
8616.89453125
8589.083984375
8544.638671875
8485.3173828125
8412.9521484375
8329.7509765625
8236.2548828125
8132.65673828125
8018.537109375
7895.42529296875
7764.57861328125
7626.78857421875
7483.32763671875
7335.4326171875
7183.97216796875
7030.28125
6875.15576171875
6719.40673828125
6564.05712890625
6408.89306640625
6254.8876953125
6100.6767578125
5946.7431640625
5792.33154296875
5643.65234375
5497.97021484375
5355.63232421875
5216.275390625
5079.955078125
4946.82421875
4816.77880859375
