2060.140869140625
2037.9315185546875
2015.9681396484375
2028.327392578125
2024.814697265625
2015.46630859375
2034.838134765625
2054.937744140625
2058.820556640625
2063.1005859375
2077.51318359375
2086.35986328125
2099.91455078125
2127.937255859375
2175.356689453125
2226.999267578125
2279.4365234375
2345.28759765625
2433.281494140625
2541.148193359375
2668.187744140625
2814.185302734375
2976.38623046875
3152.156005859375
3338.286376953125
3532.127685546875
3732.098876953125
3938.224609375
4152.26318359375
4374.517578125
4605.5458984375
4847.72509765625
209.13621520996094
207.39788818359375
211.92111206054688
217.50401306152344
223.59402465820312
230.1982421875
5634.53271484375
6185.8544921875
6410.21337890625
6561.18701171875
6732.2265625
6941.04248046875
7188.21533203125
7469.9111328125
7804.86669921875
8143.50244140625
8522.806640625
8925.0478515625
9324.3037109375
9734.392578125
10172.7890625
10645.9892578125
11154.3076171875
11694.4189453125
12249.544921875
12818.7109375
13400.6357421875
13999.0283203125
14605.42578125
15219.2333984375
15840.2705078125
16467.7109375
17106.0390625
17750.84765625
18396.779296875
19041.583984375
19680.595703125
20248.1875
20026.1875
19844.052734375
19673.09765625
19503.962890625
19331.734375
19153.728515625
18967.724609375
18772.544921875
18570.552734375
18354.455078125
18125.791015625
17885.2265625
17634.142578125
17373.1640625
17104.244140625
16832.4453125
16559.806640625
16285.2109375
15986.947265625
15701.322265625
15412.4306640625
15121.2587890625
