2015.2684326171875
2061.80029296875
2119.01611328125
2215.3642578125
2270.01220703125
2275.435791015625
2280.7939453125
2253.149169921875
2230.43408203125
2225.741455078125
2227.904296875
2233.197265625
2246.33935546875
2261.9580078125
2279.379638671875
2307.405029296875
2342.509033203125
2378.5947265625
2422.382080078125
2485.42724609375
2571.4404296875
2680.352294921875
2810.810546875
2960.05908203125
3126.391357421875
3309.769775390625
3509.01318359375
3723.612060546875
3952.2294921875
4194.57275390625
4449.2041015625
4715.0830078125
204.20799255371094
205.34841918945312
199.34288024902344
198.3594207763672
198.04637145996094
199.66221618652344
4619.87646484375
6014.35009765625
6701.2587890625
6683.0185546875
6738.939453125
6832.587890625
6940.42236328125
7078.52294921875
7224.17138671875
7375.4033203125
7528.43017578125
7678.6201171875
7829.60400390625
7973.4013671875
8106.6953125
8229.380859375
8340.3798828125
8437.5498046875
8517.9755859375
8580.7236328125
8624.0517578125
8646.8671875
8649.8583984375
8634.5400390625
8601.32421875
8552.072265625
8488.64453125
8412.646484375
8326.2333984375
8229.4150390625
8122.45166015625
8004.9404296875
7878.6552734375
7745.1171875
7604.81787109375
7458.91455078125
7308.64013671875
7155.28955078125
6999.78125
6843.177734375
6686.35546875
6530.2587890625
6374.13427734375
6219.1259765625
6064.98046875
5910.05517578125
5755.9462890625
5607.99072265625
5462.72900390625
5320.8876953125
5182.49951171875
5046.85693359375
4914.671875
4785.62744140625
