1499.9996337890625
1500.0
1500.0
1500.0
1500.0
1500.0
1500.0
1500.0
1500.0
1500.0
1500.0
1499.9959716796875
1500.0
1500.0
1500.0
1500.0
1500.0
1500.0
1500.0
1500.0
1500.0
1500.0
1500.0
1500.0
1500.0
1500.0
1500.0
1500.0
1500.0
1500.0
1500.0
1500.0
100.00005340576172
100.0
100.0
100.0
100.0
100.0
1500.0
1500.0
1500.0
1500.0
1500.0
1500.0
1500.0
1500.0
1500.0
1500.0
1500.0
1500.0
1500.0
1500.0
1500.0
1500.0
1500.0
1500.0
1500.0
1500.0
1500.0
1500.0
1500.0
1500.0
1500.0
1500.0
1500.0
1500.0
1500.0
1500.0
1500.0
1500.0
1463.0863037109375
1411.14501953125
1361.72314453125
1313.7757568359375
1267.384033203125
1222.6910400390625
1179.8831787109375
1138.9381103515625
1099.4088134765625
1060.7813720703125
1022.671630859375
985.2706909179688
949.0376586914062
914.053955078125
880.192138671875
847.0518798828125
813.7991333007812
780.18212890625
747.0579223632812
720.8147583007812
698.1699829101562
677.6844482421875
