2048.08056640625
2005.0377197265625
2100.973876953125
2167.779541015625
2124.252685546875
2126.308349609375
2153.393798828125
2171.027587890625
2185.482666015625
2205.804931640625
2214.0537109375
2216.876220703125
2225.96826171875
2243.5888671875
2265.577392578125
2289.00390625
2314.4931640625
2342.6689453125
2373.927734375
2406.9482421875
2449.116455078125
2511.0888671875
2594.3017578125
2695.266845703125
2809.0087890625
2932.23486328125
3062.881591796875
3199.31689453125
3340.811767578125
3486.865478515625
3636.962646484375
3791.027587890625
123.77621459960938
124.673828125
126.8357162475586
128.42654418945312
129.9348907470703
131.32167053222656
3059.070068359375
4278.369140625
4718.38134765625
4897.43701171875
4998.80810546875
5079.86767578125
5165.47412109375
5265.74560546875
5381.146484375
5511.93896484375
5655.044921875
5808.99169921875
5974.0283203125
6148.29931640625
6330.0576171875
6519.28515625
6716.6962890625
6941.24169921875
7178.94140625
7431.4423828125
7711.86572265625
8018.37548828125
8346.947265625
8700.2998046875
9060.0595703125
9308.4990234375
9344.142578125
9403.2890625
9470.00390625
9535.3984375
9596.6435546875
9652.423828125
9700.3603515625
9739.2578125
9768.2666015625
9788.3447265625
9797.6494140625
9794.48828125
9779.2724609375
9752.013671875
9713.708984375
9667.0283203125
9612.712890625
9549.873046875
9479.7939453125
9404.951171875
9325.591796875
9242.259765625
9155.21875
9064.3779296875
8969.4951171875
8870.50390625
8768.052734375
8662.8115234375
