2070.062744140625
2031.9234619140625
1988.496826171875
2095.55859375
2135.3134765625
2123.4677734375
2146.933837890625
2204.8046875
2244.869140625
2264.34814453125
2274.711669921875
2279.595947265625
2283.498779296875
2292.23388671875
2301.059326171875
2308.1376953125
2321.6025390625
2339.938232421875
2360.384521484375
2386.24951171875
2428.280029296875
2499.911376953125
2599.624755859375
2723.2841796875
2866.815185546875
3025.28759765625
3195.661865234375
3375.5703125
3561.185546875
3747.563720703125
3931.864990234375
4113.025390625
114.77011108398438
117.03876495361328
118.48847961425781
121.08190155029297
131.0461883544922
137.09408569335938
3507.6826171875
3845.2080078125
4034.991943359375
4234.1552734375
4457.0712890625
4695.62939453125
4945.9228515625
5207.89501953125
5499.17041015625
5792.73291015625
6103.56982421875
6411.31103515625
6658.18017578125
6874.328125
7048.66064453125
7203.8115234375
7342.19580078125
7453.90625
7556.3720703125
7626.6015625
7701.94873046875
7783.640625
7840.14306640625
7888.6591796875
7949.03857421875
7558.45751953125
7167.43701171875
6800.498046875
6455.7841796875
6250.8076171875
6132.646484375
5858.75341796875
5603.134765625
5353.396484375
5125.6962890625
4906.4365234375
4693.5947265625
4483.87939453125
4276.9091796875
4076.257080078125
3884.625732421875
3702.148193359375
3551.939697265625
3416.73681640625
3296.063232421875
3180.7509765625
3062.802734375
2948.40771484375
2838.97802734375
2733.5380859375
2631.6025390625
2531.78662109375
2435.8466796875
2342.902099609375
2251.664794921875
