2059.048583984375
2023.817626953125
1993.3699951171875
2081.928955078125
2091.2177734375
2074.00146484375
2060.027587890625
2048.3291015625
2046.1829833984375
2082.8701171875
2130.4189453125
2153.464111328125
2182.976318359375
2221.110595703125
2271.541259765625
2338.65185546875
2430.295654296875
2560.865966796875
2726.5009765625
2918.157958984375
3130.0732421875
3358.057861328125
3598.5771484375
3850.2421875
4115.11669921875
4391.35595703125
4681.49560546875
4984.283203125
5299.15576171875
5635.89501953125
5989.02783203125
6369.89013671875
247.7919158935547
245.89588928222656
264.3907165527344
283.5027770996094
300.4122314453125
315.2015380859375
7798.328125
8988.8310546875
9441.19140625
9830.21875
10202.5986328125
10610.486328125
11088.748046875
11619.4423828125
12195.23828125
12826.5693359375
13491.8115234375
14171.876953125
14133.513671875
14063.349609375
13983.1298828125
13881.35546875
13756.7529296875
13608.755859375
13439.1513671875
13250.3486328125
13044.142578125
12822.23828125
12585.46484375
12335.0576171875
12072.62109375
11799.9521484375
11517.0185546875
11226.9208984375
10932.541015625
10749.044921875
10633.6943359375
10335.34765625
10039.1220703125
9745.375
9455.8125
9172.20703125
8895.0703125
8623.5234375
8353.0029296875
8087.23486328125
7831.5869140625
7584.3671875
7345.68017578125
7115.9208984375
6895.78759765625
6686.16162109375
6485.97998046875
6294.1689453125
6110.52392578125
5934.49951171875
5765.77880859375
5603.93896484375
5449.06884765625
5300.69677734375
5158.48974609375
