1499.999755859375
1500.0
1500.0
1500.0
1500.0
1499.9998779296875
1500.0
1500.0
1500.0
1500.0
1500.0
1500.0
1500.0
1500.0
1499.993896484375
1500.0
1500.0
1500.0
1500.0
1500.0
1500.0
1500.0
1500.0
1500.0
1500.0
1500.0
1500.0
1500.0
1500.0
1500.0
1500.0
1500.0
99.36730194091797
100.0
100.0
100.0
100.0
100.0
1500.0
1500.0
1500.0
1500.0
1500.0
1500.0
1500.0
1500.0
1500.0
1500.0
1500.0
1491.9931640625
1444.921875
1399.8348388671875
1354.8131103515625
1309.66650390625
1264.1982421875
1218.64599609375
1173.146240234375
1127.696533203125
1082.697998046875
1038.6629638671875
995.6280517578125
954.0801391601562
914.7018432617188
877.5595092773438
842.35107421875
808.8417358398438
776.8252563476562
746.0936889648438
716.6220703125
688.2890625
660.9921875
634.6611938476562
609.2879028320312
584.8779907226562
561.4712524414062
539.1130981445312
517.7269897460938
497.2615661621094
477.3078918457031
458.2337341308594
440.1883544921875
422.89788818359375
406.2703857421875
390.31304931640625
375.0343017578125
360.412353515625
346.427490234375
333.0480041503906
320.2242431640625
307.92364501953125
296.12738037109375
284.824462890625
