2065.382568359375
2033.496337890625
2019.2347412109375
2088.9833984375
2164.735107421875
2197.618896484375
2179.08935546875
2151.84423828125
2137.39208984375
2136.90576171875
2143.434814453125
2164.208740234375
2175.958251953125
2185.48486328125
2197.129638671875
2204.593017578125
2214.125732421875
2224.99609375
2237.47412109375
2252.565185546875
2266.900390625
2282.7216796875
2298.43505859375
2315.763427734375
2345.067626953125
2390.37841796875
2452.073974609375
2527.070068359375
2611.138427734375
2702.61181640625
2804.294921875
2918.93603515625
127.44438171386719
125.6231689453125
125.56645202636719
125.96592712402344
126.20393371582031
126.35478210449219
2431.104248046875
3024.34521484375
3291.74560546875
3445.863037109375
3580.4033203125
3722.40869140625
3879.162841796875
4051.497802734375
4237.97607421875
4437.18359375
4649.7119140625
4871.45166015625
5101.31005859375
5345.18212890625
5626.9091796875
5942.9482421875
6256.16357421875
6567.77099609375
6885.55712890625
7209.99609375
7540.16015625
7877.1484375
8204.7392578125
8526.451171875
8854.759765625
8825.8271484375
8790.0703125
8762.2998046875
8731.533203125
8704.486328125
8667.462890625
8619.0419921875
8562.509765625
8497.4677734375
8425.763671875
8342.8720703125
8242.5400390625
8138.21435546875
8028.24609375
7912.7841796875
7791.5615234375
7666.02490234375
7536.4609375
7403.78076171875
7267.29296875
7127.9892578125
6985.3466796875
6838.8583984375
6691.8720703125
6545.3623046875
6399.68701171875
6254.60986328125
6109.99658203125
5966.35986328125
