2056.443603515625
2024.7408447265625
2048.04296875
2074.6630859375
2065.62109375
2096.682373046875
2144.20947265625
2151.6494140625
2152.3837890625
2153.220458984375
2167.532958984375
2183.61572265625
2191.15234375
2188.502685546875
2185.693359375
2192.1904296875
2201.3525390625
2209.60205078125
2219.057373046875
2229.050537109375
2237.26220703125
2245.78271484375
2255.5166015625
2267.203369140625
2279.909423828125
2292.51953125
2306.8232421875
2320.999755859375
2335.955810546875
2352.30419921875
2369.3388671875
2387.035400390625
123.38228607177734
122.76006317138672
122.25533294677734
122.16671752929688
122.06117248535156
122.02143859863281
1776.64013671875
1862.75634765625
1969.8172607421875
2217.28857421875
2464.005859375
2642.10107421875
2770.697265625
2866.64208984375
2949.173095703125
3032.18701171875
3121.2216796875
3213.796142578125
3310.05224609375
3409.440185546875
3514.629638671875
3626.1416015625
3743.370361328125
3863.275146484375
3983.173095703125
4104.486328125
4228.6806640625
4357.84765625
4494.1240234375
4641.693359375
4799.45849609375
4962.451171875
5128.15283203125
5305.61865234375
5472.49267578125
5650.37353515625
5837.0048828125
6032.01513671875
6218.47607421875
6396.3251953125
6566.6533203125
6720.93701171875
6868.154296875
7011.64501953125
6823.2236328125
6560.98095703125
6347.65673828125
6159.146484375
5981.60009765625
5807.08544921875
5639.75439453125
5479.00830078125
5320.021484375
5162.5888671875
5020.72509765625
4882.97998046875
4743.33837890625
4603.001953125
4459.41748046875
4317.18505859375
