1500.0
1500.0
1500.0
1500.0001220703125
1500.0
1500.0
1500.0
1500.0
1500.0
1500.0
1500.0
1500.0
1500.0
1500.0
1499.9927978515625
1500.0
1500.0
1500.0
1500.0
1500.0
1500.0
1500.0
1500.0
1500.0
1500.0
1500.0
1500.0
1500.0
1500.0
1500.0
1500.0
1500.0
100.0
100.0
100.0
100.0
100.0
100.0
1500.0
1499.9998779296875
1500.0
1500.0
1500.0
1500.0
1500.0
1500.0
1500.0
1500.0
1500.0
1500.0
1500.0
1500.0
1500.0
1500.0
1500.0
1500.0
1500.0
1500.0
1500.0
1500.0
1500.0
1500.0
1500.0
1500.0
1500.0
1500.0
1500.0
1500.0
1500.0
1500.0
1500.0
1454.658447265625
1397.27880859375
1343.8934326171875
1294.734619140625
1247.678466796875
1200.053955078125
1152.6878662109375
1107.05078125
1065.7764892578125
1027.6512451171875
990.6925659179688
954.5458984375
922.2362670898438
897.2714233398438
874.0404052734375
848.4376220703125
819.3947143554688
795.1555786132812
770.6414184570312
745.6781616210938
721.4069213867188
