1499.999267578125
1499.9998779296875
1500.0
1500.0
1500.0
1500.0
1500.0
1500.0
1500.0
1500.0
1500.0
1500.0
1500.0
1500.0
1500.0
1500.0
1500.0
1500.0
1500.0
1500.0
1500.0
1500.0
1500.0
1500.0
1500.0
1500.0
1500.0
1500.0
1500.0
1500.0
1500.0
1500.0
99.99964141845703
100.0
100.0
100.0
100.0
100.0
1500.0
1500.0
1500.0
1500.0
1500.0
1500.0
1500.0
1500.0
1500.0
1500.0
1500.0
1500.0
1500.0
1500.0
1500.0
1500.0
1500.0
1500.0
1500.0
1500.0
1500.0
1500.0
1500.0
1492.99560546875
1440.2991943359375
1389.922607421875
1341.3382568359375
1294.6373291015625
1249.650634765625
1206.1964111328125
1164.2392578125
1123.637939453125
1084.32275390625
1046.5572509765625
1010.318115234375
975.4059448242188
941.72509765625
909.1845092773438
877.7353515625
847.3386840820312
817.9857177734375
789.4600830078125
761.900634765625
735.2227172851562
709.4172973632812
684.4655151367188
660.32275390625
636.9596557617188
614.7868041992188
593.7936401367188
573.6130981445312
554.200927734375
535.64501953125
517.8605346679688
