1500.0
1500.0
1500.0
1500.0
1500.0
1500.0
1500.0
1500.0
1500.0
1500.0
1500.0
1500.0
1500.0
1500.0
1500.0
1500.0
1500.0
1500.0
1500.0
1500.0
1500.0
1500.0
1500.0
1500.0
1500.0
1500.0
1500.0
1500.0
1500.0
1500.0
1500.0
1500.0
100.0
100.0
100.0
100.0
100.0
100.0
1500.0
1500.0
1500.0
1500.0
1500.0
1500.0
1500.0
1500.0
1500.0
1500.0
1500.0
1500.0
1500.0
1500.0
1482.037353515625
1410.7298583984375
1342.086181640625
1277.1058349609375
1216.14892578125
1157.55322265625
1100.9298095703125
1045.7593994140625
991.5390625
938.50146484375
889.0324096679688
842.8362426757812
800.0706787109375
760.2672119140625
722.3355102539062
686.5963745117188
652.36474609375
619.5029296875
587.9935302734375
557.681884765625
529.9886474609375
504.7924499511719
480.71893310546875
457.1461486816406
436.0487365722656
416.6636962890625
397.96868896484375
379.2167053222656
360.0679931640625
340.78338623046875
322.0635681152344
306.9474792480469
294.7491149902344
284.2906494140625
274.7360534667969
265.5869445800781
256.9977111816406
249.43310546875
242.595947265625
236.82467651367188
