1500.0
1500.0
1500.0
1500.0
1499.9979248046875
1500.0
1500.0
1500.0
1500.0
1500.0
1500.0
1500.0
1495.464599609375
1479.59375
1465.56396484375
1451.9810791015625
1438.827880859375
1425.8515625
1412.5701904296875
1399.5201416015625
1387.054931640625
1374.4931640625
1362.6981201171875
1350.25244140625
1336.3758544921875
1321.85546875
1306.3616943359375
1290.5906982421875
1274.788330078125
1259.04296875
1242.5157470703125
1224.8499755859375
1206.5694580078125
1187.843505859375
1168.4129638671875
100.0
99.9990463256836
99.99994659423828
100.0
99.99999237060547
100.0
100.0
1292.8487548828125
1305.8118896484375
1295.23193359375
1276.9476318359375
1226.381591796875
1188.1785888671875
1137.18798828125
1105.309814453125
1081.4287109375
1061.2518310546875
1042.808349609375
1025.156005859375
1007.9556884765625
991.0477905273438
974.4639892578125
958.2711181640625
942.521484375
927.2254638671875
912.3325805664062
897.7979125976562
883.6124267578125
869.746337890625
856.105224609375
842.6810302734375
829.4169311523438
816.0125122070312
802.89697265625
790.3472900390625
777.9895629882812
766.0949096679688
755.0233764648438
744.07763671875
733.212158203125
722.403076171875
711.6222534179688
701.0093383789062
690.7507934570312
680.7785034179688
670.9739379882812
661.3004150390625
651.722900390625
642.2127685546875
632.7736206054688
623.3694458007812
614.1235961914062
605.1915283203125
596.5298461914062
588.0706787109375
579.9058837890625
572.0491333007812
564.4503173828125
557.0604248046875
549.9420166015625
543.1082763671875
536.288330078125
529.5353393554688
522.8905029296875
