1500.0
1500.005126953125
1500.0
1500.00048828125
1500.0
1500.0
1500.0
1500.0
1454.931640625
1395.017333984375
1340.0625
1289.6536865234375
1242.6806640625
1198.4224853515625
1156.6221923828125
1116.9046630859375
1079.010009765625
1042.422607421875
1007.0233764648438
972.764404296875
939.3989868164062
907.70263671875
876.864013671875
845.212890625
812.6991577148438
780.3780517578125
748.5022583007812
717.0120239257812
685.6184692382812
654.5256958007812
623.7479858398438
593.5945434570312
564.6533813476562
99.9999771118164
99.99501037597656
100.0
100.0
100.0
100.0
856.576904296875
725.95947265625
659.5050048828125
609.4124755859375
564.051025390625
522.544189453125
483.8001708984375
448.43017578125
417.36907958984375
390.139892578125
365.7567138671875
344.21636962890625
324.744384765625
307.38299560546875
291.2150573730469
276.8206787109375
263.70843505859375
251.6461181640625
240.5050048828125
230.1754913330078
220.53997802734375
211.4847869873047
202.94149780273438
194.86306762695312
187.19573974609375
179.90859985351562
172.96304321289062
166.34767150878906
160.04815673828125
154.0454864501953
148.3204345703125
142.86651611328125
137.69000244140625
132.78990173339844
128.1442108154297
123.73030853271484
119.5256118774414
115.52471923828125
111.73279571533203
108.17910766601562
104.83824920654297
101.66780090332031
98.53805541992188
95.60677337646484
92.84104919433594
90.21430206298828
87.68629455566406
85.23361206054688
82.847412109375
80.52159881591797
78.24921417236328
76.02588653564453
73.84767150878906
71.71224212646484
