1500.0
1500.0
1500.0
1499.1956787109375
1500.0
1500.0
1500.0
1500.0
1500.0
1500.0
1500.0
1500.0
1500.0
1500.0
1500.0
1500.0
1500.0
1500.0
1500.0
1500.0
1500.0
1500.0
1500.0
1500.0
1500.0
1500.0
1500.0
1500.0
1500.0
1500.0
1500.0
1500.0
1500.0
99.99977111816406
99.99571990966797
99.99950408935547
100.0
100.0
100.0
100.0
100.0
1500.0
1500.0
1500.0008544921875
1500.0
1500.0
1500.0
1500.0
1500.0
1500.0
1500.0
1500.0
1500.0
1500.0
1500.0
1500.0
1500.0
1500.0
1500.0
1500.0
1500.0
1500.0
1500.0
1500.0
1500.0
1500.0
1500.0
1448.5482177734375
1389.558837890625
1336.54638671875
1285.8271484375
1237.1707763671875
1190.298583984375
1145.260986328125
1106.4337158203125
1072.3448486328125
1038.042724609375
1001.5179443359375
962.4573364257812
921.524169921875
881.2828979492188
842.6354370117188
805.030517578125
770.1535034179688
736.310302734375
713.4197998046875
689.7149658203125
665.0999145507812
630.7883911132812
585.8692626953125
559.4646606445312
536.09716796875
508.9470520019531
494.1843566894531
477.2576599121094
463.78533935546875
450.1758117675781
