1500.0
1500.0
1500.0
1499.823974609375
1500.0
1500.0
1500.0
1500.0
1500.0
1500.0
1500.0
1500.0
1500.0
1500.0
1500.0
1500.0
1500.0
1500.0
1500.0
1500.0
1500.0
1500.0
1500.0
1500.0
1500.0
1500.0
1500.0
1500.0
1500.0
1500.0
1500.0
1500.0
1500.0
100.0
100.0
100.0
100.0
100.0
100.0
1500.0
1500.0
1500.0
1500.0
1500.0
1500.0
1500.0
1500.0
1500.0
1439.278564453125
1352.259521484375
1269.7825927734375
1194.2247314453125
1122.248779296875
1055.3609619140625
993.0012817382812
932.45166015625
873.3314208984375
815.6303100585938
764.6516723632812
719.7656860351562
678.5
641.7644653320312
608.0685424804688
576.3734741210938
546.2330322265625
518.6224975585938
492.0749206542969
466.22088623046875
440.948486328125
419.8831787109375
400.14300537109375
381.46575927734375
363.8302917480469
347.65582275390625
332.65374755859375
318.5768127441406
305.91461181640625
294.4356384277344
284.8055419921875
276.83856201171875
269.1119689941406
261.8611755371094
254.83033752441406
247.1396942138672
238.68983459472656
229.8333282470703
220.78675842285156
211.69406127929688
202.67291259765625
193.94168090820312
185.8677978515625
178.66050720214844
172.1043243408203
