1499.9998779296875
1500.0
1500.0
1500.0
1500.0
1500.0
1500.0
1500.0
1500.0
1500.0
1500.0
1500.0
1500.0
1500.0
1500.0
1500.0
1500.0
1500.0
1500.0
1500.0
1500.0
1500.0
1500.0
1500.0
1500.0
1500.0
1500.0
1500.0
1500.0
1500.0
1500.0
1500.0
1500.0
100.0
100.00006103515625
100.0
100.0
100.0
100.0
1500.0
1500.0
1499.9942626953125
1500.0
1500.0
1500.0
1500.0
1453.262451171875
1387.9466552734375
1324.1226806640625
1261.4842529296875
1200.35546875
1141.291015625
1084.80615234375
1030.8858642578125
979.1510620117188
929.460205078125
881.7581787109375
836.1192016601562
792.4600219726562
750.7659912109375
710.8128051757812
691.4119262695312
672.453125
636.0485229492188
601.5300903320312
569.2639770507812
538.4165649414062
509.2425842285156
481.5964050292969
456.1714782714844
432.2183837890625
409.7213439941406
388.44171142578125
368.4704284667969
350.08282470703125
332.9516296386719
316.6907653808594
301.48004150390625
287.2163391113281
273.7718811035156
261.210205078125
249.49851989746094
238.51756286621094
228.2264862060547
218.5464324951172
209.4447784423828
200.88470458984375
192.81716918945312
185.17120361328125
177.9238739013672
171.0666961669922
164.53887939453125
158.35968017578125
152.50485229492188
146.95840454101562
