1500.0076904296875
1500.0
1500.0
1500.5791015625
1500.3482666015625
1500.0
1500.0
1463.831787109375
1359.255615234375
1320.4263916015625
1303.09765625
1292.641357421875
1288.2969970703125
1284.737548828125
1279.65625
1275.39599609375
1270.2860107421875
1264.84326171875
1258.688232421875
1251.8135986328125
1244.438232421875
1236.430419921875
1228.1334228515625
1219.550537109375
1210.6854248046875
1201.244140625
1191.197509765625
1180.5548095703125
1169.458740234375
1158.208984375
1146.8768310546875
1135.3675537109375
1123.478271484375
1111.0479736328125
1097.9879150390625
1084.3304443359375
1070.123291015625
99.99996185302734
99.9984130859375
100.0
100.0
99.99923706054688
100.00975799560547
1426.1866455078125
1390.1318359375
1348.2962646484375
1256.1778564453125
1197.99951171875
1131.0145263671875
1084.6722412109375
1028.7032470703125
993.21875
968.7099609375
949.7568969726562
933.953857421875
919.9553833007812
906.9143676757812
894.3338623046875
881.9513549804688
869.61279296875
857.3480224609375
844.990966796875
833.035400390625
820.7655639648438
808.187744140625
795.5267333984375
782.662109375
769.9705200195312
757.1111450195312
744.14794921875
731.6676635742188
719.4332275390625
707.4254150390625
695.423095703125
683.4049682617188
671.3170776367188
659.1110229492188
647.3550415039062
635.777099609375
624.3253173828125
613.1089477539062
601.8970336914062
590.8427734375
580.041015625
569.4757080078125
559.1251220703125
548.9632568359375
538.9531860351562
529.0751953125
519.3246459960938
509.7015075683594
500.21044921875
490.8746337890625
481.7003173828125
472.6574401855469
463.76007080078125
455.0164489746094
446.4293212890625
437.99676513671875
429.71441650390625
421.5816345214844
