1500.0
1500.0
1499.9998779296875
1500.0
1500.0
1499.9996337890625
1500.0
1500.0
1500.0
1500.0
1500.0
1488.6363525390625
1472.0902099609375
1455.77685546875
1441.0540771484375
1426.8560791015625
1412.947021484375
1399.314697265625
1385.6085205078125
1372.2978515625
1359.115966796875
1346.155517578125
1333.7548828125
1321.4576416015625
1307.768798828125
1293.074951171875
1277.574951171875
1261.89453125
1246.1123046875
1230.448974609375
1214.1158447265625
1196.61279296875
1178.419921875
1159.674560546875
1140.091552734375
1119.835205078125
100.0
99.99999237060547
99.9972152709961
99.99978637695312
100.0
100.0
100.0
1249.4638671875
1265.6295166015625
1229.38037109375
1144.3817138671875
1094.0335693359375
1061.93603515625
1037.8270263671875
1017.2421264648438
998.3936767578125
980.34033203125
962.7860717773438
945.74609375
929.2498779296875
913.31103515625
897.925537109375
882.9237670898438
868.3153076171875
854.0994873046875
840.1730346679688
826.459716796875
812.8892211914062
799.4706420898438
785.7525634765625
772.7440185546875
760.2100830078125
747.9299926757812
736.4688720703125
725.622802734375
714.8793334960938
704.1607666015625
693.576416015625
683.14208984375
672.814697265625
662.674072265625
652.740478515625
642.9467163085938
633.2689819335938
623.7192993164062
614.3782348632812
605.2474365234375
596.31005859375
587.5449829101562
578.8167114257812
570.3817138671875
562.2857055664062
554.413330078125
546.7562255859375
539.514404296875
532.3009033203125
525.1066284179688
517.876708984375
510.87060546875
504.3057861328125
498.131103515625
494.1474609375
492.1817626953125
