1499.9945068359375
1231.2572021484375
1088.0299072265625
1039.2371826171875
1011.0307006835938
989.3704833984375
971.12548828125
955.6770629882812
939.263427734375
922.9808959960938
908.0702514648438
893.1261596679688
878.4500732421875
863.9943237304688
849.1111450195312
832.4026489257812
813.8078002929688
793.6363525390625
772.5327758789062
751.2877197265625
729.84375
708.9822998046875
689.3839111328125
669.7515258789062
650.3241577148438
631.2681884765625
612.5863647460938
594.2012329101562
576.0338134765625
558.0384521484375
540.1463012695312
522.3013305664062
100.0
100.0
100.0
100.0
100.0
100.0
507.50640869140625
475.0205383300781
452.55224609375
434.7293395996094
418.95208740234375
404.0228271484375
389.3209228515625
374.62713623046875
359.9293212890625
345.3375549316406
330.981201171875
316.871337890625
302.95794677734375
289.3360290527344
276.07025146484375
263.2275695800781
250.86428833007812
239.00091552734375
227.62457275390625
216.74449157714844
206.38381958007812
196.54429626464844
187.21517944335938
178.39163208007812
170.0430450439453
162.1298828125
154.64297485351562
147.5655975341797
140.8656768798828
134.4531707763672
128.38612365722656
122.718994140625
117.40006256103516
112.41439819335938
107.74486541748047
103.36495208740234
99.24706268310547
95.36859893798828
91.71121978759766
88.25421905517578
84.98450469970703
81.89148712158203
78.96529388427734
76.193359375
73.56558990478516
71.07169342041016
68.70236206054688
66.4500961303711
64.30636596679688
62.26445388793945
60.317344665527344
58.454307556152344
56.67129898071289
54.966339111328125
