1499.998779296875
1500.0
1500.0
1500.0
1500.0
1499.9998779296875
1500.0
1500.0
1500.0
1500.0
1500.0
1500.0
1499.9996337890625
1500.0
1500.0
1500.0
1500.0
1500.0
1500.0
1500.0
1500.0
1500.0
1500.0
1500.0
1500.0
1500.0
1500.0
1500.0
1500.0
1500.0
1500.0
1500.0
99.99998474121094
100.0
100.0
100.0
100.0
100.0
1500.0
1500.0
1500.0
1500.0
1500.0
1500.0
1500.0
1500.0
1500.0
1500.0
1500.0
1500.0
1500.0
1500.0
1500.0
1500.0
1500.0
1500.0
1500.0
1500.0
1500.0
1488.1556396484375
1426.920166015625
1375.9969482421875
1331.228271484375
1290.302978515625
1251.99658203125
1216.422119140625
1183.3494873046875
1152.0086669921875
1122.561767578125
1097.18017578125
1074.2900390625
1052.5421142578125
1031.1837158203125
1010.1550903320312
989.6334228515625
969.4823608398438
949.6979370117188
930.2412109375
910.9413452148438
892.05615234375
873.9908447265625
856.9432373046875
840.4773559570312
824.2918701171875
807.2832641601562
790.45849609375
773.1875610351562
756.41259765625
740.8519897460938
727.7506713867188
716.5460815429688
706.9969482421875
