1500.0
1500.0
1499.9998779296875
1499.999267578125
1500.0
1500.0
1500.0
1500.0
1500.0
1500.0
1500.0
1500.0
1500.0
1500.0
1500.0
1500.0
1500.0
1500.0
1500.0
1500.0
1500.0
1500.0
1500.0
1500.0
1500.0
1500.0
1499.9998779296875
1500.0
1500.0
1500.0
1500.0
1500.0
1500.0
100.0
100.0
100.0
100.0
100.0
100.0
1499.7393798828125
1500.0
1499.9998779296875
1500.0
1500.0
1499.9998779296875
1500.001220703125
1499.9998779296875
1499.9998779296875
1500.0
1500.0
1499.998291015625
1500.0
1500.0
1459.248291015625
1389.978271484375
1322.791748046875
1262.480224609375
1207.1021728515625
1154.8829345703125
1105.36376953125
1057.7894287109375
1011.60302734375
966.1028442382812
921.3148803710938
878.1314697265625
838.7048950195312
804.4383544921875
773.6270751953125
744.5597534179688
717.4126586914062
691.6026611328125
667.9102172851562
646.3329467773438
625.0193481445312
603.1865234375
582.2266845703125
561.5139770507812
541.9846801757812
523.3340454101562
507.103759765625
491.24664306640625
473.8099060058594
454.63311767578125
434.4081726074219
413.8525695800781
394.9150390625
376.9857482910156
359.90142822265625
343.1850280761719
326.36163330078125
309.1878662109375
296.8758850097656
289.8717041015625
282.5655212402344
