1499.998779296875
1500.0
1500.0
1500.0
1500.0
1500.0
1500.0
1500.0
1500.0
1500.0
1500.0
1500.0
1500.0
1500.0
1500.0
1500.0
1500.0
1500.0
1500.0
1500.0
1500.0
1500.0
1500.0
1500.0
1500.0
1500.0
1500.0
1500.0
1500.0
1500.0
1500.0
1500.0
100.0
100.0
100.0
100.0
100.0
100.0
1500.0
1500.0
1500.0
1500.0
1500.0
1500.0
1500.0
1500.0
1500.0
1500.0
1500.0
1500.0
1500.0
1500.0
1500.0
1500.0
1500.0
1500.0
1500.0
1500.0
1500.0
1499.818115234375
1263.9693603515625
1180.903076171875
1060.259521484375
1016.8551635742188
997.6686401367188
979.233154296875
942.1295166015625
902.2313842773438
876.74658203125
853.5745849609375
812.6581420898438
779.0150146484375
752.8423461914062
728.9999389648438
705.7218627929688
682.5621948242188
659.2079467773438
636.83447265625
615.6235961914062
595.2940673828125
575.7474975585938
560.543701171875
546.700439453125
533.1569213867188
519.9740600585938
507.0491943359375
494.6221923828125
482.60308837890625
470.0848083496094
457.5686340332031
445.5425720214844
434.0619201660156
423.13800048828125
412.76910400390625
402.9164733886719
