1500.0
1499.9310302734375
1499.9996337890625
1500.0
1500.0
1500.0
1500.0
1500.0
1499.9996337890625
1500.0
1500.0
1500.0
1500.0
1500.0
1500.0
1500.0
1500.0
1500.0
1500.0
1500.0
1500.0
1500.0
1500.0
1499.9998779296875
1491.3609619140625
1443.17431640625
1383.5045166015625
1311.565185546875
1236.286376953125
1161.12158203125
1084.302001953125
1004.7339477539062
923.9963989257812
100.0
99.99981689453125
100.0
100.0
100.0
100.0
1319.1617431640625
1022.7542724609375
853.1371459960938
775.5781860351562
723.2373657226562
682.1505126953125
647.313720703125
617.2672119140625
589.676513671875
564.1484985351562
541.77880859375
522.4566040039062
505.0077819824219
488.9868469238281
473.64080810546875
458.709228515625
444.1849060058594
430.0998840332031
416.5403747558594
403.620849609375
391.4483642578125
380.0376892089844
369.2326965332031
358.8814392089844
348.8946228027344
339.2019348144531
329.7618713378906
320.5260009765625
311.5082702636719
302.71832275390625
294.3062438964844
286.30023193359375
278.7348327636719
271.6566467285156
265.0594787597656
258.8304138183594
252.939453125
247.38385009765625
242.07394409179688
236.96475219726562
232.00596618652344
227.13848876953125
222.36460876464844
217.66844177246094
213.0253448486328
208.44117736816406
203.93161010742188
199.5028533935547
195.1669921875
190.941162109375
186.83584594726562
182.870849609375
179.06045532226562
175.41090393066406
