1500.0
1500.001220703125
1500.0
1500.0
1500.0
1500.0
1500.0
1500.0
1500.0
1500.0
1500.0
1500.0
1500.0
1500.0
1500.0
1500.0
1500.0
1500.0
1500.0
1500.0
1500.0
1500.0
1500.0
1500.0
1500.0
1500.0
1500.0
1500.0
1500.0
1500.0
1500.0
1472.8402099609375
1413.7281494140625
99.99999237060547
99.99905395507812
99.89598083496094
100.0
100.0
100.0
100.0
1500.0
1400.5113525390625
1319.0247802734375
1223.7320556640625
1153.7528076171875
1097.383544921875
1048.4453125
1003.3773803710938
960.4174194335938
918.5801391601562
877.5200805664062
837.9331665039062
800.6627197265625
765.122314453125
730.9739379882812
698.0527954101562
666.2185668945312
635.4193115234375
605.579345703125
576.77392578125
549.0337524414062
522.395751953125
509.46826171875
496.82794189453125
472.4878234863281
449.2794494628906
427.22186279296875
406.2982177734375
386.4672546386719
367.703369140625
349.9523620605469
333.1803283691406
317.304443359375
302.2739562988281
295.0118713378906
287.9007568359375
274.551025390625
261.77923583984375
249.93917846679688
238.78404235839844
228.07688903808594
218.18038940429688
208.88442993164062
200.08847045898438
191.7931365966797
183.9436492919922
176.4944610595703
169.35093688964844
162.6240997314453
156.11390686035156
150.0050048828125
144.3146209716797
138.91571044921875
133.788330078125
128.9139862060547
124.27439880371094
119.86188507080078
