1500.0
1343.443359375
1142.323486328125
1063.4647216796875
1027.538330078125
1006.3517456054688
993.3079833984375
983.644287109375
974.7310791015625
966.8839111328125
959.351806640625
950.8424072265625
941.3937377929688
932.0104370117188
923.1824340820312
914.597900390625
906.62939453125
899.078125
891.631103515625
884.2405395507812
877.0034790039062
869.9799194335938
863.1254272460938
856.3988647460938
849.2744750976562
841.56201171875
833.1145629882812
823.88037109375
813.7964477539062
802.8489379882812
791.0350341796875
778.4074096679688
100.0
100.0
100.0
99.99999237060547
100.0
100.0
927.21875
812.1929321289062
749.9064331054688
715.728759765625
693.2008056640625
677.2463989257812
664.6787109375
653.6331176757812
643.0634155273438
632.4059448242188
621.39306640625
609.9529418945312
598.10595703125
585.9115600585938
573.4443969726562
560.7732543945312
547.9524536132812
535.038330078125
522.0613403320312
509.0393981933594
496.0648193359375
483.06341552734375
470.0394287109375
457.36517333984375
445.2595520019531
432.79791259765625
420.133056640625
407.5867004394531
395.34979248046875
383.4499206542969
371.8429260253906
360.4975891113281
349.36669921875
338.4191589355469
327.6339111328125
317.0518493652344
306.7023010253906
296.62042236328125
286.8125
277.2935791015625
268.06585693359375
259.14923095703125
250.5806121826172
242.37086486816406
234.42433166503906
226.7172088623047
219.24562072753906
211.98829650878906
204.9239959716797
198.0673370361328
194.71563720703125
191.4087371826172
184.96768188476562
178.73760986328125
172.7173614501953
