1499.9998779296875
1500.0
1500.0
1500.0
1500.0
1500.0
1500.0
1500.0
1500.0
1500.0
1500.0
1500.0
1500.0
1500.0
1500.0
1500.0
1500.0
1500.0
1500.0
1500.0
1500.0
1500.0
1500.0
1500.0
1500.0
1500.0
1500.0
1500.0
1500.0
1500.0
1500.0
1500.0
99.99353790283203
100.0
100.0
100.0
100.0
100.0
1500.0
1500.0
1500.0
1500.0
1500.0
1500.0
1500.0
1500.0
1500.0
1500.0
1500.0
1500.0
1500.0
1500.0
1500.0
1500.0
1500.0
1500.0
1500.0
1500.0
1500.0
1500.0
1500.0
1500.0
1461.036376953125
1413.743408203125
1367.9171142578125
1322.767822265625
1278.0723876953125
1234.0445556640625
1190.8756103515625
1148.488037109375
1106.9180908203125
1066.558349609375
1027.8607177734375
990.51318359375
954.41748046875
919.2928466796875
883.6066284179688
849.7232666015625
816.36376953125
784.1372680664062
753.1470336914062
723.4901123046875
695.4142456054688
668.7113647460938
643.4366455078125
619.3851928710938
596.7095336914062
575.2530517578125
555.2041015625
536.1463623046875
518.47314453125
501.85107421875
