1500.0
1499.9998779296875
1499.9998779296875
1500.0
1500.0
1500.0
1500.0
1500.0
1500.0
1500.0
1500.0
1500.0
1500.0
1500.0
1500.0
1500.0
1500.0
1500.0
1500.0
1500.0
1500.0
1500.0
1500.0
1500.0
1500.0
1500.0
1500.0
1500.0
1500.0
1500.0
1500.0
1500.0
100.0
100.0
100.0
100.0
100.0
100.0
1500.0
1500.0
1500.0
1500.0
1500.0
1500.0
1500.0
1500.0
1500.0
1500.0
1500.0
1500.0
1500.0
1500.0
1500.0
1500.0
1500.0
1500.0
1491.932861328125
1433.1905517578125
1371.3375244140625
1309.050537109375
1248.51171875
1188.502197265625
1132.9110107421875
1078.1177978515625
1022.0020751953125
964.8952026367188
907.632568359375
853.9540405273438
803.7398071289062
761.8170166015625
725.5988159179688
693.7273559570312
663.0126342773438
633.2371826171875
604.4447631835938
577.7138671875
553.2891845703125
529.196533203125
506.32489013671875
486.2515869140625
468.5170593261719
450.28271484375
430.229736328125
409.010986328125
387.0790100097656
364.8892517089844
341.67083740234375
319.64849853515625
301.9010925292969
287.586669921875
272.8715515136719
255.95855712890625
