1499.9993896484375
1499.6138916015625
1500.0
1500.0
1500.0
1500.0
1500.0
1500.0
1500.0
1500.0
1500.0
1500.0
1500.0
1500.0
1500.0
1499.9876708984375
1500.0
1500.0
1500.0
1500.0
1500.0
1500.0
1500.0
1500.0
1500.0
1500.0
1500.0
1500.0
1500.0
1500.0
1500.0
1500.0
100.0
100.0
100.0
100.0
100.0
100.0
1500.0
1499.996826171875
1500.0
1500.0
1500.0
1500.0
1500.0
1500.0
1500.0
1500.0
1500.0
1500.0
1500.0
1500.0
1500.0
1500.0
1500.0
1500.0
1500.0
1466.2562255859375
1407.6177978515625
1349.610595703125
1292.28271484375
1236.098876953125
1181.764404296875
1129.4337158203125
1078.9566650390625
1030.177490234375
983.0508422851562
937.5438232421875
893.6362915039062
851.3763427734375
810.7598266601562
771.7757568359375
734.4255981445312
698.5624389648438
664.204345703125
631.2608032226562
599.6458740234375
569.5987548828125
540.6829833984375
513.2232666015625
487.9786376953125
464.13226318359375
441.6504821777344
420.3944091796875
400.2750549316406
381.0794982910156
362.85516357421875
345.8299865722656
329.8105773925781
314.58477783203125
300.1751708984375
286.5614929199219
273.6191711425781
