1500.0
1500.0
1500.0
1500.0
1500.0
1500.0
1500.0
1500.0
1500.0
1500.0
1500.0
1500.0
1500.0
1500.0
1500.0
1500.0
1500.0
1500.0
1500.0
1500.0
1500.0
1500.0
1500.0
1500.0
1500.0
1500.0
1500.0
1500.0
1500.0
1500.0
1500.0
1500.0
100.0
100.0
100.0
100.0
100.0
100.0
1500.0
1500.0
1500.0
1500.0
1500.0
1500.0
1500.0
1500.0
1500.0
1500.0
1500.0
1500.0
1500.0
1500.0
1425.56396484375
1353.187255859375
1283.860107421875
1220.225830078125
1159.5457763671875
1099.6170654296875
1040.72802734375
984.9431762695312
932.2351684570312
881.572509765625
834.0726928710938
791.2394409179688
750.9639282226562
731.45947265625
712.2330322265625
674.7861938476562
638.6242065429688
603.0446166992188
570.8034057617188
541.7360229492188
513.9407958984375
487.64166259765625
463.6253967285156
441.39007568359375
427.0726623535156
420.04217529296875
398.990234375
377.66107177734375
356.40008544921875
337.3306579589844
321.1377258300781
307.809814453125
296.13067626953125
285.2757568359375
275.38641357421875
266.367431640625
258.7095642089844
251.9672393798828
245.64849853515625
239.48179626464844
233.3811798095703
227.44338989257812
