1499.99951171875
1499.9998779296875
1500.0
1500.0
1500.0
1500.0
1500.0
1500.0
1500.0
1500.0
1500.0
1500.0
1500.0
1500.0
1500.0
1500.0
1500.0
1500.0
1500.0
1500.0
1500.0
1500.0
1500.0
1500.0
1500.0
1500.0
1500.0
1500.0
1500.0
1500.0
1500.0
1500.0
100.0
100.0
100.0
100.0
100.0
100.0
1500.0
1500.0
1500.0
1500.0
1500.0
1500.0
1500.0
1500.0
1500.0
1500.0
1500.0
1500.0
1500.0
1500.0
1500.0
1500.0
1500.0
1500.0
1500.0
1500.0
1500.0
1500.0
1499.92626953125
1434.6199951171875
1372.483154296875
1312.181396484375
1253.5927734375
1196.6387939453125
1141.353759765625
1087.873291015625
1036.07666015625
986.3931274414062
938.6654663085938
892.8572998046875
849.2955322265625
807.8839721679688
768.3941650390625
730.8696899414062
695.1911010742188
660.496826171875
627.5796508789062
597.6199951171875
569.0250244140625
541.9840087890625
516.7071533203125
492.8042297363281
470.25250244140625
448.8584899902344
428.5321350097656
409.4774475097656
391.4626159667969
374.3802490234375
358.02374267578125
342.4747314453125
