1498.966552734375
1500.3197021484375
1500.0
1500.0
1500.0
1500.0
1500.0
1500.0
1500.0
1500.0
1500.0
1500.0
1500.0
1500.0
1500.0
1500.0
1500.0
1500.0
1500.0
1500.0
1500.0
1493.88818359375
1480.933837890625
1466.880615234375
1449.5452880859375
1429.9903564453125
1409.686279296875
1388.9447021484375
1367.4598388671875
1345.0897216796875
1321.42724609375
1296.023681640625
99.99999237060547
100.0
100.0
100.0
100.0
100.0
1500.0
1455.1495361328125
1393.2061767578125
1307.1011962890625
1244.4468994140625
1194.221435546875
1151.681396484375
1113.750732421875
1078.5081787109375
1044.774169921875
1011.9375610351562
979.7743530273438
948.4878540039062
917.7255859375
887.07080078125
856.3096313476562
825.4517211914062
795.40966796875
766.1024169921875
737.345703125
708.9888916015625
681.1431884765625
654.0213012695312
625.6873779296875
599.3597412109375
574.3320922851562
550.7530517578125
528.3550415039062
507.29718017578125
487.09326171875
467.4595947265625
449.2604064941406
432.19219970703125
415.5153503417969
399.6062316894531
384.50799560546875
370.07135009765625
356.1142272949219
342.65167236328125
329.5029602050781
317.01837158203125
305.481201171875
295.23162841796875
286.07440185546875
277.73309326171875
269.97943115234375
262.6690979003906
255.74136352539062
249.1310272216797
242.83448791503906
236.88037109375
231.2047882080078
225.77947998046875
220.55825805664062
215.5198211669922
