1500.0098876953125
1499.9996337890625
1500.0
1500.0
1500.0
1500.0
1500.0
1500.0
1500.0
1500.0
1500.0
1500.0
1500.0
1500.0
1500.0
1500.0
1500.0
1500.0
1500.0
1500.0
1500.0
1500.0
1500.0
1500.0
1500.0
1500.0
1500.0
1500.0
1500.0
1500.0
1500.0
1500.0
100.0
100.0
100.0
100.0
100.0
100.0
1500.0
1499.999755859375
1499.9945068359375
1483.729248046875
1434.8077392578125
1393.651123046875
1354.1099853515625
1313.7203369140625
1271.8414306640625
1229.216552734375
1186.3941650390625
1145.4522705078125
1104.5018310546875
1063.3265380859375
1022.0116577148438
983.58447265625
946.6182250976562
910.5866088867188
875.545654296875
841.3445434570312
807.6625366210938
774.7374877929688
742.983154296875
712.3505249023438
682.9005737304688
654.7701416015625
627.9834594726562
602.4804077148438
578.0385131835938
554.486572265625
531.5355224609375
509.5534362792969
488.6782531738281
468.7297668457031
449.64605712890625
431.3687438964844
414.0164794921875
397.18511962890625
380.98065185546875
365.71173095703125
351.1680908203125
337.4266052246094
325.2496643066406
314.13177490234375
303.68353271484375
293.71990966796875
284.2353210449219
275.08282470703125
266.28082275390625
257.7518615722656
249.60586547851562
242.01878356933594
234.94937133789062
228.44046020507812
222.34523010253906
