2054.235107421875
2011.6651611328125
1513.2476806640625
1340.164306640625
1288.2496337890625
1236.0400390625
1193.2711181640625
1159.5450439453125
1131.1927490234375
1107.8299560546875
1087.0399169921875
1065.6278076171875
1042.51171875
1018.6097412109375
994.2296142578125
976.478271484375
961.22119140625
946.1941528320312
931.2088623046875
919.7232666015625
909.9328002929688
898.8917846679688
887.6649169921875
876.904052734375
867.84912109375
860.10498046875
852.4172973632812
843.6201171875
833.6666259765625
823.533447265625
814.67138671875
807.1503295898438
116.95845794677734
118.22380828857422
118.45645904541016
118.72225189208984
118.98641204833984
119.2574691772461
906.5419311523438
722.7283935546875
756.7423095703125
772.0347900390625
778.306640625
793.4502563476562
801.3092651367188
810.6597900390625
820.5222778320312
828.828125
835.4638671875
842.1452026367188
848.6484375
858.0930786132812
872.65673828125
889.2035522460938
905.54541015625
921.8250122070312
939.2964477539062
958.0419311523438
976.9939575195312
995.412109375
1013.8944091796875
1032.2974853515625
1050.4071044921875
1068.097412109375
1084.477294921875
1098.9443359375
1111.6331787109375
1122.7750244140625
1132.4283447265625
1140.4178466796875
1146.3699951171875
1149.876220703125
1151.2916259765625
1152.231201171875
1151.9796142578125
1150.3485107421875
1147.3624267578125
1143.1644287109375
1138.1229248046875
1132.6728515625
1126.831298828125
1120.2269287109375
1112.6845703125
1104.1048583984375
1094.5821533203125
1084.0634765625
1072.573486328125
1060.1446533203125
1046.830810546875
1032.7550048828125
1018.1173095703125
1003.0376586914062
