0.4822300374507904
0.5153696537017822
0.6603582501411438
0.9438389539718628
1.0207496881484985
1.0292209386825562
1.036508321762085
1.045478343963623
1.0567151308059692
1.0713016986846924
1.087784767150879
1.1001553535461426
1.1178572177886963
1.1315438747406006
1.148845911026001
1.1650129556655884
1.179607629776001
1.1958366632461548
1.2125968933105469
1.2341176271438599
1.2598295211791992
1.2899764776229858
1.3271374702453613
1.3752721548080444
1.4331151247024536
1.5075929164886475
1.62488853931427
1.7902153730392456
1.9888275861740112
1.9660794734954834
1.9658465385437012
1.9842782020568848
0.042402658611536026
0.03461407124996185
0.036478687077760696
0.037165723741054535
0.0373641736805439
0.03748441860079765
1.4909439086914062
2.2181382179260254
2.3266382217407227
8.644074440002441
17.176389694213867
22.853900909423828
27.13096046447754
30.64853286743164
34.25080871582031
38.906776428222656
43.8404655456543
48.691261291503906
53.4503173828125
58.114044189453125
62.9512825012207
67.54487609863281
71.95124053955078
76.19351196289062
80.28109741210938
84.17475128173828
87.91831970214844
91.68063354492188
95.4520034790039
99.03385162353516
102.57720184326172
106.04485321044922
109.01510620117188
111.56719970703125
113.75389099121094
115.59796905517578
117.10527801513672
118.287841796875
119.21802520751953
119.97393798828125
120.58599853515625
121.06868743896484
121.43772888183594
121.70845794677734
122.08238220214844
122.48123168945312
122.72631072998047
122.86495971679688
122.92182159423828
122.8897476196289
122.79502868652344
122.6401138305664
122.41643524169922
122.04246520996094
121.48963165283203
120.854248046875
120.18280792236328
119.4932632446289
118.79915618896484
118.10543823242188
