2011.9351806640625
2387.5732421875
2233.65576171875
2282.341796875
2212.990478515625
2139.7216796875
2102.5869140625
2085.547119140625
2078.0068359375
2089.06982421875
2101.952392578125
2126.35107421875
2158.69970703125
2180.4755859375
2191.548095703125
2201.9765625
2220.79345703125
2247.6328125
2279.8095703125
2313.077392578125
2347.521484375
2383.23046875
2419.787841796875
2460.023193359375
2507.848876953125
2567.947998046875
2641.841796875
2728.52099609375
2827.405517578125
2937.02734375
3056.487060546875
3184.949462890625
104.75021362304688
104.77496337890625
106.45674133300781
107.57684326171875
108.46885681152344
109.30876159667969
2114.3505859375
3144.94091796875
3507.2705078125
3666.453857421875
3787.572265625
3922.078857421875
3953.71630859375
3999.106689453125
4059.4775390625
4127.3056640625
4203.87255859375
4278.66455078125
4353.75048828125
4436.69970703125
4511.828125
4581.08056640625
4641.4775390625
4690.8544921875
4737.8583984375
4791.513671875
4845.41015625
4895.7294921875
4933.208984375
4963.107421875
4983.66748046875
4992.7060546875
4996.3603515625
4988.76025390625
4970.06298828125
4939.69189453125
4897.69970703125
4844.72216796875
4782.25341796875
4711.77294921875
4634.59375
4551.974609375
4464.83837890625
4374.02197265625
4279.86376953125
4180.525390625
4076.676025390625
3972.44140625
3866.950439453125
3760.15771484375
3652.87841796875
3545.76171875
3439.49462890625
3334.627197265625
3231.26318359375
3129.268310546875
3029.196044921875
2931.93212890625
2835.968017578125
2741.34814453125
