2069.896484375
2038.4676513671875
2001.9228515625
2022.236328125
2054.380615234375
2071.6201171875
2086.570068359375
2098.015380859375
2109.55517578125
2116.004150390625
2123.26806640625
2134.907958984375
2143.55224609375
2154.2236328125
2166.790771484375
2188.737548828125
2215.19970703125
2241.55126953125
2266.052978515625
2288.1005859375
2315.05078125
2346.241455078125
2390.577392578125
2455.257080078125
2537.6650390625
2634.483154296875
2744.476318359375
2865.885498046875
2996.050048828125
3133.798583984375
3278.353515625
3429.766845703125
123.80378723144531
123.9825439453125
124.51406860351562
124.98893737792969
125.38408660888672
125.7218246459961
2709.118408203125
3375.56201171875
3619.840087890625
3765.995361328125
3904.52978515625
4056.769287109375
4226.62158203125
4411.87939453125
4608.3349609375
4811.78125
5019.0693359375
5229.16552734375
5442.4423828125
5657.83349609375
5877.35302734375
6103.9833984375
6338.79736328125
6580.30712890625
6816.99462890625
7047.28857421875
7266.390625
7469.3232421875
7662.4296875
7847.73046875
8028.2138671875
8201.927734375
8366.8408203125
8516.5498046875
8650.5947265625
8769.1943359375
8872.7158203125
8964.181640625
9046.9375
9122.9794921875
9193.224609375
8974.744140625
8683.0849609375
8416.5263671875
8163.646484375
7920.66552734375
7685.1201171875
7456.25537109375
7233.87255859375
7014.11962890625
6796.390625
6581.0419921875
6368.55712890625
6159.6513671875
5954.740234375
5754.10205078125
5558.11376953125
5366.58544921875
5179.0947265625
5010.9814453125
