1499.99853515625
1500.0
1500.0
1500.0
1498.26513671875
1500.0
1500.0
1500.0
1500.0
1500.0
1500.0
1500.0
1500.0
1500.0
1500.0
1500.0
1481.577880859375
1451.428955078125
1428.7623291015625
1409.156005859375
1389.3111572265625
1367.7025146484375
1346.6856689453125
1325.1400146484375
1302.67578125
1281.2965087890625
1259.73046875
1238.345703125
1216.64599609375
1194.6395263671875
1173.1578369140625
1149.97509765625
100.0
100.0
100.0
100.0
100.0
100.0
1499.9564208984375
1242.0631103515625
1123.755615234375
1063.7955322265625
1030.0931396484375
1005.6344604492188
981.9840698242188
956.6746215820312
929.6514282226562
900.8201904296875
871.38232421875
843.875732421875
816.4991455078125
789.9093627929688
764.0530395507812
739.1055297851562
716.8389892578125
702.0505981445312
687.5756225585938
674.1859741210938
661.4342041015625
648.4620971679688
635.7991333007812
622.9122924804688
609.822021484375
596.6885986328125
583.6680297851562
570.8489990234375
558.2081298828125
545.6981201171875
533.2855834960938
520.9656982421875
508.7593994140625
496.6729736328125
484.7315673828125
472.95452880859375
461.3998718261719
450.1363830566406
439.14483642578125
428.3692932128906
417.7590026855469
407.26373291015625
396.85931396484375
386.5818786621094
376.49432373046875
366.6580505371094
357.0958251953125
347.8578186035156
338.9761657714844
330.4986572265625
322.438720703125
314.7872009277344
307.4844055175781
300.32122802734375
