2047.4945068359375
2009.160400390625
1459.6602783203125
1355.4794921875
1289.315673828125
1234.4073486328125
1196.3433837890625
1162.413330078125
1133.9193115234375
1110.6297607421875
1085.9017333984375
1060.8389892578125
1041.079345703125
1023.0869750976562
1007.258056640625
998.7958984375
991.073974609375
980.71533203125
968.7318725585938
955.9036865234375
942.8429565429688
929.653076171875
916.3324584960938
902.775390625
888.9234008789062
876.6889038085938
867.3403930664062
860.8568725585938
852.9219970703125
844.2300415039062
835.2925415039062
826.34619140625
120.43058776855469
120.46073150634766
120.60771179199219
120.96698760986328
121.41423797607422
121.86399841308594
967.9519653320312
836.8181762695312
825.8590698242188
814.8239135742188
807.3418579101562
795.9566650390625
780.98291015625
764.9627075195312
749.1879272460938
732.8739013671875
716.595458984375
700.8851318359375
686.9318237304688
697.7589111328125
709.8819580078125
719.76416015625
729.4691772460938
738.0206909179688
746.0228271484375
756.4427490234375
768.0381469726562
782.9017944335938
797.5046997070312
809.6080322265625
822.6099243164062
834.7448120117188
846.2388305664062
858.1927490234375
872.4042358398438
890.0263061523438
910.3466186523438
932.107177734375
954.2153930664062
975.3314208984375
994.2789916992188
1010.5791625976562
1023.9661254882812
1034.6993408203125
1043.5770263671875
1051.21875
1058.47998046875
1065.81396484375
1072.8681640625
1079.36865234375
1085.239990234375
1089.4156494140625
1091.9208984375
1092.997802734375
1092.88037109375
1092.0394287109375
1090.986572265625
1089.780517578125
1088.5545654296875
1086.7506103515625
