2072.788818359375
2039.2774658203125
1999.28515625
2028.2900390625
2097.083251953125
2076.95361328125
2054.40087890625
2046.664306640625
2045.3660888671875
2043.66796875
2049.471435546875
2051.406005859375
2062.68212890625
2077.422119140625
2092.000732421875
2109.8408203125
2120.369384765625
2124.3447265625
2127.19287109375
2133.853759765625
2142.234375
2149.573486328125
2156.35107421875
2167.794921875
2182.4365234375
2198.71044921875
2215.972412109375
2236.004638671875
2261.286376953125
2295.45361328125
2340.3916015625
2395.71240234375
122.94930267333984
123.626708984375
123.72333526611328
123.82103729248047
123.9226303100586
124.02586364746094
1799.4697265625
1917.088134765625
2306.904052734375
2562.033447265625
2738.864501953125
2872.434326171875
2987.54296875
3098.391845703125
3212.462890625
3336.3046875
3471.051025390625
3613.820068359375
3764.463623046875
3922.865234375
4093.78759765625
4281.01220703125
4470.734375
4677.10791015625
4878.85693359375
5077.79248046875
5267.20458984375
5446.3828125
5550.17822265625
5458.5625
5377.17919921875
5301.6064453125
5232.07080078125
5168.88427734375
5100.6611328125
5032.0068359375
4963.60546875
4895.6796875
4822.056640625
4744.6962890625
4664.3857421875
4581.5615234375
4495.5927734375
4417.53564453125
4343.06494140625
4264.25634765625
4182.43701171875
4098.369140625
4013.56298828125
3928.3076171875
3841.519287109375
3753.822998046875
3665.9033203125
3577.425048828125
3488.727783203125
3399.616943359375
3311.02783203125
3223.14599609375
3136.415283203125
3050.94677734375
