2036.65234375
2271.49072265625
2497.20166015625
2350.909912109375
2265.543701171875
2213.923583984375
2177.096923828125
2141.81103515625
2127.038818359375
2120.382080078125
2118.014404296875
2125.755615234375
2147.31884765625
2175.63037109375
2202.703857421875
2223.11328125
2240.87890625
2257.13720703125
2269.96044921875
2279.603515625
2292.052490234375
2307.694091796875
2326.693115234375
2346.9521484375
2369.15673828125
2400.397705078125
2447.0341796875
2509.16259765625
2585.27978515625
2672.76318359375
2769.342041015625
2872.805908203125
111.59968566894531
106.98388671875
106.11064910888672
106.23274993896484
106.58355712890625
106.98636627197266
1732.3212890625
2763.50439453125
3114.806640625
3279.483642578125
3399.110107421875
3512.8857421875
3633.01318359375
3765.1689453125
3902.80859375
3916.861328125
3952.953125
3998.008544921875
4045.300537109375
4091.973388671875
4138.17529296875
4183.603515625
4223.40478515625
4266.7880859375
4309.5537109375
4348.171875
4385.32763671875
4416.86328125
4440.8046875
4457.63232421875
4477.4248046875
4504.0751953125
4524.62548828125
4536.5869140625
4538.47900390625
4532.0458984375
4519.41845703125
4499.63037109375
4472.0712890625
4439.1220703125
4401.36474609375
4359.01953125
4307.59326171875
4247.71435546875
4180.833984375
4108.6533203125
4032.42822265625
3952.7607421875
3870.11865234375
3785.10205078125
3698.76806640625
3611.90576171875
3524.778564453125
3437.62890625
3350.21923828125
3262.289306640625
3174.727294921875
3088.0966796875
3002.985107421875
2919.597900390625
