2044.5477294921875
2015.508056640625
2044.6300048828125
2061.514404296875
2045.2108154296875
2033.6890869140625
2024.073974609375
2025.5107421875
2038.2052001953125
2043.888916015625
2041.6473388671875
2039.4898681640625
2045.07373046875
2052.300048828125
2067.755859375
2089.33935546875
2116.68310546875
2144.915771484375
2176.168212890625
2232.87158203125
2311.03466796875
2402.46923828125
2504.362548828125
2616.595458984375
2740.87255859375
2877.40673828125
3024.368896484375
3181.55859375
3347.19677734375
3519.785888671875
3701.12109375
3889.49951171875
145.58929443359375
180.46273803710938
200.53077697753906
210.623046875
216.82537841796875
221.63165283203125
4581.720703125
4777.80712890625
4977.99853515625
5168.24609375
5356.04296875
5547.359375
5750.83056640625
5971.2734375
6209.9892578125
6470.85693359375
6756.68017578125
7074.54345703125
7426.13232421875
7816.822265625
8242.4052734375
8725.7158203125
9227.4013671875
9744.505859375
10279.1259765625
10837.4150390625
11433.669921875
12048.1728515625
12681.1279296875
13330.0791015625
14001.4150390625
14698.439453125
15414.4892578125
15940.76171875
15984.99609375
16018.005859375
16028.263671875
16013.921875
15976.279296875
15917.7119140625
15841.5009765625
15747.7255859375
15636.3994140625
15509.5029296875
15368.263671875
15213.6396484375
15048.525390625
14871.908203125
14684.4013671875
14487.5361328125
14280.01953125
14061.5830078125
13836.451171875
13608.2724609375
13375.423828125
13135.416015625
12872.095703125
12625.013671875
12377.541015625
12131.0751953125
