2072.1240234375
2041.434814453125
2008.7635498046875
2021.3349609375
2076.427734375
2070.3056640625
2059.412841796875
2048.406982421875
2043.62060546875
2042.3565673828125
2041.542724609375
2039.3052978515625
2035.8077392578125
2050.10986328125
2060.750732421875
2077.1982421875
2091.786376953125
2097.152099609375
2101.486572265625
2107.96484375
2116.897705078125
2126.407958984375
2134.7470703125
2142.50244140625
2149.198486328125
2156.96435546875
2167.9208984375
2181.03564453125
2197.237548828125
2222.384765625
2256.638916015625
2305.31640625
124.44813537597656
124.96424865722656
125.1112060546875
125.26514434814453
125.41483306884766
125.55792236328125
1822.728759765625
1904.0115966796875
2061.51416015625
2345.210693359375
2549.143798828125
2691.336669921875
2801.237548828125
2896.491943359375
2991.231201171875
3093.558837890625
3203.025390625
3319.628173828125
3442.04150390625
3571.3984375
3708.518310546875
3852.04150390625
3999.3740234375
4152.8798828125
4309.87841796875
4477.5263671875
4658.78466796875
4844.28076171875
5035.46044921875
5233.30908203125
5438.7900390625
5510.1884765625
5437.275390625
5370.599609375
5308.01416015625
5255.2353515625
5197.236328125
5130.22900390625
5059.8984375
4986.8330078125
4910.224609375
4826.89990234375
4739.8330078125
4657.30810546875
4573.4716796875
4475.03564453125
4374.9072265625
4279.44873046875
4188.0244140625
4098.67236328125
4010.34228515625
3910.341796875
3812.441162109375
3721.02734375
3629.0302734375
3530.4365234375
3418.784912109375
3308.57080078125
3204.75390625
3102.654296875
3001.14794921875
