2083.9716796875
2063.272705078125
2037.88818359375
2019.2451171875
2006.881591796875
1997.7305908203125
2029.8165283203125
2044.2978515625
2047.632568359375
2048.5712890625
2046.9913330078125
2052.14990234375
2065.62255859375
2081.441162109375
2094.635498046875
2109.3662109375
2128.974365234375
2153.794921875
2174.85791015625
2196.34912109375
2219.775634765625
2253.369873046875
2302.964599609375
2367.075439453125
2448.997314453125
2546.02783203125
2658.816162109375
2787.05712890625
2929.490966796875
3084.21240234375
3248.646240234375
3420.88916015625
146.84849548339844
139.63365173339844
147.69801330566406
156.0362091064453
162.99559020996094
168.6334991455078
3660.873046875
3848.09228515625
3942.628662109375
4035.99609375
4156.3837890625
4310.353515625
4495.43408203125
4703.98193359375
4930.537109375
5170.3330078125
5420.97607421875
5681.19677734375
5949.99462890625
6232.25
6522.28955078125
6820.568359375
7131.6923828125
7501.78857421875
7868.03466796875
8237.703125
8642.20703125
9047.396484375
9480.095703125
9932.5751953125
10402.1474609375
10874.5224609375
11340.4267578125
11798.103515625
12247.05078125
12686.59765625
13117.7763671875
13544.826171875
13972.6708984375
14398.6845703125
14815.0498046875
15215.201171875
15599.203125
15963.1533203125
16308.9521484375
16637.857421875
16950.58984375
17247.90234375
17528.375
17787.294921875
18027.61328125
18249.703125
18442.404296875
18614.298828125
18769.21875
18896.55859375
19002.091796875
19089.228515625
19167.50390625
19219.484375
