1933.08642578125
1468.214599609375
1151.73486328125
975.2318725585938
889.4002075195312
885.3145141601562
866.2940063476562
843.8892211914062
820.8336181640625
797.722900390625
774.75830078125
751.6860961914062
730.887939453125
711.8060302734375
690.0385131835938
667.3357543945312
643.4148559570312
622.0841064453125
602.9063110351562
582.589599609375
561.0399169921875
539.01806640625
517.080078125
495.8077697753906
479.6708984375
464.3266296386719
448.835693359375
437.0423583984375
431.5518493652344
432.3366394042969
430.3331604003906
426.2499084472656
124.74952697753906
126.7659683227539
128.0584259033203
128.9257354736328
129.29981994628906
129.4517059326172
454.596435546875
355.5657043457031
411.9055480957031
456.193603515625
453.34832763671875
431.59588623046875
408.20306396484375
386.4019775390625
369.7059326171875
358.9444885253906
352.1828308105469
347.4804992675781
343.51995849609375
341.6690673828125
340.8609924316406
340.04962158203125
339.06866455078125
338.1639099121094
337.2200927734375
336.4423522949219
336.86407470703125
338.65203857421875
341.3265380859375
343.5507507324219
346.0960693359375
349.291748046875
352.84295654296875
358.2384033203125
364.68505859375
373.6285095214844
383.44329833984375
393.0976867675781
403.82208251953125
417.76068115234375
435.1128845214844
457.48193359375
483.1708984375
510.1904296875
537.7931518554688
565.7653198242188
593.500732421875
619.5606079101562
643.1325073242188
664.4440307617188
684.1365356445312
702.6027221679688
719.740966796875
735.3908081054688
749.3390502929688
761.290283203125
771.1640014648438
779.0844116210938
785.1312255859375
789.3954467773438
