2072.2685546875
2040.182861328125
2008.4608154296875
2082.177978515625
2064.263427734375
2055.49169921875
2049.02587890625
2043.61669921875
2042.4373779296875
2044.3267822265625
2047.088134765625
2049.79931640625
2053.178466796875
2054.087158203125
2054.857421875
2061.34912109375
2068.489990234375
2075.220458984375
2077.317626953125
2078.643798828125
2082.018310546875
2093.242431640625
2109.86962890625
2120.8779296875
2133.418701171875
2148.75927734375
2165.575439453125
2189.00634765625
2216.286376953125
2242.89111328125
2271.254150390625
2308.9169921875
116.62017059326172
117.83719635009766
118.82946014404297
119.75452423095703
120.56452941894531
121.28208923339844
1849.2899169921875
2000.3746337890625
2253.25537109375
2488.427490234375
2689.95947265625
2887.638427734375
3082.4658203125
3274.676025390625
3237.17724609375
3196.575927734375
3166.1923828125
3136.1123046875
3099.43359375
3052.905029296875
2997.04833984375
2934.12060546875
2861.598876953125
2837.16064453125
2842.99853515625
2850.8046875
2865.9443359375
2881.941650390625
2902.957275390625
2922.220947265625
2938.82177734375
2951.5888671875
2960.8271484375
2963.185791015625
2952.28125
2933.47705078125
2909.730712890625
2880.2099609375
2844.692138671875
2803.670654296875
2763.094482421875
2725.898193359375
2692.2919921875
2660.909423828125
2629.944091796875
2598.54248046875
2565.738525390625
2531.62060546875
2496.217041015625
2459.107177734375
2420.758056640625
2382.6865234375
2346.4111328125
2312.3984375
2281.293701171875
2252.9306640625
2225.082763671875
2197.634765625
2170.24560546875
2142.612060546875
