2075.896240234375
2043.9976806640625
2006.654541015625
2017.115234375
2093.177734375
2081.564697265625
2068.71728515625
2056.697509765625
2052.698486328125
2053.13720703125
2053.656494140625
2060.870361328125
2069.489013671875
2074.06884765625
2086.50830078125
2097.625732421875
2103.063720703125
2106.043212890625
2117.385009765625
2129.817138671875
2142.670654296875
2155.739990234375
2166.023193359375
2175.818359375
2191.504638671875
2216.427978515625
2253.03955078125
2296.777099609375
2343.45947265625
2398.233154296875
2460.95361328125
2531.181640625
122.65782928466797
124.36260223388672
124.43917846679688
124.50850677490234
124.58403015136719
124.65969848632812
1802.144775390625
2205.23193359375
2496.425048828125
2718.27001953125
2915.0771484375
3104.305908203125
3296.09521484375
3491.711181640625
3694.71435546875
3905.582763671875
4120.3193359375
4338.3623046875
4543.89697265625
4733.9404296875
4922.0126953125
5109.46240234375
5300.24560546875
5493.83203125
5692.39306640625
5727.25537109375
5625.5341796875
5531.39599609375
5447.533203125
5373.96533203125
5299.408203125
5221.52734375
5137.9912109375
5047.7802734375
4951.37060546875
4851.61474609375
4750.62451171875
4650.77978515625
4558.3193359375
4474.361328125
4387.3369140625
4298.01708984375
4204.38916015625
4105.4326171875
4004.4150390625
3903.98095703125
3805.474853515625
3709.408935546875
3614.649658203125
3521.132568359375
3430.1552734375
3341.429931640625
3253.03173828125
3161.746826171875
3069.541259765625
2977.878173828125
2879.7021484375
2822.94970703125
2780.272216796875
2681.533203125
2582.250244140625
