2056.789794921875
2020.7919921875
2035.2037353515625
2048.0185546875
2070.012939453125
2080.85302734375
2137.91796875
2168.77783203125
2174.77685546875
2172.917724609375
2173.067138671875
2176.060791015625
2177.324462890625
2184.01953125
2185.28271484375
2183.353759765625
2180.71044921875
2183.85498046875
2186.93896484375
2190.49072265625
2196.880859375
2213.21484375
2244.12158203125
2289.6552734375
2349.38427734375
2417.279052734375
2491.933837890625
2581.815673828125
2683.615966796875
2792.83935546875
2910.9140625
3035.9462890625
119.10043334960938
131.4356231689453
135.2345428466797
134.68087768554688
132.8424835205078
131.26254272460938
2360.78662109375
2709.313232421875
3031.521728515625
3297.045166015625
3529.119384765625
3740.16064453125
3939.7197265625
4134.705078125
4328.86474609375
4523.3564453125
4718.23974609375
4916.24267578125
5120.623046875
5347.18701171875
5571.29052734375
5798.00341796875
6036.2685546875
6285.66064453125
6526.255859375
6766.8642578125
7007.31494140625
7262.49609375
7514.5791015625
7725.888671875
7917.595703125
8096.34033203125
8255.9677734375
8391.2724609375
8506.83203125
8612.701171875
8698.68359375
8769.5458984375
8828.203125
8876.9267578125
8630.0458984375
8334.388671875
8068.787109375
7819.22998046875
7579.25830078125
7342.26708984375
7108.57080078125
6881.0751953125
6661.88720703125
6454.42431640625
6258.6630859375
6073.33349609375
5896.97119140625
5726.66796875
5556.64404296875
5382.53955078125
5209.76123046875
5039.13671875
4875.60400390625
4721.22021484375
