2084.605224609375
2060.512451171875
2028.1357421875
2001.2003173828125
2029.642578125
2063.01025390625
2070.20166015625
2063.900146484375
2061.51513671875
2069.91015625
2080.119140625
2104.8525390625
2117.64208984375
2126.0791015625
2139.67529296875
2162.135986328125
2182.88427734375
2200.515380859375
2214.710693359375
2227.287841796875
2249.77734375
2267.977294921875
2292.876708984375
2317.12353515625
2348.7099609375
2384.608642578125
2425.914306640625
2478.7431640625
2539.315673828125
2611.908447265625
2699.4423828125
2798.322998046875
128.73023986816406
126.18687438964844
126.23686218261719
126.16523742675781
125.96841430664062
125.7236099243164
2120.51416015625
2301.806396484375
2466.021240234375
2789.943603515625
3077.19287109375
3330.78466796875
3567.30078125
3791.76953125
4004.289306640625
4204.6494140625
4393.42724609375
4576.22119140625
4759.119140625
4947.6298828125
5143.77880859375
5349.6044921875
5564.48681640625
5785.75341796875
6032.3544921875
6330.61669921875
6631.09765625
6921.4326171875
7174.875
7384.71240234375
7556.96826171875
7706.04736328125
7828.4755859375
7878.5576171875
7880.8154296875
7886.11474609375
7904.8759765625
7936.86767578125
7987.306640625
8010.55908203125
8037.84423828125
8025.3076171875
8014.15087890625
8038.83154296875
8142.08056640625
7681.0439453125
7466.01416015625
7278.1396484375
6948.42333984375
6635.40966796875
6331.59765625
6034.33642578125
5741.365234375
5448.3095703125
5156.0146484375
4896.65234375
4680.00830078125
4470.83203125
4262.89501953125
4050.932373046875
3814.238037109375
3629.013427734375
