2061.650146484375
2026.62255859375
2024.175048828125
2212.62158203125
2340.16259765625
2380.6572265625
2413.251708984375
2431.50927734375
2423.335693359375
2414.673095703125
2408.506103515625
2401.85400390625
2398.21533203125
2397.79248046875
2400.335693359375
2406.23388671875
2414.733642578125
2422.343017578125
2429.466796875
2442.016845703125
2466.156982421875
2507.57861328125
2568.88037109375
2648.985107421875
2748.3408203125
2867.470947265625
3005.791259765625
3162.04052734375
3334.11181640625
3519.8291015625
3715.998291015625
3922.911376953125
110.00934600830078
113.21375274658203
115.24520111083984
117.55751037597656
118.99388122558594
119.96134948730469
121.60870361328125
3231.195556640625
4206.353515625
4714.06640625
5018.892578125
5218.94384765625
5383.78466796875
5568.4384765625
5783.73681640625
6006.12890625
6270.59814453125
6586.31591796875
6937.32763671875
6923.3720703125
6925.32421875
6956.54345703125
6994.6357421875
7039.73583984375
7083.97314453125
7117.61962890625
7133.4951171875
7132.453125
7114.9208984375
7081.830078125
7034.9462890625
6978.21875
6910.8896484375
6833.88427734375
6745.86865234375
6636.23046875
6520.5234375
6397.40234375
6268.06005859375
6133.36767578125
5994.03515625
5849.833984375
5701.6328125
5551.02880859375
5399.68212890625
5249.18310546875
5100.46630859375
4954.0771484375
4810.61328125
4670.474609375
4534.51806640625
4402.58349609375
4274.07861328125
4147.9619140625
4024.739501953125
3904.6083984375
3787.8037109375
3674.458740234375
3564.70361328125
3458.689208984375
3356.58056640625
