2049.0498046875
2008.1121826171875
2077.46240234375
2063.5732421875
2042.841552734375
2029.8944091796875
2026.3214111328125
2037.459228515625
2047.7999267578125
2049.9912109375
2045.3304443359375
2041.290771484375
2043.7310791015625
2053.03662109375
2068.732421875
2079.894287109375
2090.025390625
2103.8173828125
2112.962158203125
2122.4375
2136.34765625
2160.921142578125
2195.70654296875
2243.1572265625
2298.837890625
2362.5439453125
2438.359619140625
2520.668701171875
2608.815185546875
2705.9345703125
2813.7509765625
2933.06396484375
120.62522888183594
122.52745819091797
123.3281021118164
123.84519958496094
124.22977447509766
124.53376007080078
2363.37939453125
2572.086669921875
2776.897705078125
3002.245361328125
3239.0634765625
3476.281005859375
3709.431396484375
3934.52685546875
4151.12060546875
4360.61328125
4576.37890625
4797.861328125
5010.59716796875
5019.18017578125
4912.96044921875
4803.41015625
4690.31689453125
4571.08740234375
4449.841796875
4328.80712890625
4208.7646484375
4087.03369140625
3963.8916015625
3843.470703125
3719.65869140625
3595.7900390625
3474.5224609375
3350.166015625
3224.32470703125
3090.835205078125
2938.5087890625
2764.495849609375
2583.601318359375
2384.269775390625
2160.614013671875
1917.0230712890625
1658.2138671875
1400.3985595703125
1276.216796875
1181.602294921875
1122.978515625
1067.2830810546875
1018.3121337890625
976.1056518554688
937.538330078125
902.1904296875
869.6055297851562
841.4934692382812
816.2850952148438
791.9134521484375
769.1543579101562
747.931396484375
727.3909912109375
708.12890625
