2065.74609375
2030.8497314453125
2051.632568359375
2067.174560546875
2055.6142578125
2046.830078125
2043.0458984375
2044.677490234375
2047.3701171875
2047.1112060546875
2048.422119140625
2047.4654541015625
2055.963623046875
2066.828369140625
2069.893798828125
2071.405029296875
2073.453857421875
2086.928466796875
2102.2333984375
2115.521484375
2132.054443359375
2148.6943359375
2170.467529296875
2197.26611328125
2229.2001953125
2260.049560546875
2304.115966796875
2389.46826171875
2476.890380859375
2572.991943359375
2710.60693359375
2874.85400390625
108.0541000366211
110.78643035888672
112.99730682373047
114.76564025878906
116.28502655029297
117.60022735595703
1871.984130859375
2283.55078125
2724.65087890625
2782.5908203125
2762.5439453125
2724.036376953125
2669.2998046875
2713.66845703125
2769.208984375
2800.13525390625
2829.94921875
2862.274658203125
2894.21923828125
2922.08447265625
2942.7568359375
2956.971923828125
2964.90087890625
2967.048828125
2960.854736328125
2952.0751953125
2939.901123046875
2915.46533203125
2881.92041015625
2840.10546875
2792.60986328125
2741.6982421875
2689.309814453125
2639.10400390625
2592.196533203125
2548.794677734375
2508.623046875
2470.1015625
2431.7392578125
2392.96142578125
2352.5732421875
2310.946533203125
2267.5302734375
2223.38916015625
2179.79443359375
2139.6396484375
2102.793701171875
2067.960693359375
2034.4468994140625
2000.812744140625
1966.6158447265625
1932.7393798828125
1899.1131591796875
1865.50537109375
1831.73388671875
1796.71142578125
1760.75341796875
1724.09716796875
1687.088623046875
1650.0003662109375
