1978.494140625
1757.4188232421875
1575.3883056640625
1549.7098388671875
1489.6187744140625
1430.033447265625
1394.5389404296875
1369.765869140625
1354.310302734375
1342.3223876953125
1328.1890869140625
1315.1812744140625
1304.55859375
1298.8104248046875
1292.8316650390625
1287.5274658203125
1283.0755615234375
1280.0228271484375
1282.136962890625
1287.4908447265625
1296.7427978515625
1314.0625
1341.230224609375
1376.5999755859375
1417.5172119140625
1461.96044921875
1508.4791259765625
1557.0885009765625
1610.7174072265625
1663.5458984375
1715.9437255859375
1768.205322265625
180.24261474609375
185.23443603515625
188.95118713378906
191.4617462158203
195.14527893066406
200.0176544189453
2028.4332275390625
2115.29052734375
2124.25390625
2129.406005859375
2140.771484375
2159.6943359375
2185.139892578125
2213.54833984375
2243.859375
2284.482177734375
2325.802490234375
2385.153564453125
2447.01708984375
2503.3857421875
2554.429443359375
2605.404052734375
2648.86181640625
2685.1875
2715.8076171875
2740.1123046875
2757.77783203125
2768.126953125
2771.6328125
2768.821533203125
2760.1669921875
2746.416748046875
2729.028076171875
2708.32470703125
2683.76220703125
2655.203125
2622.998046875
2587.22998046875
2548.347412109375
2506.93505859375
2463.83935546875
2419.338623046875
2372.92822265625
2324.95458984375
2276.033447265625
2226.510986328125
2175.515380859375
2122.20166015625
2070.1005859375
2018.46923828125
1966.934326171875
1915.922119140625
1864.9317626953125
1814.6527099609375
1765.259521484375
1716.6796875
1669.1741943359375
1622.5799560546875
1577.345703125
1533.6748046875
1491.530029296875
