2084.994873046875
2069.407958984375
2035.1605224609375
2001.859375
2086.23388671875
2091.484375
2082.808837890625
2091.332763671875
2100.4619140625
2107.0390625
2099.7177734375
2097.68017578125
2103.4560546875
2120.48095703125
2129.129150390625
2132.873291015625
2135.984130859375
2146.320068359375
2155.0908203125
2163.23876953125
2179.621337890625
2191.520751953125
2196.119873046875
2207.464599609375
2220.38037109375
2241.18017578125
2268.80615234375
2305.5302734375
2357.703369140625
2429.38916015625
2534.966796875
2655.303466796875
123.78472900390625
109.1862564086914
106.49131774902344
106.37966918945312
106.5344467163086
106.74600982666016
1611.5535888671875
1729.702880859375
2590.159423828125
3235.41748046875
3394.301025390625
3409.441162109375
3410.2587890625
3418.304443359375
3459.658447265625
3529.640869140625
3604.81591796875
3684.89599609375
3779.516357421875
3898.409912109375
4035.517822265625
4191.12109375
4154.40966796875
4073.71923828125
4045.397216796875
4048.052978515625
4062.433349609375
4081.630859375
4104.09423828125
4130.06591796875
4168.96044921875
4224.3271484375
4290.29931640625
4355.9697265625
4411.93359375
4452.46142578125
4474.5966796875
4483.482421875
4483.27587890625
4477.6552734375
4469.5947265625
4463.40625
4462.8916015625
4467.525390625
4468.39208984375
4465.47802734375
4455.0048828125
4436.4013671875
4409.88330078125
4375.615234375
4333.84326171875
4285.7138671875
4231.86083984375
4174.056640625
4112.31884765625
4047.21826171875
3979.9384765625
3910.850341796875
3841.11279296875
3771.371826171875
