2056.34326171875
2021.9725341796875
2025.3851318359375
2078.674560546875
2143.581298828125
2117.532958984375
2098.010986328125
2086.11767578125
2095.1064453125
2115.28076171875
2132.36181640625
2144.6025390625
2146.69189453125
2146.911376953125
2151.513671875
2158.943359375
2170.76904296875
2183.11279296875
2194.66796875
2210.121826171875
2229.116943359375
2254.02783203125
2296.333984375
2358.513427734375
2441.676513671875
2543.009521484375
2660.576416015625
2793.7109375
2942.577880859375
3105.535888671875
3281.583740234375
3469.906494140625
147.95510864257812
151.5706787109375
152.2284393310547
155.15089416503906
156.52615356445312
157.71893310546875
3590.202880859375
4018.771484375
4105.7001953125
4083.00537109375
4130.47021484375
4260.72119140625
4447.3271484375
4669.81103515625
4918.07763671875
5199.40185546875
5495.0029296875
5810.90625
6154.0087890625
6516.13330078125
6885.9521484375
7261.34765625
7634.95654296875
8021.7939453125
8414.783203125
8708.7646484375
8671.888671875
8650.14453125
8622.9384765625
8587.14453125
8539.5576171875
8489.9169921875
8425.552734375
8350.9072265625
8244.8994140625
8136.654296875
8021.58447265625
7900.0654296875
7771.4384765625
7635.29736328125
7492.052734375
7343.9736328125
7190.962890625
7033.93603515625
6873.701171875
6711.4287109375
6549.1279296875
6386.77734375
6224.9482421875
6062.87353515625
5901.72509765625
5741.677734375
5582.126953125
5423.654296875
5266.8369140625
5112.072265625
4960.00732421875
4811.34375
4665.3369140625
4520.548828125
4375.6357421875
