2085.04541015625
2067.631103515625
2038.4544677734375
2015.435791015625
2011.045166015625
2026.9898681640625
2044.985595703125
2054.087158203125
2052.262451171875
2064.61083984375
2063.25341796875
2060.424560546875
2073.375
2088.293212890625
2102.72802734375
2118.765380859375
2135.723388671875
2150.185791015625
2162.814453125
2177.456298828125
2200.87646484375
2252.025146484375
2319.896728515625
2400.44873046875
2489.37255859375
2586.232666015625
2688.337646484375
2795.90087890625
2911.013671875
3033.123779296875
3160.03466796875
3291.68994140625
135.57717895507812
128.97433471679688
127.6683578491211
127.10411834716797
126.92095184326172
126.67916870117188
2804.0400390625
2948.0478515625
3019.1689453125
3151.561279296875
3311.122802734375
3494.84765625
3695.686767578125
3906.8515625
4124.0068359375
4341.34765625
4556.703125
4766.09130859375
4969.365234375
5162.4208984375
5345.0283203125
5513.83056640625
5679.7841796875
5830.1796875
5964.93359375
6091.8427734375
6205.42041015625
6309.7216796875
6411.4013671875
6500.7509765625
6570.5859375
6620.7216796875
6670.26611328125
6718.64697265625
6760.79833984375
6792.19189453125
6793.333984375
6778.78515625
6807.9453125
6865.5126953125
6867.53369140625
6830.20458984375
6783.0146484375
6747.671875
6760.74072265625
6778.998046875
6859.771484375
7061.25537109375
7105.26806640625
7161.15380859375
7052.9931640625
6957.306640625
6583.50830078125
6086.505859375
5608.5771484375
5137.38525390625
4686.58251953125
4434.30908203125
4252.8759765625
4085.037841796875
3924.291259765625
