2063.974609375
2030.455322265625
1992.7760009765625
2041.9183349609375
2080.576416015625
2109.76806640625
2120.17578125
2134.94091796875
2149.18408203125
2169.9345703125
2196.93115234375
2214.98828125
2231.7275390625
2241.548828125
2245.580810546875
2245.236572265625
2245.342529296875
2246.928466796875
2252.310791015625
2261.97607421875
2275.30419921875
2299.051513671875
2334.34326171875
2382.0546875
2443.78173828125
2518.378662109375
2606.852294921875
2709.892333984375
2824.84765625
2946.695068359375
3068.501953125
3187.972900390625
117.0984115600586
117.49468994140625
117.47820281982422
117.86441802978516
118.18714904785156
118.5716323852539
118.91252899169922
1941.786865234375
2630.80029296875
3010.698974609375
3341.412841796875
3537.3369140625
3713.37158203125
3835.982666015625
3899.646728515625
4112.7021484375
4342.919921875
4572.86669921875
4794.57373046875
5010.7470703125
5218.2685546875
5408.193359375
5578.927734375
5741.63525390625
5912.99609375
6114.76220703125
6318.93359375
6549.1025390625
6770.74658203125
6957.3134765625
7122.02001953125
7285.6630859375
7430.74853515625
7572.0849609375
7728.19140625
7873.3330078125
7975.44873046875
8032.93505859375
8068.681640625
8084.6865234375
8087.546875
8099.9716796875
8138.24072265625
8176.02734375
8179.82080078125
8162.9150390625
8156.08935546875
8174.27490234375
8205.3759765625
8232.83984375
8252.6005859375
8190.7734375
7848.966796875
7564.85107421875
7322.578125
7119.5595703125
6945.14404296875
6776.55712890625
6604.654296875
6424.95068359375
6244.03369140625
6062.76806640625
5878.8935546875
