2085.4775390625
2058.333740234375
2025.7874755859375
2002.4337158203125
2018.704833984375
2038.4615478515625
2060.045166015625
2092.556396484375
2119.807861328125
2137.153564453125
2156.5283203125
2184.7109375
2208.75048828125
2233.852783203125
2260.194091796875
2284.17822265625
2301.8876953125
2321.297119140625
2345.3486328125
2378.001708984375
2423.565673828125
2484.427490234375
2560.642822265625
2650.826904296875
2755.094970703125
2872.58984375
3001.343017578125
3141.218994140625
3288.686767578125
3440.6640625
3597.62548828125
3760.617919921875
172.2999267578125
161.7062225341797
157.4972381591797
155.37196350097656
153.48333740234375
151.69189453125
3199.352294921875
3569.263916015625
3818.75390625
4011.934326171875
4190.45068359375
4373.91455078125
4566.6689453125
4767.97119140625
4976.71875
5197.6884765625
5437.0947265625
5702.03955078125
5973.5615234375
6251.63720703125
6539.82177734375
6833.32275390625
7135.802734375
7456.60107421875
7788.2373046875
8117.2890625
8438.064453125
8727.8837890625
9004.9208984375
9250.150390625
9462.2236328125
9645.328125
9803.5263671875
9935.6162109375
10049.2880859375
10153.0830078125
10233.2294921875
9817.2587890625
9431.71875
9080.583984375
8751.7587890625
8438.63671875
8137.4150390625
7846.7197265625
7565.7158203125
7293.9150390625
7031.71044921875
6781.814453125
6542.3408203125
6315.38720703125
6102.0625
5901.13623046875
5711.59375
5532.2431640625
5359.01318359375
5189.90185546875
5024.98193359375
4862.548828125
4701.0615234375
4542.69091796875
