2084.376708984375
2057.257080078125
2026.1925048828125
2002.6209716796875
2020.2935791015625
2049.167236328125
2043.4609375
2045.0333251953125
2065.423583984375
2078.911376953125
2085.235107421875
2093.528076171875
2106.310546875
2118.650634765625
2130.33056640625
2138.84619140625
2148.530029296875
2162.711669921875
2180.232666015625
2194.245361328125
2206.007080078125
2222.987548828125
2253.582275390625
2297.18115234375
2354.348876953125
2421.08984375
2496.94287109375
2580.694580078125
2671.015380859375
2770.947021484375
2881.767578125
3002.709716796875
121.19109344482422
123.12943267822266
124.05057525634766
124.5718765258789
124.90010833740234
125.12450408935547
2377.324951171875
2744.8466796875
2934.066650390625
3132.163330078125
3299.14599609375
3474.794189453125
3669.391845703125
3878.562744140625
4097.107421875
4320.22412109375
4544.21240234375
4769.4384765625
4991.88037109375
5205.29541015625
5419.0166015625
5626.0888671875
5826.43017578125
6021.18212890625
6205.96142578125
6398.06494140625
6584.88671875
6763.3388671875
6931.61083984375
7089.3486328125
7236.5927734375
7361.60107421875
7481.72802734375
7581.81689453125
7659.98974609375
7722.81884765625
7781.2939453125
7866.18603515625
7964.8974609375
8061.36669921875
8093.32275390625
8048.9619140625
7995.66650390625
7956.89013671875
7954.48291015625
7971.8173828125
7954.3115234375
7619.73046875
7313.51416015625
7024.7958984375
6742.8662109375
6479.71435546875
6196.98046875
5924.7275390625
5649.3876953125
5378.12939453125
5136.27587890625
4917.06103515625
4705.4072265625
4501.1640625
4305.73046875
