2035.4769287109375
2016.1739501953125
2067.171630859375
2128.4404296875
2126.690185546875
2164.6025390625
2193.990478515625
2218.18212890625
2233.4482421875
2249.58935546875
2269.276123046875
2296.571044921875
2333.24609375
2374.434814453125
2437.317138671875
2525.4267578125
2636.5986328125
2766.132080078125
2909.937744140625
3066.930908203125
3235.776123046875
3417.156494140625
3611.5087890625
3818.795654296875
4037.7548828125
4267.130859375
4505.22900390625
4746.35546875
4992.400390625
5240.5908203125
5496.37158203125
5760.22607421875
181.77340698242188
188.220703125
196.80772399902344
200.37185668945312
203.92007446289062
209.14419555664062
6014.9833984375
6651.17578125
6993.705078125
7349.515625
7636.19921875
7912.11328125
8216.298828125
8564.43359375
8910.4892578125
9266.123046875
9350.6240234375
9359.3544921875
9385.234375
9410.978515625
9436.0546875
9454.9375
9464.41015625
9465.216796875
9453.9287109375
9428.2451171875
9388.392578125
9333.392578125
9264.140625
9184.1845703125
9094.595703125
8994.876953125
8885.966796875
8768.4404296875
8642.916015625
8509.8515625
8370.23828125
8224.837890625
8074.54638671875
7919.3486328125
7760.9921875
7600.24169921875
7437.65087890625
7273.509765625
7108.34228515625
6942.61181640625
6777.32958984375
6613.1025390625
6450.95654296875
6289.994140625
6131.76171875
5976.814453125
5824.875
5676.24072265625
5528.94921875
5383.91357421875
5244.47802734375
5109.10791015625
4979.60595703125
4855.1669921875
4734.60986328125
