2278.827392578125
2576.037841796875
3286.83544921875
3037.351318359375
2551.968994140625
2313.634521484375
2185.390869140625
2101.75048828125
2036.8245849609375
1985.5008544921875
1951.27197265625
1928.74365234375
1910.65625
1893.19384765625
1875.8121337890625
1858.8792724609375
1842.43994140625
1826.3511962890625
1811.3759765625
1797.435302734375
1783.282958984375
1769.5924072265625
1756.6082763671875
1745.415283203125
1738.309814453125
1738.8436279296875
1747.1396484375
1761.739501953125
1782.1798095703125
1807.7623291015625
1837.6505126953125
1870.595947265625
88.20448303222656
90.77315521240234
93.60118865966797
95.25403594970703
96.79930877685547
98.05348205566406
1804.219482421875
2059.021484375
2085.431640625
2116.03955078125
2145.2158203125
2153.333740234375
2157.982177734375
2169.8154296875
2188.636474609375
2206.63671875
2224.238525390625
2242.9775390625
2259.053955078125
2272.4658203125
2287.899658203125
2306.409912109375
2323.2109375
2339.21484375
2352.87744140625
2359.47314453125
2355.862548828125
2345.567138671875
2328.681884765625
2305.110595703125
2278.40576171875
2247.343994140625
2212.625732421875
2176.640625
2137.46337890625
2095.842529296875
2053.155029296875
2009.7001953125
1965.840576171875
1921.4508056640625
1876.510986328125
1831.619140625
1787.4000244140625
1744.1021728515625
1701.898681640625
1660.7215576171875
1620.4093017578125
1580.1912841796875
1539.487060546875
1497.8033447265625
1455.7442626953125
1414.45458984375
1374.4888916015625
1335.6685791015625
1297.9315185546875
1260.87353515625
1224.7662353515625
1207.0413818359375
1189.638916015625
1155.37158203125
1121.172607421875
1086.2733154296875
1050.633544921875
