1491.0728759765625
1172.077392578125
976.3886108398438
893.7926025390625
837.3965454101562
795.1754150390625
759.625244140625
732.2971801757812
708.1881713867188
686.248779296875
669.1663208007812
650.76220703125
631.1087646484375
613.0658569335938
595.9152221679688
578.3816528320312
560.979736328125
543.637451171875
531.9295654296875
519.8394165039062
505.07861328125
489.93682861328125
477.6343688964844
465.28558349609375
451.3722229003906
437.1971740722656
426.6240539550781
415.57843017578125
402.3311462402344
387.6264343261719
373.7062683105469
370.6893310546875
121.14704132080078
123.57262420654297
124.96176147460938
125.87187957763672
126.57025909423828
126.9747085571289
379.5069885253906
372.0906677246094
391.5173034667969
385.61492919921875
385.3527526855469
385.2615661621094
384.40081787109375
381.0729675292969
372.7782287597656
362.56024169921875
352.18084716796875
344.56121826171875
340.2068786621094
337.535400390625
336.01708984375
335.33837890625
336.5506591796875
338.9183349609375
344.2907409667969
354.96435546875
368.46746826171875
382.20318603515625
395.29095458984375
409.2781677246094
426.9463806152344
447.866943359375
469.2021484375
490.3672790527344
511.6468505859375
533.041015625
554.2662353515625
575.2860107421875
596.2999877929688
616.5964965820312
636.2111206054688
654.4993896484375
671.3162841796875
686.5067138671875
699.6735229492188
710.5753784179688
719.1655883789062
725.5173950195312
729.7530517578125
732.027099609375
732.5239868164062
731.5601196289062
729.3433227539062
725.9634399414062
721.5914916992188
716.27783203125
710.2846069335938
707.2576293945312
704.0926513671875
697.1597290039062
689.8626708984375
682.10009765625
673.9520874023438
