2059.9462890625
2031.2237548828125
2029.8863525390625
2040.0357666015625
2109.288818359375
2139.07958984375
2120.518798828125
2104.620849609375
2097.5703125
2096.784912109375
2105.391357421875
2122.71533203125
2142.04443359375
2154.561279296875
2160.2646484375
2160.4248046875
2160.3056640625
2163.859130859375
2169.781982421875
2179.60888671875
2190.63623046875
2200.903564453125
2210.94140625
2223.524658203125
2241.042724609375
2262.292236328125
2295.37255859375
2342.44189453125
2405.64404296875
2482.80810546875
2572.5986328125
2674.482421875
122.31291198730469
124.61498260498047
125.58618927001953
126.1059799194336
126.36695098876953
126.50492095947266
2179.91455078125
2616.078369140625
2861.48046875
3004.725830078125
3089.798828125
3193.9189453125
3326.21923828125
3479.54150390625
3647.561279296875
3826.52587890625
4015.842041015625
4214.42236328125
4422.162109375
4636.59375
4855.22998046875
5080.10302734375
5325.140625
5579.32763671875
5843.8935546875
6117.435546875
6397.9541015625
6676.23583984375
6956.763671875
7237.54931640625
7520.78564453125
7804.99609375
8102.67431640625
8396.244140625
8673.419921875
8754.8564453125
8692.947265625
8648.154296875
8604.7080078125
8556.0595703125
8501.48046875
8440.271484375
8374.5048828125
8307.5
8234.744140625
8146.0712890625
8042.91259765625
7937.794921875
7827.34521484375
7712.24755859375
7592.533203125
7468.88037109375
7342.1494140625
7212.51416015625
7079.95703125
6945.087890625
6808.7216796875
6671.1220703125
6532.9443359375
6395.2451171875
6257.6865234375
