2085.509765625
2077.478515625
2051.933837890625
2029.8040771484375
2015.924072265625
2005.005859375
2016.0269775390625
2038.7640380859375
2054.138916015625
2062.201171875
2068.451416015625
2066.38427734375
2068.40283203125
2071.785400390625
2072.27392578125
2071.255615234375
2075.1630859375
2083.5732421875
2090.76416015625
2097.172119140625
2103.5869140625
2112.106689453125
2123.2900390625
2133.13916015625
2144.315673828125
2158.9599609375
2176.318359375
2195.607421875
2222.884521484375
2263.665283203125
2308.9970703125
2361.077392578125
126.03931427001953
127.27335357666016
127.79206085205078
128.04934692382812
128.22686767578125
128.37161254882812
1934.926513671875
2279.571044921875
2441.1494140625
2586.20068359375
2737.83544921875
2889.27001953125
3034.873779296875
3182.09912109375
3345.187744140625
3522.782470703125
3708.2021484375
3899.081787109375
4092.06494140625
4289.90625
4490.115234375
4694.04345703125
4900.70849609375
5108.1015625
5316.7578125
5536.1015625
5726.77978515625
5914.5380859375
6118.541015625
6321.2880859375
6535.64599609375
6740.72900390625
6918.33203125
7084.44921875
7215.19384765625
7329.90771484375
7435.638671875
7472.5556640625
7557.22998046875
7663.70654296875
7807.58740234375
7883.38671875
7930.29345703125
7957.6767578125
7977.056640625
8003.0595703125
8040.74072265625
8076.62744140625
8130.63427734375
8256.25390625
8399.8564453125
8559.4755859375
8730.0400390625
9030.7548828125
8228.6826171875
7565.44384765625
7183.19384765625
6881.802734375
6606.7626953125
6352.9638671875
