2085.0009765625
2072.48779296875
2041.8580322265625
2014.187255859375
2016.2874755859375
2080.574462890625
2080.66796875
2070.93359375
2067.958984375
2068.856201171875
2073.141357421875
2095.033935546875
2114.85205078125
2120.705078125
2114.81591796875
2116.291748046875
2134.267578125
2152.288330078125
2162.6123046875
2183.392578125
2203.884521484375
2212.1123046875
2215.211181640625
2219.076904296875
2224.885498046875
2230.263427734375
2240.3896484375
2251.064453125
2270.529296875
2297.116943359375
2328.441650390625
2361.866943359375
117.81278991699219
116.6265640258789
114.53070831298828
114.08280944824219
114.4431381225586
114.67190551757812
1731.4996337890625
1712.772705078125
2299.35546875
2782.662841796875
3049.6279296875
3118.777099609375
3167.411865234375
3164.65087890625
3141.150146484375
3132.720458984375
3166.125
3208.881103515625
3255.648681640625
3330.437744140625
3457.499755859375
3593.62158203125
3713.466064453125
3833.8828125
3963.51708984375
4113.97314453125
4292.83935546875
4492.9306640625
4705.8681640625
4776.39892578125
4682.50390625
4641.0654296875
4622.34375
4620.3037109375
4635.97265625
4665.98828125
4708.1279296875
4755.6533203125
4805.94189453125
4850.58447265625
4886.09912109375
4913.57958984375
4934.8828125
4951.88671875
4966.39697265625
4981.142578125
4997.7724609375
5017.22802734375
5038.98876953125
5060.0810546875
5077.1220703125
5087.537109375
5088.6787109375
5079.8818359375
5062.43896484375
5034.30029296875
4997.94970703125
4954.35693359375
4904.384765625
4848.890625
