2072.99658203125
2044.1407470703125
2013.391357421875
2021.0438232421875
2033.327392578125
2042.5184326171875
2045.637939453125
2067.751220703125
2093.74609375
2111.54736328125
2118.05517578125
2124.24853515625
2141.142578125
2167.216064453125
2193.745849609375
2223.447998046875
2251.783203125
2277.8955078125
2301.600341796875
2326.830810546875
2353.1552734375
2379.837890625
2411.082275390625
2456.9892578125
2515.571044921875
2587.37939453125
2674.896240234375
2776.3359375
2888.75048828125
3010.00537109375
3137.797119140625
3271.1728515625
123.94064331054688
124.09791564941406
124.41767883300781
125.09945678710938
125.56851196289062
125.91726684570312
2586.123779296875
2943.09130859375
3217.828125
3442.037841796875
3647.431884765625
3849.913330078125
4057.020263671875
4268.7158203125
4482.16796875
4696.41650390625
4911.59423828125
5127.923828125
5345.52880859375
5563.62255859375
5781.1171875
6011.744140625
6256.79541015625
6498.01513671875
6751.4111328125
7016.6103515625
7277.794921875
7537.271484375
7762.0576171875
7970.69677734375
8163.79296875
8351.408203125
8521.2861328125
8672.048828125
8803.0234375
8916.42578125
9014.25
9098.5068359375
9169.388671875
9229.1513671875
9282.04296875
9330.2529296875
9371.75
9404.72265625
9259.31640625
8943.357421875
8657.798828125
8387.03125
8125.16015625
7871.94140625
7625.17724609375
7381.81298828125
7139.43603515625
6899.4990234375
6663.490234375
6431.71484375
6204.76806640625
5983.0615234375
5766.25439453125
5554.51220703125
