2074.052978515625
2041.5391845703125
2005.75830078125
2033.1763916015625
2082.8115234375
2062.23388671875
2065.053955078125
2060.369873046875
2052.13671875
2048.345947265625
2057.9599609375
2074.507080078125
2089.014404296875
2096.492431640625
2102.229248046875
2110.5947265625
2122.783447265625
2129.5283203125
2134.229248046875
2137.597900390625
2139.26611328125
2143.517333984375
2151.793212890625
2164.317626953125
2178.282470703125
2201.1728515625
2229.746337890625
2262.230712890625
2301.83056640625
2346.58642578125
2394.66845703125
2451.296142578125
123.37757110595703
124.61720275878906
124.70634460449219
124.81396484375
124.91569519042969
125.02777099609375
1821.7813720703125
2016.4471435546875
2332.073974609375
2563.685302734375
2745.017333984375
2893.982177734375
3026.318603515625
3155.747802734375
3288.83349609375
3429.59423828125
3580.503173828125
3745.27685546875
3928.00390625
4126.1318359375
4343.28076171875
4564.6865234375
4783.328125
5000.1357421875
5211.93505859375
5415.55810546875
5621.52099609375
5796.88037109375
5707.796875
5625.72119140625
5563.27490234375
5499.40869140625
5428.97119140625
5355.98876953125
5279.75927734375
5200.8291015625
5119.37890625
5035.7255859375
4950.767578125
4862.4716796875
4770.74560546875
4677.71337890625
4595.73193359375
4510.41748046875
4424.37451171875
4338.33740234375
4251.6748046875
4162.927734375
4072.026611328125
3980.118408203125
3887.760009765625
3795.693359375
3703.549560546875
3612.53564453125
3521.071533203125
3430.609619140625
3341.18310546875
3251.947509765625
3162.0751953125
3070.588623046875
