2085.137451171875
2071.48583984375
2042.1734619140625
2019.0640869140625
2003.5892333984375
2027.517333984375
2057.98291015625
2058.454345703125
2065.48486328125
2064.444091796875
2059.504638671875
2056.546875
2061.45556640625
2067.058837890625
2070.362060546875
2084.802001953125
2096.88232421875
2105.0048828125
2110.489501953125
2116.706787109375
2131.34228515625
2148.3466796875
2163.62744140625
2176.64208984375
2188.90869140625
2201.41650390625
2217.77880859375
2240.180908203125
2258.713623046875
2277.552734375
2300.194091796875
2330.122802734375
125.79900360107422
127.39405822753906
128.11627197265625
128.57901000976562
128.80967712402344
128.95489501953125
1864.2493896484375
2015.9368896484375
2193.613037109375
2360.342529296875
2495.889404296875
2612.374267578125
2722.806396484375
2826.81298828125
2928.98291015625
3031.100830078125
3134.671875
3240.68408203125
3348.101806640625
3458.336669921875
3574.69482421875
3698.6689453125
3826.992431640625
3955.9248046875
4083.80810546875
4210.95458984375
4341.11767578125
4478.1669921875
4623.73779296875
4776.74169921875
4938.0634765625
5099.68701171875
5270.93896484375
5450.23486328125
5635.53369140625
5835.49072265625
6049.2275390625
6293.15576171875
6534.4755859375
6760.54296875
6975.08837890625
7152.50244140625
7274.8974609375
7364.271484375
7453.14111328125
7535.9521484375
7590.5087890625
7616.89697265625
7613.18310546875
7597.7958984375
7611.0361328125
7632.03564453125
7717.45654296875
7796.6181640625
7804.6884765625
7780.88037109375
7761.77734375
7771.68505859375
7823.080078125
7908.05224609375
