2080.464599609375
2059.47216796875
2033.572265625
2013.7677001953125
2016.247314453125
2006.133056640625
2013.687255859375
2022.730224609375
2036.6397705078125
2060.992431640625
2081.48779296875
2091.5185546875
2091.56494140625
2099.912109375
2108.092529296875
2115.925537109375
2125.2666015625
2139.5263671875
2158.17431640625
2181.471435546875
2210.2158203125
2243.33837890625
2286.392578125
2338.697021484375
2402.143798828125
2478.804931640625
2569.200927734375
2673.376708984375
2791.552978515625
2923.479736328125
3067.90185546875
3222.907958984375
125.25054931640625
126.02952575683594
126.50223541259766
126.79055786132812
126.99081420898438
127.14021301269531
3327.404541015625
3601.94482421875
3684.280029296875
3731.225341796875
3799.879638671875
3911.95166015625
4061.96142578125
4239.8037109375
4438.26708984375
4652.13134765625
4876.78466796875
5110.89990234375
5352.4130859375
5601.87939453125
5859.63720703125
6128.39111328125
6408.46533203125
6708.69873046875
7022.33447265625
7353.322265625
7722.00341796875
8079.7470703125
8481.359375
8853.8349609375
9207.23828125
9558.8232421875
9904.337890625
10246.4912109375
10582.7392578125
10915.017578125
11241.359375
11568.5087890625
11894.7001953125
12212.6572265625
12518.4658203125
12807.9208984375
13079.66796875
13332.7568359375
13566.32421875
13785.306640625
13991.4296875
14186.298828125
14370.251953125
14542.8291015625
14703.2900390625
14850.7392578125
14983.9853515625
15102.2490234375
15205.279296875
15295.5576171875
15377.3759765625
15443.517578125
15501.091796875
15551.90234375
15592.2587890625
