2085.053955078125
2067.177978515625
2038.931884765625
2014.85107421875
2006.0006103515625
2021.710693359375
2031.9176025390625
2033.1668701171875
2042.212158203125
2059.51904296875
2074.4794921875
2092.79443359375
2104.90869140625
2110.82958984375
2123.506103515625
2139.849365234375
2163.3037109375
2180.202880859375
2197.166015625
2215.08544921875
2234.172119140625
2252.779052734375
2269.3134765625
2283.0849609375
2298.118896484375
2322.315673828125
2353.770263671875
2396.683349609375
2452.266357421875
2518.7119140625
2595.322998046875
2680.367919921875
123.63145446777344
125.02334594726562
125.93993377685547
126.5716781616211
127.02113342285156
127.33363342285156
1987.767822265625
2359.31005859375
2636.865478515625
2835.8720703125
3000.014404296875
3149.207763671875
3294.183349609375
3439.43359375
3587.18505859375
3736.11572265625
3886.05810546875
4037.79638671875
4191.42236328125
4347.02978515625
4503.76953125
4659.96826171875
4815.03515625
4969.56103515625
5128.87939453125
5300.8505859375
5478.3193359375
5684.0576171875
5881.32373046875
6086.064453125
6286.29541015625
6485.87451171875
6690.244140625
6905.029296875
7132.6103515625
7376.5615234375
7633.0205078125
7870.2451171875
8100.052734375
8313.220703125
8507.859375
8674.7041015625
8813.994140625
8929.689453125
9028.51953125
9116.34765625
9192.080078125
9254.5625
9301.3193359375
9331.20703125
9347.7529296875
9356.9111328125
9363.3779296875
9358.5341796875
9343.4443359375
9323.6376953125
9075.8486328125
8768.453125
8488.607421875
8224.9072265625
