0.02159746363759041
0.02692110650241375
0.029865939170122147
0.030563166365027428
0.030912674963474274
0.031088413670659065
0.031121280044317245
0.031163817271590233
0.031233591958880424
0.031340405344963074
0.03153681382536888
0.031774938106536865
0.032030247151851654
0.03229867294430733
0.03255016729235649
0.03277328610420227
0.03298923373222351
0.0332094244658947
0.03343480825424194
0.03365917503833771
0.03389662504196167
0.034173980355262756
0.03451968729496002
0.03494013473391533
0.03542942926287651
0.03598373755812645
0.03659993037581444
0.037271711975336075
0.03799237310886383
0.03875277563929558
0.039561811834573746
0.04042339697480202
0.002097640186548233
0.0015095151029527187
0.001482982188463211
0.0014161525759845972
0.001405217219144106
0.0014083697460591793
0.03315269574522972
0.038682613521814346
0.04120313376188278
0.04146406799554825
0.040544748306274414
0.039898376911878586
0.03935971483588219
0.038863472640514374
0.038379766047000885
0.037841711193323135
0.03718649595975876
0.03654016554355621
0.03588227555155754
0.03521523252129555
0.03453799709677696
0.03386940062046051
0.03319904953241348
0.032514847815036774
0.03182443603873253
0.031128743663430214
0.03042411059141159
0.029716430231928825
0.029011264443397522
0.028298286721110344
0.02757718227803707
0.026855038478970528
0.02613438479602337
0.025418968871235847
0.024709518998861313
0.024005886167287827
0.023309899494051933
0.022622916847467422
0.021945174783468246
0.021276742219924927
0.02061762660741806
0.019982852041721344
0.019370628520846367
0.01906759664416313
0.018765686079859734
0.018168136477470398
0.01758512854576111
0.017016569152474403
0.01645941101014614
0.015917588025331497
0.01539932657033205
0.014900706708431244
0.014418370090425014
0.013953807763755322
0.01350574940443039
0.013070913031697273
0.012649605050683022
0.012243300676345825
0.011851209215819836
0.011478153988718987
0.011130552738904953
