0.04352400079369545
0.05321969836950302
0.059619009494781494
0.06166369840502739
0.062206149101257324
0.06240260973572731
0.062312912195920944
0.062284864485263824
0.06233895570039749
0.06243928149342537
0.06258537620306015
0.06277807056903839
0.06295605003833771
0.06312832236289978
0.0632997453212738
0.06347845494747162
0.06366832554340363
0.06386317312717438
0.06406144797801971
0.06428699195384979
0.06454307585954666
0.06417709589004517
0.0636773556470871
0.06324365735054016
0.06288623064756393
0.06256462633609772
0.06223009526729584
0.06187942996621132
0.061510492116212845
0.06112261861562729
0.06073641777038574
0.060349371284246445
0.003082981565967202
0.0027277269400656223
0.0026370855048298836
0.00260875653475523
0.002595354337245226
0.0025860436726361513
0.05651175230741501
0.06653247773647308
0.06380488723516464
0.06144221872091293
0.05998144671320915
0.058849915862083435
0.05788520351052284
0.05702091380953789
0.056216318160295486
0.05543100833892822
0.054397329688072205
0.053381625562906265
0.05235578864812851
0.051309969276189804
0.05025545507669449
0.04912305623292923
0.04798208549618721
0.046848420053720474
0.04570935666561127
0.04453747346997261
0.043381646275520325
0.04233146458864212
0.04137592017650604
0.040412500500679016
0.0394580140709877
0.03849782422184944
0.03753810375928879
0.03659991919994354
0.03566412627696991
0.03472985327243805
0.03381313383579254
0.03290984779596329
0.032017409801483154
0.031134221702814102
0.03026181273162365
0.02940695732831955
0.028560349717736244
0.027715660631656647
0.026880666613578796
0.0260683074593544
0.025295736268162727
0.024569163098931313
0.02388083189725876
0.02322201244533062
0.022578956559300423
0.021950095891952515
0.021331405267119408
0.02072959765791893
0.020146215334534645
0.01958826184272766
0.019052579998970032
0.018541062250733376
0.018056480213999748
0.017596684396266937
