0.484855979681015
0.5190988779067993
0.6949633359909058
0.9888935089111328
1.0254573822021484
1.0394943952560425
1.0443532466888428
1.0520477294921875
1.059796690940857
1.069469928741455
1.0809884071350098
1.0923330783843994
1.0994665622711182
1.1086299419403076
1.1180559396743774
1.129899263381958
1.1438970565795898
1.16016685962677
1.1801228523254395
1.2017887830734253
1.2270640134811401
1.256690502166748
1.2900315523147583
1.3213011026382446
1.3592731952667236
1.4045989513397217
1.453665852546692
1.515953540802002
1.5901013612747192
1.6738289594650269
1.7872809171676636
1.9402096271514893
0.036098070442676544
0.03624240309000015
0.03741755709052086
0.03716842457652092
0.037024084478616714
0.03694232180714607
0.8060304522514343
1.7019553184509277
2.2859413623809814
2.3389177322387695
2.3735952377319336
6.985954284667969
10.5111722946167
12.657615661621094
14.23449993133545
15.627251625061035
17.01848793029785
18.52720832824707
20.149009704589844
22.341550827026367
25.663394927978516
29.38692855834961
33.23253631591797
37.19385528564453
41.99462127685547
47.17817306518555
52.6710090637207
58.492733001708984
65.03532409667969
71.46724700927734
77.94970703125
84.37774658203125
90.85662078857422
97.04168701171875
102.92330169677734
108.69917297363281
114.38632202148438
119.70907592773438
124.61979675292969
129.0267333984375
132.86289978027344
136.06678771972656
138.63893127441406
140.63885498046875
142.12783813476562
143.52220153808594
144.517333984375
145.19276428222656
145.62669372558594
145.9039764404297
146.09616088867188
146.21002197265625
146.247314453125
146.1986846923828
146.0675048828125
145.8475799560547
145.5410919189453
145.1140594482422
144.61630249023438
144.04478454589844
