0.04237179458141327
0.05165167525410652
0.05932314693927765
0.06230495125055313
0.06235840544104576
0.06161101907491684
0.061119936406612396
0.06103542819619179
0.061222851276397705
0.06151191145181656
0.06183876097202301
0.0621720552444458
0.06248344108462334
0.06276767700910568
0.06298672407865524
0.06314772367477417
0.06330827623605728
0.06352658569812775
0.06378969550132751
0.06405582278966904
0.06433550268411636
0.06461893767118454
0.06468036770820618
0.06413152068853378
0.0636838749051094
0.06329500675201416
0.06295012682676315
0.06263184547424316
0.06235084682703018
0.06209025904536247
0.06182001903653145
0.06152907386422157
0.002901418600231409
0.0025970509741455317
0.0026040212251245975
0.002589203417301178
0.0025810496881604195
0.002576930448412895
0.05193804204463959
0.06251920759677887
0.06707717478275299
0.06332328170537949
0.061622586101293564
0.060737598687410355
0.06006092578172684
0.05942894145846367
0.058809150010347366
0.058194857090711594
0.057581812143325806
0.056968092918395996
0.056350380182266235
0.055590029805898666
0.05473550036549568
0.05389309301972389
0.053044967353343964
0.05218689143657684
0.051322177052497864
0.05046611651778221
0.04959806054830551
0.04868113249540329
0.047728076577186584
0.04677465558052063
0.0458463579416275
0.04490995779633522
0.04395957663655281
0.04300379008054733
0.04212617874145508
0.04129519313573837
0.04050629213452339
0.039689455181360245
0.03886451944708824
0.03803693503141403
0.03720841556787491
0.03638941049575806
0.03557923063635826
0.03477546200156212
0.03396952524781227
0.033166542649269104
0.03237070515751839
0.03158354386687279
0.030805962160229683
0.03003755770623684
0.029277829453349113
0.028526291251182556
0.027791986241936684
0.027075428515672684
0.026378652080893517
0.0256968941539526
0.02501998469233513
0.02436770312488079
0.02374809980392456
0.023161284625530243
