0.03790312260389328
0.03930375725030899
0.04267661273479462
0.04627379775047302
0.049254629760980606
0.051547810435295105
0.05241556838154793
0.05270897224545479
0.05282670632004738
0.05290721729397774
0.053101059049367905
0.05333553999662399
0.053529106080532074
0.053695231676101685
0.05385134741663933
0.05402078852057457
0.05418570339679718
0.05434766039252281
0.054514456540346146
0.054687224328517914
0.05485057085752487
0.055007755756378174
0.05517042055726051
0.055338580161333084
0.055520180612802505
0.05569889396429062
0.055880896747112274
0.05605464056134224
0.05623193085193634
0.05642760172486305
0.05667141452431679
0.0569550022482872
0.0032448091078549623
0.002978014526888728
0.002844516420736909
0.002760546747595072
0.002706430619582534
0.0026704873889684677
0.0491923987865448
0.05366487056016922
0.055688876658678055
0.05708391219377518
0.05814853683114052
0.059035494923591614
0.059839438647031784
0.06061314791440964
0.0613977275788784
0.06221800297498703
0.06307489424943924
0.06396777182817459
0.06489310413599014
0.06582747399806976
0.06677626818418503
0.06774226576089859
0.06871768832206726
0.06969256699085236
0.07066109776496887
0.07162279635667801
0.07258883118629456
0.07357721775770187
0.07459748536348343
0.07565446943044662
0.07675550132989883
0.07790331542491913
0.07909246534109116
0.08033223450183868
0.08160071820020676
0.0827656239271164
0.08388271182775497
0.08500663936138153
0.08614900708198547
0.08732963353395462
0.08857861161231995
0.08968216925859451
0.09072306007146835
0.0917191356420517
0.0926177054643631
0.09342094510793686
0.09412487596273422
0.09477940946817398
0.09543102979660034
0.0962187647819519
0.0970277339220047
0.09778126329183578
0.09878156334161758
0.09972637891769409
0.1008293628692627
0.10222173482179642
0.10375446081161499
0.10541467368602753
0.10738146305084229
0.1096118614077568
