0.11589811742305756
0.13043804466724396
0.14532245695590973
0.15048225224018097
0.15169671177864075
0.1525753140449524
0.15333901345729828
0.1540590524673462
0.15516234934329987
0.1563715934753418
0.15774662792682648
0.15896035730838776
0.16030462086200714
0.16167744994163513
0.16318252682685852
0.1649027317762375
0.16697755455970764
0.16976293921470642
0.17325705289840698
0.17737551033496857
0.1819310337305069
0.186942458152771
0.19252771139144897
0.19871370494365692
0.20568978786468506
0.21835343539714813
0.23267388343811035
0.24885845184326172
0.26577088236808777
0.2704312205314636
0.2633916735649109
0.25609830021858215
0.01254230085760355
0.012372436933219433
0.01246709655970335
0.012638939544558525
0.012788546271622181
0.01287675742059946
0.2520335912704468
0.2620461583137512
0.2578931152820587
0.2476438730955124
0.23953567445278168
0.23527532815933228
0.23201493918895721
0.22406718134880066
0.2159656286239624
0.2076776623725891
0.19886305928230286
0.19016429781913757
0.1859114170074463
0.18161660432815552
0.17315496504306793
0.16509003937244415
0.16117441654205322
0.15730461478233337
0.1499914973974228
0.14312869310379028
0.13979895412921906
0.13657650351524353
0.13104398548603058
0.1262374222278595
0.1218910664319992
0.11787103116512299
0.11414261907339096
0.11075857281684875
0.10765460133552551
0.1047530248761177
0.10205329954624176
0.09951648861169815
0.0971192792057991
0.0948016494512558
0.09254992008209229
0.09038051962852478
0.08834022283554077
0.08645384013652802
0.08471117913722992
0.08303854614496231
0.08140340447425842
0.07980689406394958
0.07826249301433563
0.07677191495895386
0.07532643526792526
0.07393782585859299
0.07257907092571259
0.07123051583766937
0.06990599632263184
0.06860627979040146
0.06734640151262283
0.06618279218673706
0.0650767832994461
0.06401573866605759
0.06299130618572235
0.06206560134887695
0.06125809624791145
0.06055475398898125
0.05994207039475441
