0.022013746201992035
0.026930425316095352
0.02941545471549034
0.03041987307369709
0.030850639566779137
0.03095008060336113
0.030908457934856415
0.03087698295712471
0.030899252742528915
0.030962450429797173
0.031134573742747307
0.03133535385131836
0.031573060899972916
0.03181399405002594
0.03202302008867264
0.032196614891290665
0.03237031400203705
0.03257289156317711
0.03280657157301903
0.03304952755570412
0.033292729407548904
0.03354077413678169
0.03378671780228615
0.03404375910758972
0.03433183580636978
0.03467751666903496
0.0351053811609745
0.03562198951840401
0.03622201085090637
0.036890435963869095
0.037612661719322205
0.03836765140295029
0.001653863349929452
0.0013034231960773468
0.0013309221249073744
0.0013628223678097129
0.0013667033053934574
0.0013652370544150472
0.0315302349627018
0.03686104342341423
0.03960515186190605
0.041105665266513824
0.04183865338563919
0.041143618524074554
0.04066011309623718
0.04025115817785263
0.03985615447163582
0.03945455700159073
0.03904099389910698
0.03860990330576897
0.038056839257478714
0.037461113184690475
0.03686428815126419
0.036261800676584244
0.03565247729420662
0.03504015505313873
0.034465543925762177
0.0338815413415432
0.03329059109091759
0.032685987651348114
0.03206988051533699
0.031446874141693115
0.03081585094332695
0.030176937580108643
0.029538080096244812
0.028895150870084763
0.028243733569979668
0.02758939191699028
0.026934824883937836
0.02628220058977604
0.025635333731770515
0.024993926286697388
0.024358687922358513
0.023730244487524033
0.02311057224869728
0.02249768003821373
0.021908586844801903
0.021342184394598007
0.020780641585588455
0.02022501453757286
0.01967591978609562
0.019133633002638817
0.018597742542624474
0.018068088218569756
0.01753980852663517
0.017039868980646133
0.016568724066019058
0.01612069271504879
0.01569085568189621
0.015275890938937664
0.014873298816382885
0.014481152407824993
