0.11367678642272949
0.12400835007429123
0.13127265870571136
0.13793016970157623
0.1421508938074112
0.14386682212352753
0.1457768976688385
0.1471053957939148
0.14805200695991516
0.14928536117076874
0.15048407018184662
0.15153726935386658
0.15274140238761902
0.15401719510555267
0.1552206128835678
0.15657511353492737
0.1580650359392166
0.15973015129566193
0.16182133555412292
0.1643504500389099
0.168735072016716
0.17403174936771393
0.179926335811615
0.18616652488708496
0.1929694414138794
0.20036636292934418
0.20833902060985565
0.21672691404819489
0.22560946643352509
0.23503965139389038
0.24550536274909973
0.25801753997802734
0.015565728768706322
0.01399045716971159
0.013625072315335274
0.013099167495965958
0.012709004804491997
0.012436631135642529
0.01223296020179987
0.2125234454870224
0.2288823425769806
0.23790858685970306
0.2574142515659332
0.28522270917892456
0.30071237683296204
0.3185989260673523
0.36255890130996704
0.37223511934280396
0.3642842173576355
0.35889798402786255
0.354900598526001
0.3517371416091919
0.3482237756252289
0.3464677333831787
0.34471869468688965
0.3422680199146271
0.34146222472190857
0.3414989113807678
0.3418126702308655
0.3433225154876709
0.34544575214385986
1.593256950378418
4.594941139221191
6.8453545570373535
8.578962326049805
10.067767143249512
11.162724494934082
11.972203254699707
12.574994087219238
13.028377532958984
13.385098457336426
13.668702125549316
13.908918380737305
14.129870414733887
14.348432540893555
14.513513565063477
14.636016845703125
14.72572135925293
14.791425704956055
14.83940601348877
14.874528884887695
14.901946067810059
14.923852920532227
14.94028377532959
14.955788612365723
14.973434448242188
14.997207641601562
15.039877891540527
15.171846389770508
15.358922004699707
20.760160446166992
26.319316864013672
28.189653396606445
29.456974029541016
30.53096580505371
31.49603271484375
32.35234069824219
