0.04618935286998749
0.055416710674762726
0.058968741446733475
0.059047870337963104
0.058728937059640884
0.05919564515352249
0.05989403650164604
0.0602736659348011
0.0607113316655159
0.06121218204498291
0.06175105273723602
0.062384799122810364
0.06333856284618378
0.06486533582210541
0.06686799228191376
0.0691559761762619
0.07162708044052124
0.07426974922418594
0.07701034843921661
0.07983238250017166
0.08276983350515366
0.0858401358127594
0.0890032947063446
0.09221302717924118
0.09491877257823944
0.09732259809970856
0.09990224242210388
0.10375553369522095
0.10965511202812195
0.11591364443302155
0.12281475216150284
0.12386519461870193
0.11896159499883652
0.11451032757759094
0.005202020984143019
0.004849432501941919
0.005027107894420624
0.0053032939322292805
0.005552470218390226
0.005748717579990625
0.005887997802346945
0.12257329374551773
0.11216796934604645
0.10672227293252945
0.10122501105070114
0.09692331403493881
0.09310760349035263
0.0895751416683197
0.08625518530607224
0.08302291482686996
0.0799090638756752
0.07679024338722229
0.07381603866815567
0.07097326219081879
0.06825665384531021
0.06566964834928513
0.0632048025727272
0.06085684895515442
0.05862585827708244
0.05651484429836273
0.05452088639140129
0.05261910706758499
0.05080389231443405
0.04908563196659088
0.04744112864136696
0.0458657331764698
0.044357527047395706
0.04288302734494209
0.04146084189414978
0.04009022191166878
0.03875241056084633
0.03745821863412857
0.036143746227025986
0.03477451577782631
0.03334265574812889
0.03216984495520592
0.031158477067947388
0.030212461948394775
0.029295478016138077
0.02839149534702301
0.02748957835137844
0.026559824123978615
0.02568025141954422
0.024851428344845772
0.024312781170010567
0.023980163037776947
0.02323075197637081
0.022518429905176163
0.021966084837913513
0.02147556282579899
0.020992953330278397
0.02052289806306362
0.01996525190770626
0.019326101988554
0.018669484183192253
0.01798471249639988
0.017291489988565445
