0.02508237399160862
0.027872754260897636
0.03215205669403076
0.0338720977306366
0.034538161009550095
0.03509142994880676
0.035451874136924744
0.03579007089138031
0.036114651709795
0.03643660247325897
0.03674781322479248
0.037034936249256134
0.037303537130355835
0.037551749497652054
0.03775252401828766
0.03792870044708252
0.03810856118798256
0.0383419431746006
0.03864086791872978
0.03901943936944008
0.03946872055530548
0.040008544921875
0.04064672067761421
0.041381899267435074
0.04220736026763916
0.043105024844408035
0.04406019672751427
0.045062970370054245
0.04610063135623932
0.04716869443655014
0.048277921974658966
0.049446072429418564
0.0026545024011284113
0.0024836333468556404
0.0024328872095793486
0.002417307812720537
0.002417073817923665
0.00242275046184659
0.04357220232486725
0.04754800349473953
0.050129711627960205
0.05197080224752426
0.05277508869767189
0.053526416420936584
0.05506095662713051
0.056556761264801025
0.057765476405620575
0.05889984592795372
0.06008843332529068
0.06124839186668396
0.062364283949136734
0.06350507587194443
0.0646691769361496
0.06583921611309052
0.06700245290994644
0.06822794675827026
0.06913190335035324
0.06631297618150711
0.06384846568107605
0.06156826764345169
0.059382449835538864
0.05725198984146118
0.05516427010297775
0.05311654135584831
0.05111030116677284
0.049146298319101334
0.04722481220960617
0.04538958519697189
0.04367341101169586
0.04227647930383682
0.041057098656892776
0.03993891924619675
0.03888595104217529
0.037885140627622604
0.037396375089883804
0.0369231216609478
0.036021728068590164
0.03515629097819328
0.034309230744838715
0.03349040448665619
0.032704517245292664
0.03194523602724075
0.031205901876091957
0.03049502894282341
0.02980552613735199
0.029134204611182213
0.028483549132943153
0.027825113385915756
0.027154896408319473
0.026498273015022278
0.025856804102659225
0.025227881968021393
0.02460971102118492
0.024023959413170815
