0.026025015860795975
0.029579857364296913
0.03350888192653656
0.0349799208343029
0.035696398466825485
0.03607695549726486
0.03654829412698746
0.03707592934370041
0.03766658529639244
0.038270577788352966
0.039035432040691376
0.040261704474687576
0.04188533499836922
0.043776340782642365
0.0458262637257576
0.04798993468284607
0.05023426562547684
0.052575815469026566
0.0549907349050045
0.05746534466743469
0.05940582603216171
0.061331987380981445
0.06321436911821365
0.065107561647892
0.06704967468976974
0.06904181092977524
0.07114230841398239
0.07075461745262146
0.06736699491739273
0.06433097273111343
0.06139123812317848
0.05846933275461197
0.05560915544629097
0.05303309112787247
0.0043911705724895
0.00424244673922658
0.004211227409541607
0.00420480826869607
0.0042063589207828045
0.004210913088172674
0.06553942710161209
0.05946827307343483
0.055678967386484146
0.05153379216790199
0.048370860517024994
0.04562051594257355
0.0432610958814621
0.04215965047478676
0.04110456258058548
0.03916331008076668
0.037365157157182693
0.035700034350156784
0.03415213152766228
0.03270480036735535
0.031346339732408524
0.03006749600172043
0.02886461280286312
0.027734145522117615
0.026671022176742554
0.025671575218439102
0.02473246306180954
0.02384830079972744
0.023015791550278664
0.022226447239518166
0.02147827483713627
0.020769746974110603
0.020097166299819946
0.01945600099861622
0.01884549669921398
0.018262233585119247
0.01770448498427868
0.017166053876280785
0.016643576323986053
0.016139522194862366
0.01565372943878174
0.015186614356935024
0.014738393947482109
0.014313066378235817
0.013909329660236835
0.013526424765586853
0.013159508816897869
0.012805048376321793
0.012459533289074898
0.012122243642807007
0.01179139781743288
0.011465976014733315
0.011149026453495026
0.01084202155470848
0.01054759044200182
0.010266496799886227
0.0099984435364604
0.009741933085024357
0.009497465565800667
0.009269079193472862
0.009057612158358097
0.008857286535203457
