0.02340669371187687
0.028608102351427078
0.03048618882894516
0.031642552465200424
0.032074157148599625
0.032644446939229965
0.033193789422512054
0.03359145671129227
0.033862993121147156
0.0340910442173481
0.03431127965450287
0.034521810710430145
0.0347137525677681
0.03488733246922493
0.0350613072514534
0.0352272130548954
0.035384152084589005
0.035547059029340744
0.03574836626648903
0.03600979223847389
0.03635043650865555
0.03678763657808304
0.03732505813241005
0.037964604794979095
0.038065988570451736
0.03767732158303261
0.037317126989364624
0.036959804594516754
0.036588408052921295
0.03619666025042534
0.035781700164079666
0.03534165024757385
0.002198452828451991
0.001698584877885878
0.0015891158254817128
0.0015162717318162322
0.0014981349231675267
0.0014868563739582896
0.03647138178348541
0.039205387234687805
0.03686879947781563
0.03522208333015442
0.033822089433670044
0.033257950097322464
0.03267848491668701
0.0317205972969532
0.030853020027279854
0.030025040730834007
0.02924296073615551
0.028437631204724312
0.027622206136584282
0.0267967339605093
0.025976017117500305
0.025165250524878502
0.024350633844733238
0.023544035851955414
0.022748513147234917
0.021965987980365753
0.021196046844124794
0.020446298643946648
0.019734462723135948
0.019086048007011414
0.018488014116883278
0.017923647537827492
0.01738080568611622
0.01685222052037716
0.01633443497121334
0.015827303752303123
0.015331005677580833
0.014846899546682835
0.014385241083800793
0.013946783728897572
0.013529240153729916
0.013131153769791126
0.012750006280839443
0.012384532950818539
0.012034615501761436
0.011705559678375721
0.011545730754733086
0.011391558684408665
0.011100075207650661
0.010821131058037281
0.01055268943309784
0.010292178951203823
0.010037820786237717
0.009784994646906853
0.009542755782604218
0.009307440370321274
0.009077120572328568
0.008852914907038212
0.008634937927126884
0.0084227304905653
0.008216170594096184
0.008012787438929081
