0.11410145461559296
0.12536635994911194
0.14229470491409302
0.1506473422050476
0.15308403968811035
0.15452967584133148
0.15580527484416962
0.15749491751194
0.1588161587715149
0.15977884829044342
0.16055680811405182
0.16124674677848816
0.16198524832725525
0.16285604238510132
0.16384582221508026
0.16479362547397614
0.1656305193901062
0.16648660600185394
0.16757601499557495
0.16894064843654633
0.17054493725299835
0.1723780781030655
0.17437009513378143
0.1765846312046051
0.17914257943630219
0.18199382722377777
0.18509596586227417
0.18673378229141235
0.18845488131046295
0.1922425925731659
0.19638527929782867
0.2009296864271164
0.20600512623786926
0.01166368555277586
0.010536783374845982
0.010040849447250366
0.009601389057934284
0.009439957328140736
0.00934533029794693
0.17154021561145782
0.18652057647705078
0.19853729009628296
0.20438450574874878
0.2108910232782364
0.21981197595596313
0.22848129272460938
0.24535861611366272
0.2518124282360077
0.24454498291015625
0.23786327242851257
0.23150759935379028
0.22510121762752533
0.2183622419834137
0.21157513558864594
0.20466668903827667
0.1976042538881302
0.1904410719871521
0.18316881358623505
0.17648307979106903
0.1717907190322876
0.16830401122570038
0.16540677845478058
0.16294629871845245
0.1609223484992981
0.15921105444431305
0.15767762064933777
0.15622784197330475
0.15487976372241974
0.1537378579378128
0.15297144651412964
0.2641054689884186
0.39703723788261414
0.5111283659934998
0.5981000661849976
0.6650174260139465
0.6962829232215881
0.7252375483512878
0.7700525522232056
0.8054671883583069
0.8339245915412903
0.856952965259552
0.8761582374572754
0.8921013474464417
0.9051974415779114
0.9201403260231018
0.9338754415512085
0.9458277821540833
0.9562903642654419
0.9648035764694214
0.9716846346855164
0.9772727489471436
0.981892466545105
0.985974133014679
0.9898805618286133
0.9936214685440063
0.9977701306343079
