0.006643883418291807
0.0072248755022883415
0.008007948286831379
0.008757664822041988
0.009368524886667728
0.009691032581031322
0.009895999915897846
0.00999669823795557
0.010119290091097355
0.010224226862192154
0.01029961183667183
0.010372651740908623
0.010447184555232525
0.010524379089474678
0.010607210919260979
0.010693781077861786
0.010782301425933838
0.010881751775741577
0.011002657935023308
0.011163968592882156
0.011370545253157616
0.011614247225224972
0.011890006251633167
0.01219510193914175
0.012523183599114418
0.01287008821964264
0.013160422444343567
0.013470408506691456
0.013794371858239174
0.0141330286860466
0.014489729888737202
0.014869743026793003
0.0009169409750029445
0.0008773247245699167
0.00087498634820804
0.0008799311472103
0.0008864830015227199
0.0008935350924730301
0.015182210132479668
0.015808288007974625
0.01618374139070511
0.01648511365056038
0.016689805313944817
0.01692437194287777
0.017231935635209084
0.017637204378843307
0.018087223172187805
0.018521329388022423
0.018959039822220802
0.019396772608160973
0.019877536222338676
0.020371869206428528
0.02088048681616783
0.02140800841152668
0.021958094090223312
0.02253166399896145
0.02313237637281418
0.02375825308263302
0.024404380470514297
0.025061218068003654
0.02573223225772381
0.026420364156365395
0.02712218090891838
0.02783348225057125
0.028547294437885284
0.029257846996188164
0.029961686581373215
0.03065885230898857
0.03137166053056717
0.03208540380001068
0.03280671685934067
0.033499736338853836
0.03416992723941803
0.034834012389183044
0.03545835614204407
0.03606108948588371
0.03672049939632416
0.03729160875082016
0.03781706094741821
0.038314517587423325
0.03877969831228256
0.03920479491353035
0.039592958986759186
0.03994559869170189
0.04026006534695625
0.04054206237196922
0.039114393293857574
0.03793963044881821
0.03685832396149635
0.035827379673719406
0.03483700379729271
0.033883098512887955
0.03296290710568428
