0.022154884412884712
0.024864573031663895
0.029587656259536743
0.030798880383372307
0.03173265978693962
0.03209445998072624
0.032291918992996216
0.032470401376485825
0.032623086124658585
0.032762885093688965
0.032899610698223114
0.03302672132849693
0.03314952179789543
0.03328610584139824
0.0334266796708107
0.03357531875371933
0.03374063968658447
0.03390368074178696
0.03407495841383934
0.034270159900188446
0.03453071042895317
0.034872155636548996
0.035298798233270645
0.03581979125738144
0.03646577522158623
0.03723554685711861
0.0381130687892437
0.03857862949371338
0.03906747326254845
0.04010629281401634
0.04120483621954918
0.042371880263090134
0.04361472278833389
0.002676190808415413
0.002399188932031393
0.0022819293662905693
0.0022487095557153225
0.002248623874038458
0.0022630307357758284
0.04232121631503105
0.04611584544181824
0.04778999462723732
0.04878872260451317
0.04923061281442642
0.049670081585645676
0.05063563585281372
0.05172554776072502
0.052942417562007904
0.05429193004965782
0.05572700873017311
0.0544670969247818
0.05317588895559311
0.051951758563518524
0.051355790346860886
0.05075567960739136
0.049548760056495667
0.04835696890950203
0.0471704825758934
0.04598715901374817
0.04478161036968231
0.04359566047787666
0.04250176250934601
0.041968055069446564
0.041434578597545624
0.04039059579372406
0.039354607462882996
0.03832653909921646
0.037304218858480453
0.03629818186163902
0.03531397879123688
0.03436693176627159
0.03346122056245804
0.03259260579943657
0.0317571759223938
0.030952921137213707
0.030178127810359
0.029430141672492027
0.028705976903438568
0.028006281703710556
0.027339503169059753
0.02669673040509224
0.02607613429427147
0.025467783212661743
0.024875828996300697
0.024300573393702507
0.02374366670846939
0.023204248398542404
0.022681742906570435
0.022175442427396774
0.021684689447283745
0.021208344027400017
0.020745528861880302
0.020295070484280586
0.01985587179660797
0.01942884363234043
0.01901319809257984
