-0.0
-0.0
-0.0
-0.0
-0.0
-0.0
-0.0
-0.0
-0.0
-0.0
-0.0
-0.0
-0.0
-0.0
-0.0
-0.0
-0.0
-0.0
-0.0
-0.0
-0.0
-0.0
-0.0
-0.0
-0.0
-0.0
-0.0
-0.0
-0.0
-0.0
-0.0
-0.0
-0.0
-0.0
-0.0
-0.0
-0.0
-0.0
-0.0
-0.0
-0.0
-0.0
-0.0
-0.0
-0.0
-0.0
-0.0
-0.0
-0.0
-0.0
-0.0
-0.0
-0.0
-0.0
-0.0
-0.0
-0.0
-0.0
-0.0
-0.0
-0.0
-0.0
-0.0
-0.0
-0.0
-0.0
-0.0
1.2001893878732517e-07
3.2698179097678803e-07
5.110286451781576e-07
6.742295113326691e-07
8.187373623513849e-07
9.464055779062619e-07
1.0589212706690887e-06
1.157615088231978e-06
1.2437277518984047e-06
1.3184701401769416e-06
1.3829777572027524e-06
1.4382999324880075e-06
1.4853530956315808e-06
1.5249630678226822e-06
1.5578496004309272e-06
1.5846592305024387e-06
1.6059757399489172e-06
1.622351874175365e-06
1.6343051356670912e-06
1.642303004700807e-06
1.6467482737425598e-06
1.6478005591125111e-06
1.6480361182402703e-06
1.646344685468648e-06
1.6421307691416587e-06
1.6356133301087539e-06
1.6270321339106886e-06
1.6166208069989807e-06
1.604555450285261e-06
1.5910454749246128e-06
