0.09202329069375992
0.10932797938585281
0.1225854754447937
0.13196486234664917
0.13495203852653503
0.13654635846614838
0.13763800263404846
0.13881635665893555
0.1398918628692627
0.14069639146327972
0.14128807187080383
0.14189216494560242
0.1426062136888504
0.14325784146785736
0.14381326735019684
0.14430955052375793
0.1447588950395584
0.1452331691980362
0.14573197066783905
0.14622630178928375
0.1468224972486496
0.14740534126758575
0.148353710770607
0.14961911737918854
0.15101021528244019
0.1526537388563156
0.154722660779953
0.15727654099464417
0.160143181681633
0.16313990950584412
0.16623340547084808
0.16950871050357819
0.01102915033698082
0.005585187114775181
0.005413642153143883
0.005869691725820303
0.006204127334058285
0.0066233305260539055
0.13614384829998016
0.14577044546604156
0.1538875550031662
0.16628789901733398
0.17592906951904297
0.1834040880203247
0.18974661827087402
0.1960618793964386
0.20230361819267273
0.20860162377357483
0.21499976515769958
0.2219432294368744
0.22949670255184174
0.23786000907421112
0.2505229413509369
0.26354095339775085
0.2761380076408386
0.2884809076786041
0.3013809323310852
0.3167502284049988
0.3322142958641052
0.32014426589012146
0.3097779154777527
0.3005194067955017
0.29190629720687866
0.28353041410446167
0.27526554465293884
0.26714256405830383
0.2591657042503357
0.25129082798957825
0.24353164434432983
0.2358739674091339
0.22837194800376892
0.221262127161026
0.21472841501235962
0.208502396941185
0.20247897505760193
0.1965893656015396
0.1908421367406845
0.18544282019138336
0.18071427941322327
0.1765512377023697
0.17280243337154388
0.16945065557956696
0.16647879779338837
0.1638653725385666
0.161418616771698
0.1591237336397171
0.15697652101516724
0.1549723595380783
0.15312719345092773
0.15141649544239044
0.14982838928699493
0.1483854055404663
0.1470830887556076
