0.022177860140800476
0.026957131922245026
0.029280971735715866
0.030372973531484604
0.0308558139950037
0.030943358317017555
0.030900608748197556
0.0308682881295681
0.030884310603141785
0.030943891033530235
0.03109939768910408
0.0312875360250473
0.03152007237076759
0.031767718493938446
0.03198223188519478
0.03215387091040611
0.03231492266058922
0.03249802440404892
0.03271271660923958
0.0329476073384285
0.033181048929691315
0.033417101949453354
0.03365420550107956
0.03389497101306915
0.03415565565228462
0.034456171095371246
0.034825537353754044
0.035279400646686554
0.03581905737519264
0.03643423318862915
0.03710988163948059
0.03783238306641579
0.0016000898322090507
0.0012897425331175327
0.0013294541276991367
0.0013691151980310678
0.001365564065054059
0.001363271032460034
0.030861293897032738
0.03602374717593193
0.03883296996355057
0.04042097553610802
0.04137757793068886
0.04153068736195564
0.040996093302965164
0.04057931527495384
0.040195196866989136
0.03981054946780205
0.03941500559449196
0.039007846266031265
0.03858264535665512
0.038018517196178436
0.037441082298755646
0.03685980662703514
0.0362740159034729
0.035680849105119705
0.03508452698588371
0.03452645614743233
0.033958982676267624
0.03338569030165672
0.032800350338220596
0.0322023406624794
0.031599368900060654
0.03098822943866253
0.030369004234671593
0.029748594388365746
0.02912626415491104
0.02849665656685829
0.027862031012773514
0.027224740013480186
0.02658715657889843
0.025954216718673706
0.025327036157250404
0.024706142023205757
0.024091364815831184
0.023483775556087494
0.022884031757712364
0.022290831431746483
0.021726442500948906
0.02117866277694702
0.020634591579437256
0.02009599842131138
0.019563261419534683
0.01903640665113926
0.01851598359644413
0.018001075834035873
0.017486898228526115
0.016999995335936546
0.01654154434800148
0.016105640679597855
0.015687409788370132
0.015283132903277874
