11.771798133850098
8.291119575500488
7.333813190460205
7.2700371742248535
7.011480331420898
6.8059000968933105
6.641831398010254
6.58746337890625
6.6128435134887695
6.676811218261719
6.737646579742432
6.809605121612549
6.88746976852417
6.9472737312316895
7.0244574546813965
7.130647659301758
7.265084743499756
7.405241012573242
7.526340961456299
7.669389247894287
7.831855297088623
8.015107154846191
8.21629810333252
8.426444053649902
8.64327335357666
8.855687141418457
9.07193660736084
9.279504776000977
9.431838035583496
9.857093811035156
10.250289916992188
10.548337936401367
2.5677037239074707
2.6707069873809814
2.788977861404419
2.9445018768310547
2.9913594722747803
3.0471885204315186
3.111218214035034
11.634867668151855
12.234702110290527
12.383708953857422
12.819706916809082
13.228141784667969
13.436437606811523
13.62324333190918
13.917283058166504
14.154051780700684
14.347830772399902
14.514355659484863
14.665129661560059
14.809083938598633
14.95334243774414
15.026717185974121
15.099072456359863
15.260717391967773
15.439767837524414
15.629743576049805
15.724817276000977
15.820322036743164
16.022754669189453
16.226667404174805
16.42790985107422
16.533599853515625
16.658418655395508
16.897754669189453
17.12477684020996
17.344106674194336
17.557985305786133
17.767467498779297
17.97241973876953
18.16771125793457
18.351457595825195
18.529836654663086
18.70719337463379
18.884008407592773
19.057296752929688
19.253585815429688
19.465118408203125
19.67328643798828
19.874723434448242
20.072742462158203
20.271251678466797
20.474069595336914
20.67879295349121
20.88614273071289
21.097949981689453
21.31684684753418
21.538293838500977
21.778705596923828
22.016448974609375
22.243892669677734
22.463241577148438
22.67281723022461
22.87160873413086
23.05892562866211
23.232891082763672
23.391603469848633
