7.19513463973999
9.108809471130371
11.537079811096191
12.948307037353516
14.790356636047363
14.50534439086914
14.296282768249512
14.943167686462402
16.145116806030273
17.184579849243164
17.6334171295166
17.650554656982422
17.92548179626465
18.639986038208008
19.773372650146484
21.351133346557617
23.3294734954834
25.741182327270508
28.75693130493164
32.756370544433594
38.80015563964844
48.02522659301758
57.98936462402344
67.32525634765625
78.73467254638672
92.49547576904297
108.70247650146484
128.13336181640625
150.00912475585938
174.4875946044922
200.7570343017578
228.38687133789062
6.104769229888916
5.977644443511963
6.424886226654053
7.359338283538818
8.125551223754883
8.690680503845215
9.109427452087402
200.79171752929688
294.8564453125
309.4469299316406
355.2784118652344
358.6201171875
359.9460144042969
363.78741455078125
372.0981140136719
379.4617614746094
386.3462829589844
391.7532958984375
396.0931396484375
399.4187927246094
401.7479248046875
402.7408142089844
403.434814453125
404.1844177246094
404.24627685546875
402.7201843261719
401.90753173828125
400.9453430175781
399.08953857421875
397.33660888671875
395.443359375
394.4942321777344
393.4971923828125
391.6025390625
389.6177978515625
387.6443786621094
385.7506103515625
383.8483581542969
381.7857666015625
379.68096923828125
377.6293029785156
375.64361572265625
373.8177490234375
372.06640625
370.396484375
368.8245544433594
367.3314208984375
365.9016418457031
364.5411682128906
363.2938537597656
362.12054443359375
361.0443420410156
360.06671142578125
359.1104431152344
356.7923278808594
355.0889892578125
353.70513916015625
352.4942321777344
351.3771667480469
350.3087463378906
349.23779296875
348.14544677734375
346.9152526855469
345.5018310546875
344.0344543457031
342.5392150878906
