-0.0
-0.0
-0.0
-0.0
-0.0
-0.0
-0.0
-0.0
-0.0
-0.0
-0.0
-0.0
-0.0
-0.0
-0.0
-0.0
-0.0
-0.0
-0.0
-0.0
-0.0
-0.0
-0.0
-0.0
-0.0
-0.0
-0.0
-0.0
-0.0
-0.0
-0.0
-0.0
-0.0
-0.0
-0.0
-0.0
-0.0
-0.0
-0.0
-0.0
-0.0
-0.0
-0.0
-0.0
-0.0
-0.0
-0.0
-0.0
-0.0
-0.0
-0.0
-0.0
-0.0
-0.0
-0.0
-0.0
-0.0
-0.0
-0.0
-0.0
-0.0
-0.0
-0.0
-0.0
-0.0
-0.0
-0.0
-0.0
-0.0
-0.0
7.984156695783895e-07
1.89656816473871e-06
2.8656011181737995e-06
3.711495537572773e-06
4.448851996130543e-06
5.082900315755978e-06
5.626806341751944e-06
6.09494372838526e-06
6.49832327326294e-06
6.84560700392467e-06
7.142711638152832e-06
7.3960427471320145e-06
7.6111400630907156e-06
7.796861609676853e-06
7.951764928293414e-06
8.076560334302485e-06
8.174429240170866e-06
8.248290214396548e-06
8.300926310766954e-06
8.33482226880733e-06
8.351927135663573e-06
8.354099918506108e-06
8.343217814399395e-06
8.320907909364905e-06
8.288528988487087e-06
8.24715243652463e-06
8.197712304536253e-06
8.141057151078712e-06
