3.9047348499298096
4.477715969085693
5.7341790199279785
7.164889812469482
8.251333236694336
9.059874534606934
8.425765991210938
7.737994194030762
7.377379417419434
7.279970645904541
7.334055423736572
7.470865726470947
7.697608470916748
8.00860595703125
8.385337829589844
8.81784439086914
9.30854606628418
9.696390151977539
9.878899574279785
10.049445152282715
10.228694915771484
10.304802894592285
10.309016227722168
10.324570655822754
10.357006072998047
10.425554275512695
10.5400972366333
10.680854797363281
10.854323387145996
11.066173553466797
11.307853698730469
11.586817741394043
0.20213420689105988
0.1372227817773819
0.13659445941448212
0.13877423107624054
0.14064928889274597
0.14321014285087585
8.461623191833496
13.638697624206543
14.36072063446045
14.763296127319336
15.152195930480957
15.61655044555664
16.15567398071289
16.755945205688477
17.402551651000977
18.082439422607422
18.796842575073242
19.545270919799805
20.31440544128418
21.121877670288086
21.98597526550293
22.904848098754883
23.882658004760742
24.921770095825195
26.01634407043457
27.15728759765625
28.342374801635742
29.55230140686035
30.798892974853516
32.06059265136719
33.3109016418457
34.526710510253906
35.69850540161133
36.81927490234375
37.87873458862305
38.87223434448242
39.791873931884766
40.65496063232422
41.52274703979492
42.27415084838867
42.926658630371094
43.49319076538086
43.9836540222168
44.40721130371094
44.77388381958008
45.09217071533203
45.372894287109375
45.62126922607422
45.837989807128906
46.019588470458984
46.168312072753906
46.283748626708984
46.36540985107422
46.40924072265625
46.4179801940918
46.425575256347656
46.401485443115234
46.3516845703125
46.27947998046875
46.18650817871094
