0.02271631732583046
0.027293352410197258
0.029600799083709717
0.030532876029610634
0.030915353447198868
0.030955443158745766
0.030916627496480942
0.03094644658267498
0.031048668548464775
0.031205570325255394
0.03143060579895973
0.03168109431862831
0.03190535306930542
0.0320960134267807
0.03226601704955101
0.03242112323641777
0.03257303312420845
0.03273965045809746
0.03291098400950432
0.0330834798514843
0.033256229013204575
0.03343525528907776
0.0336456261575222
0.03391149267554283
0.034243226051330566
0.034642115235328674
0.0351036861538887
0.035624876618385315
0.036203477531671524
0.03683629631996155
0.03751866891980171
0.0382433719933033
0.0019024134380742908
0.001560931676067412
0.0014505290891975164
0.001439966494217515
0.0014352838043123484
0.0014329641126096249
0.03179369121789932
0.03687318414449692
0.039521608501672745
0.0409405454993248
0.041024889796972275
0.040399957448244095
0.039916522800922394
0.03948095813393593
0.03905060887336731
0.03861398249864578
0.038156457245349884
0.037636760622262955
0.03699040040373802
0.03633937984704971
0.035673703998327255
0.03498294577002525
0.034327637404203415
0.033678945153951645
0.03302913159132004
0.032349906861782074
0.03166290372610092
0.030979391187429428
0.030292104929685593
0.02959497645497322
0.02889104187488556
0.028186984360218048
0.02748272195458412
0.0267818383872509
0.026089733466506004
0.025408707559108734
0.024738501757383347
0.02407889999449253
0.02342776581645012
0.022782793268561363
0.022147223353385925
0.02152171917259693
0.020906995981931686
0.020303526893258095
0.019711991772055626
0.019136693328619003
0.018587805330753326
0.018056044355034828
0.01753387413918972
0.017016137018799782
0.01650446094572544
0.016017688438296318
0.015781322494149208
0.015551445074379444
0.015112750232219696
0.014690426178276539
0.014279943890869617
0.013878196477890015
0.0134868323802948
0.013104966841638088
0.0127329733222723
