0.007746824529021978
0.008788613602519035
0.008367897011339664
0.008036102168262005
0.00784241035580635
0.007717359345406294
0.007628580089658499
0.007563576567918062
0.007513618096709251
0.007467522285878658
0.007423131726682186
0.007380552589893341
0.007338694296777248
0.007296889089047909
0.007256172131747007
0.007216508500277996
0.007179229985922575
0.007143902592360973
0.007109189871698618
0.007074945606291294
0.007041374687105417
0.007009103428572416
0.006978662684559822
0.006950170733034611
0.0069231195375323296
0.006897644139826298
0.006873548496514559
0.006850801408290863
0.00682917982339859
0.006808476522564888
0.006788257975131273
0.006768060382455587
0.0006360221887007356
0.0005311824497766793
0.0005085555603727698
0.000504677533172071
0.0005050748586654663
0.0005056968657299876
0.007161477580666542
0.007052139844745398
0.006866751238703728
0.006741274148225784
0.006662005092948675
0.00660930760204792
0.006570668425410986
0.006538810208439827
0.006509498227387667
0.006480817683041096
0.006451772525906563
0.006420875433832407
0.006388436071574688
0.006354693789035082
0.006319734267890453
0.006282229907810688
0.006237720139324665
0.006190211046487093
0.006137824151664972
0.006083054933696985
0.006027854513376951
0.0059672072529792786
0.0059030805714428425
0.005838257726281881
0.005773404147475958
0.005707602482289076
0.005639438051730394
0.005568308290094137
0.0054952241480350494
0.0054206871427595615
0.005345121491700411
0.005268791690468788
0.005191808100789785
0.005113520659506321
0.005034115631133318
0.004953802563250065
0.0048730759881436825
0.004791987128555775
0.00471076974645257
0.0046296995133161545
0.0045493305660784245
0.004470344167202711
0.004392359871417284
0.004315071739256382
0.004238199908286333
0.004161701537668705
0.004085290711373091
0.004009202588349581
0.003933572676032782
0.0038585977163165808
0.00378438294865191
0.0037110564298927784
0.00363877578638494
0.0035676052793860435
