0.11159341037273407
0.11922624707221985
0.13377520442008972
0.14644581079483032
0.1507318764925003
0.15169750154018402
0.15204866230487823
0.1524498611688614
0.15286681056022644
0.15328505635261536
0.15380112826824188
0.15425816178321838
0.1546623855829239
0.15519681572914124
0.15591850876808167
0.1567278504371643
0.15755562484264374
0.15828482806682587
0.1588728427886963
0.15942789614200592
0.1600383073091507
0.16067562997341156
0.16130706667900085
0.16202852129936218
0.1629214733839035
0.163901224732399
0.16494140028953552
0.16603410243988037
0.16724678874015808
0.16870339214801788
0.17047183215618134
0.17258086800575256
0.008589494973421097
0.007681517396122217
0.007828662171959877
0.0077914088033139706
0.007775132544338703
0.007763998117297888
0.14780308306217194
0.16219596564769745
0.1698809713125229
0.17544852197170258
0.1800500601530075
0.18416953086853027
0.18822208046913147
0.19236795604228973
0.19666436314582825
0.20119768381118774
0.206844761967659
0.21503451466560364
0.22344514727592468
0.23243241012096405
0.24213720858097076
0.2518894076347351
0.2615518569946289
0.2722324728965759
0.27083224058151245
0.26627984642982483
0.2619626522064209
0.2576884627342224
0.25332123041152954
0.24892958998680115
0.24451957643032074
0.24008353054523468
0.2356003075838089
0.2310784012079239
0.22652468085289001
0.22191202640533447
0.21708281338214874
0.21224701404571533
0.20748881995677948
0.20280565321445465
0.19818662106990814
0.1936248540878296
0.1891123652458191
0.18464888632297516
0.18028469383716583
0.1760612577199936
0.17192867398262024
0.1678682267665863
0.16386525332927704
0.15989263355731964
0.1559295952320099
0.15198691189289093
0.14814236760139465
0.1444508582353592
0.14090903103351593
0.1374828815460205
0.13413193821907043
0.13247230648994446
0.13081315159797668
0.12748479843139648
0.12415515631437302
