0.024207448586821556
0.02632928267121315
0.02946377359330654
0.03275882080197334
0.03358300030231476
0.033878352493047714
0.034117188304662704
0.03435662388801575
0.03450470045208931
0.034649863839149475
0.0348086804151535
0.03493936359882355
0.03505147993564606
0.03517763316631317
0.035298947244882584
0.03542033210396767
0.03556689992547035
0.03573212772607803
0.03591172769665718
0.03609924763441086
0.03628147765994072
0.03645535930991173
0.03662519529461861
0.036796946078538895
0.0369759239256382
0.037169698625802994
0.03738238289952278
0.0376192070543766
0.0378815121948719
0.03817710280418396
0.03850866109132767
0.038873955607414246
0.0018903716700151563
0.0017212806269526482
0.0016542274970561266
0.001656168606132269
0.001653459738008678
0.0016508075641468167
0.03265149146318436
0.03617468848824501
0.038117360323667526
0.03934386000037193
0.040238287299871445
0.0410018265247345
0.041692618280649185
0.042358480393886566
0.04302572086453438
0.04371562972664833
0.04443855583667755
0.04520062357187271
0.046001698821783066
0.04684000089764595
0.04771576449275017
0.048629339784383774
0.04958140850067139
0.05057070031762123
0.05159350484609604
0.05266287550330162
0.05379776656627655
0.05497514829039574
0.05615559592843056
0.057090550661087036
0.05800391733646393
0.05890714377164841
0.05979787930846214
0.06068914383649826
0.06159414350986481
0.062484465539455414
0.0633331760764122
0.06414253264665604
0.06494198739528656
0.065732941031456
0.06652241945266724
0.06732027977705002
0.06813079863786697
0.06895090639591217
0.06976883858442307
0.0705784261226654
0.0713755339384079
0.072158083319664
0.07297102361917496
0.07380342483520508
0.07274435460567474
0.07084734737873077
0.0690818652510643
0.06737161427736282
0.0656910240650177
0.06402838230133057
0.06237371638417244
0.06073427200317383
0.05912325158715248
0.05753874406218529
