9.392391204833984
13.287117958068848
10.6577730178833
8.826560020446777
8.039804458618164
7.672365188598633
7.5283074378967285
7.488802433013916
7.43096399307251
7.378449440002441
7.314396858215332
7.243204116821289
7.114001750946045
6.969533920288086
6.828481674194336
6.717595100402832
6.6403326988220215
6.595130920410156
6.578027725219727
6.5849738121032715
6.612481594085693
6.65450382232666
6.708158493041992
6.773069858551025
6.846500396728516
6.926638126373291
7.013802528381348
7.105787754058838
7.200292110443115
7.300498008728027
7.407639980316162
7.525328159332275
0.4418608546257019
0.35752245783805847
0.3357835114002228
0.3452422320842743
0.3581027090549469
0.37079906463623047
8.597763061523438
9.117728233337402
9.377107620239258
9.661737442016602
10.006951332092285
10.430221557617188
10.92992877960205
11.514143943786621
12.17757511138916
13.018848419189453
13.905742645263672
14.74929141998291
15.558789253234863
16.38117027282715
17.321455001831055
18.38263511657715
19.514995574951172
20.701784133911133
21.92015266418457
23.130029678344727
24.295135498046875
25.462385177612305
26.68623924255371
27.84238624572754
28.95950698852539
30.05364990234375
31.1152286529541
32.11713790893555
33.037864685058594
33.86900329589844
34.61310577392578
35.282405853271484
35.899757385253906
36.47126007080078
37.00627517700195
37.51770782470703
38.003318786621094
38.459835052490234
38.88192367553711
39.266815185546875
39.619930267333984
39.94933319091797
40.25666809082031
40.5315055847168
40.77766799926758
41.02962112426758
41.27089309692383
41.459049224853516
41.609500885009766
41.722782135009766
41.803585052490234
41.85451889038086
41.88450241088867
41.90449523925781
