0.11628657579421997
0.1302473247051239
0.1402977705001831
0.14516796171665192
0.15026657283306122
0.15169769525527954
0.15250727534294128
0.15330810844898224
0.15401782095432281
0.15493710339069366
0.15620706975460052
0.15761621296405792
0.1588764786720276
0.16028952598571777
0.16165776550769806
0.16314168274402618
0.16480042040348053
0.16677477955818176
0.16943587362766266
0.1728445589542389
0.17692770063877106
0.18141643702983856
0.1863003969192505
0.19168253242969513
0.19759808480739594
0.2041659951210022
0.21510112285614014
0.228513702750206
0.2441388964653015
0.2606261968612671
0.27285224199295044
0.2658451199531555
0.2586045563220978
0.012480116449296474
0.012290243990719318
0.012226780876517296
0.012298797257244587
0.012421776540577412
0.012529377825558186
0.01260275486856699
0.24650518596172333
0.254660964012146
0.26037830114364624
0.2509669065475464
0.24285273253917694
0.23541341722011566
0.23044851422309875
0.22800537943840027
0.2199547290802002
0.21189384162425995
0.20346249639987946
0.19484807550907135
0.18620792031288147
0.1776398867368698
0.1693112850189209
0.16527120769023895
0.16130518913269043
0.15387585759162903
0.15031488239765167
0.14682111144065857
0.14019227027893066
0.13435956835746765
0.12943889200687408
0.1250692903995514
0.12107255309820175
0.11916186660528183
0.11731748282909393
0.11392422020435333
0.11080607771873474
0.10789654403924942
0.10515343397855759
0.10257493704557419
0.10013002902269363
0.09780000150203705
0.09558514505624771
0.09350290149450302
0.09153261035680771
0.08961612731218338
0.08785130083560944
0.0862542912364006
0.08475247025489807
0.08323991298675537
0.08173831552267075
0.0802900493144989
0.07890227437019348
0.07751405239105225
0.07611685991287231
0.07473880052566528
0.07337833940982819
0.07205662131309509
0.07080225646495819
0.0696004331111908
0.06851883232593536
0.06757934391498566
0.06676316261291504
0.06608369201421738
0.06552915275096893
0.06507384032011032
0.06471031904220581
