2050.4794921875
2016.9737548828125
2014.862060546875
2078.66015625
2056.3447265625
2041.9698486328125
2033.4892578125
2036.0672607421875
2042.943603515625
2067.462158203125
2069.533447265625
2066.528564453125
2067.944580078125
2082.751220703125
2103.322021484375
2131.57470703125
2164.90283203125
2221.939208984375
2308.37841796875
2414.16748046875
2534.821044921875
2669.376708984375
2819.21533203125
2983.419921875
3161.166259765625
3350.02587890625
3548.618896484375
3759.33740234375
3980.562255859375
4211.21875
4451.556640625
4706.25732421875
163.11788940429688
188.6236572265625
215.28265380859375
235.17300415039062
250.44778442382812
263.13018798828125
5893.5419921875
6117.92431640625
6368.82177734375
6668.10595703125
6980.4248046875
7303.07275390625
7637.70654296875
8023.4521484375
8435.587890625
8895.4951171875
9367.314453125
9868.375
10398.28515625
10963.859375
11556.6904296875
12184.4951171875
12832.8173828125
13500.98828125
14189.50390625
14903.5712890625
15647.29296875
15880.0927734375
15901.537109375
15908.9443359375
15890.53515625
15844.37109375
15772.8388671875
15679.462890625
15564.9404296875
15431.6396484375
15281.462890625
15113.796875
14929.724609375
14730.8935546875
14520.1875
14298.529296875
14066.1728515625
13823.7939453125
13571.9150390625
13311.0859375
13044.388671875
12768.5546875
12480.84765625
12200.9853515625
11921.4267578125
11643.2080078125
11368.044921875
11094.994140625
10824.7265625
10556.4169921875
10291.6572265625
10033.220703125
9782.046875
9538.5791015625
