1500.0
1498.3585205078125
1500.0
1499.9998779296875
1499.9998779296875
1500.0
1500.0
1500.0
1500.0
1500.0
1500.0
1500.0
1500.0
1500.0
1500.0
1499.9998779296875
1500.0
1500.0
1500.0
1500.0
1500.0
1500.0
1494.9212646484375
1484.18115234375
1474.22216796875
1463.658203125
1451.8052978515625
1438.2877197265625
1423.1983642578125
1406.98193359375
1389.728515625
1371.17919921875
99.34683990478516
100.0
100.0
100.0
100.0
100.0
1500.0181884765625
1500.0
1483.8153076171875
1390.7117919921875
1331.746826171875
1287.5111083984375
1250.66845703125
1217.7344970703125
1186.885009765625
1157.2080078125
1128.19482421875
1099.6009521484375
1071.251953125
1043.15771484375
1014.98193359375
987.794921875
961.5305786132812
935.3600463867188
909.2326049804688
883.2747802734375
857.3403930664062
831.4346313476562
805.7088623046875
780.09765625
754.7543334960938
730.3553466796875
706.7628784179688
682.64599609375
658.967041015625
635.7616577148438
612.9903564453125
591.3412475585938
569.8619995117188
549.7500610351562
530.9102783203125
513.2134399414062
496.4167175292969
480.4627685546875
464.93890380859375
450.211181640625
436.2290344238281
422.9302062988281
410.1544494628906
397.75213623046875
385.7000427246094
374.1014709472656
363.219482421875
352.9477233886719
343.0146179199219
333.1702575683594
323.28497314453125
313.28265380859375
303.2186584472656
293.0303955078125
