2085.551513671875
2059.10498046875
2027.275146484375
2000.84228515625
2022.28759765625
2029.0316162109375
2033.4671630859375
2039.28076171875
2061.765380859375
2066.770751953125
2077.7451171875
2085.2744140625
2098.376953125
2115.937255859375
2126.816162109375
2138.853759765625
2150.806396484375
2165.00439453125
2181.32763671875
2197.7421875
2212.244384765625
2227.04833984375
2247.280517578125
2275.168212890625
2309.460693359375
2350.5546875
2404.964111328125
2468.256103515625
2538.95361328125
2618.993408203125
2708.522705078125
2806.2216796875
122.77110290527344
124.47350311279297
125.42949676513672
126.01822662353516
126.41499328613281
126.70208740234375
2086.75732421875
2582.839599609375
2840.33837890625
3023.802734375
3187.813232421875
3351.348388671875
3521.76318359375
3698.9560546875
3882.382080078125
4070.90771484375
4264.75
4464.974609375
4671.43896484375
4883.30078125
5098.52734375
5324.1611328125
5560.31640625
5812.2998046875
6065.5908203125
6318.54248046875
6570.48388671875
6830.17431640625
7100.97705078125
7394.3798828125
7715.30712890625
8027.68505859375
8341.978515625
8654.0849609375
8967.1318359375
9268.1787109375
9550.4267578125
9805.5908203125
10036.931640625
10249.861328125
10446.955078125
10633.9580078125
10808.1650390625
10961.7939453125
11088.29296875
11182.099609375
11188.548828125
10797.818359375
10446.1796875
10115.9658203125
9798.70703125
9491.44140625
9192.8544921875
8902.5615234375
8620.560546875
8345.9921875
8073.7685546875
7805.0146484375
7540.537109375
7284.60791015625
