2075.8828125
2042.826171875
2002.981689453125
2018.30322265625
2100.71923828125
2084.63037109375
2064.470458984375
2053.04443359375
2049.80517578125
2048.018798828125
2049.0576171875
2052.112060546875
2072.190185546875
2093.686279296875
2115.479736328125
2127.775390625
2133.81884765625
2147.5
2161.7197265625
2173.40771484375
2182.879638671875
2193.265869140625
2216.32861328125
2252.821044921875
2297.14501953125
2344.724853515625
2402.477783203125
2471.8564453125
2550.8095703125
2639.949462890625
2738.68994140625
2847.015869140625
120.52628326416016
122.8162841796875
123.5077896118164
123.65723419189453
123.71534729003906
123.76158142089844
1914.2236328125
2613.482177734375
2883.0830078125
3076.320556640625
3278.34912109375
3501.321533203125
3743.534423828125
3997.99072265625
4264.42138671875
4522.9375
4762.240234375
4995.4423828125
5219.15673828125
5440.07861328125
5663.72265625
5721.56201171875
5610.9296875
5507.96826171875
5413.9072265625
5325.650390625
5233.48583984375
5139.9130859375
5043.78369140625
4943.7880859375
4839.48583984375
4729.84521484375
4618.10546875
4512.1162109375
4406.31201171875
4298.30078125
4192.609375
4090.57177734375
3988.58447265625
3885.9140625
3783.439697265625
3679.59228515625
3574.3994140625
3468.789794921875
3361.1201171875
3250.396728515625
3140.702880859375
3038.060546875
2939.64990234375
2842.94580078125
2744.809814453125
2646.11181640625
2546.7216796875
2442.732666015625
2345.406494140625
2258.13232421875
2180.4287109375
2109.295166015625
2040.3016357421875
1972.9910888671875
