2085.1923828125
2075.748291015625
2049.402587890625
2030.2222900390625
2016.761474609375
2005.4908447265625
1995.329345703125
2016.3692626953125
2066.14013671875
2072.044677734375
2064.246337890625
2055.23193359375
2047.545166015625
2046.603515625
2066.59326171875
2098.634765625
2140.227294921875
2177.62548828125
2212.27001953125
2246.072021484375
2279.373046875
2313.419677734375
2354.4599609375
2413.592041015625
2486.606201171875
2570.269775390625
2663.13427734375
2761.01171875
2864.111328125
2973.2685546875
3087.883544921875
3207.7861328125
124.38496398925781
124.41870880126953
124.69384002685547
124.8179702758789
124.87429809570312
124.92784881591797
2613.184326171875
2913.94970703125
3061.92529296875
3218.173828125
3395.796142578125
3592.378173828125
3795.86328125
3998.44873046875
4195.0556640625
4385.1142578125
4566.9990234375
4742.0625
4913.22607421875
5088.0791015625
5249.455078125
5394.61865234375
5533.9814453125
5683.96435546875
5825.037109375
5971.5849609375
6117.23291015625
6266.787109375
6418.66748046875
6571.765625
6715.86181640625
6846.7470703125
6944.45751953125
7002.767578125
7032.6796875
7054.9453125
7088.2705078125
7138.2265625
7217.05712890625
7322.37841796875
7427.45263671875
7531.78662109375
7628.87451171875
7657.12353515625
7634.72412109375
7619.4892578125
7633.05322265625
7762.46630859375
7982.193359375
8382.7470703125
8543.6884765625
8531.583984375
8454.546875
8147.03515625
7621.03466796875
7181.5302734375
6788.06640625
6440.9921875
6128.31884765625
5836.890625
