2073.796142578125
2039.5782470703125
2002.4376220703125
2039.654296875
2083.200927734375
2069.58740234375
2070.666015625
2065.44970703125
2066.518798828125
2076.263427734375
2094.366455078125
2111.594482421875
2122.2119140625
2136.05859375
2150.83251953125
2163.259521484375
2169.896728515625
2176.46728515625
2192.135986328125
2214.86279296875
2253.116455078125
2299.498291015625
2351.2841796875
2410.963134765625
2491.93994140625
2592.87451171875
2705.465087890625
2820.67333984375
2935.03955078125
3054.674072265625
3180.87353515625
3314.45361328125
119.3810806274414
122.64849853515625
124.9012222290039
125.46973419189453
125.27668762207031
124.67029571533203
2386.099365234375
2877.15087890625
3185.550537109375
3457.69189453125
3727.69775390625
4005.241943359375
4300.068359375
4614.06640625
4932.08154296875
5252.53564453125
5574.783203125
5619.45947265625
5511.30517578125
5425.806640625
5355.00732421875
5270.20703125
5173.69873046875
5067.9560546875
4955.935546875
4839.05322265625
4738.2939453125
4628.68017578125
4512.66259765625
4388.8037109375
4250.14404296875
4109.43017578125
3972.76025390625
3841.974365234375
3715.04736328125
3591.677734375
3470.051513671875
3342.65234375
3209.630615234375
3074.05908203125
2933.329833984375
2794.443603515625
2658.98388671875
2526.672607421875
2395.76123046875
2264.283935546875
2146.830078125
2039.0421142578125
1943.4107666015625
1859.8084716796875
1786.3154296875
1714.851318359375
1645.218017578125
1576.8594970703125
1509.8369140625
1444.35693359375
1380.538818359375
1318.375244140625
1257.499755859375
1204.0159912109375
