2048.6064453125
2005.621826171875
2150.715576171875
2462.07421875
2616.966552734375
2662.294677734375
2632.586181640625
2572.86962890625
2499.880615234375
2433.325439453125
2384.788330078125
2357.440673828125
2352.060791015625
2355.73681640625
2367.51513671875
2391.315673828125
2432.22705078125
2494.56982421875
2576.537353515625
2679.906982421875
2805.33935546875
2951.971923828125
3119.80322265625
3306.118896484375
3508.78369140625
3727.940673828125
3962.322265625
4211.18017578125
4468.30029296875
4742.07958984375
5027.3603515625
5335.99365234375
256.4360656738281
210.08651733398438
185.32794189453125
169.86669921875
161.82278442382812
157.5593719482422
4433.20458984375
6171.373046875
7146.5
7143.09423828125
7250.03466796875
7397.17333984375
7555.43701171875
7709.10302734375
7853.82177734375
7983.72509765625
8097.84716796875
8195.31640625
8278.1455078125
8344.2900390625
8391.73046875
8419.328125
8426.9130859375
8416.1650390625
8387.9912109375
8342.783203125
8281.8251953125
8206.9873046875
8120.53662109375
8024.06005859375
7917.892578125
7802.2763671875
7676.52685546875
7543.1015625
7402.77197265625
7256.791015625
7106.17236328125
6951.80712890625
6794.80029296875
6635.88330078125
6476.45166015625
6316.8876953125
6157.7255859375
5999.35205078125
5841.6982421875
5684.84814453125
5530.58544921875
5378.96875
5230.25634765625
5084.39794921875
4939.61572265625
4799.34033203125
4664.1826171875
4532.77294921875
4405.3994140625
4282.2802734375
4163.70751953125
4049.810791015625
3940.40576171875
3835.085693359375
