2056.983642578125
2017.404296875
2065.174560546875
2103.77978515625
2131.506103515625
2185.612060546875
2219.571533203125
2222.480224609375
2205.052734375
2191.143798828125
2190.326904296875
2195.160888671875
2201.737548828125
2209.228759765625
2224.0107421875
2241.5390625
2258.306884765625
2273.865234375
2290.139404296875
2308.502197265625
2330.7880859375
2357.26220703125
2390.7734375
2438.26220703125
2499.842529296875
2581.344970703125
2676.27490234375
2776.655517578125
2885.177490234375
3006.13525390625
3134.97705078125
3268.218017578125
154.7001495361328
135.12692260742188
126.42757415771484
122.17438507080078
119.7368392944336
118.1618423461914
2035.6156005859375
2617.028076171875
3095.023193359375
3443.891357421875
3718.109619140625
3961.074462890625
4201.72705078125
4441.11328125
4676.5908203125
4918.380859375
5156.5693359375
5415.533203125
5661.78759765625
5935.60009765625
6228.23583984375
6473.90771484375
6671.302734375
6857.71630859375
7077.36669921875
6811.3740234375
6501.13037109375
6254.67236328125
6035.37158203125
5814.3056640625
5583.8994140625
5352.58984375
5123.4560546875
4897.22265625
4706.921875
4527.69970703125
4348.81005859375
4176.70068359375
4007.581787109375
3846.331787109375
3687.81982421875
3538.045166015625
3402.101806640625
3272.4169921875
3141.1337890625
3002.911376953125
2860.633056640625
2723.208251953125
2585.578369140625
2462.64453125
2351.666015625
2240.786376953125
2129.92822265625
2021.10693359375
1930.0792236328125
1848.329833984375
1772.6214599609375
1704.122802734375
1645.540283203125
1593.9144287109375
