0.006620373576879501
0.007201831322163343
0.008030867204070091
0.008937611244618893
0.009336499497294426
0.009531141258776188
0.009705059230327606
0.00985653791576624
0.00993539858609438
0.010009145364165306
0.010069440118968487
0.010143102146685123
0.010213901288807392
0.010273436084389687
0.010330303572118282
0.010390174575150013
0.01045030914247036
0.010514522902667522
0.010580946691334248
0.010647985152900219
0.010717123746871948
0.010792129673063755
0.010875379666686058
0.010970117524266243
0.011079354211688042
0.011208273470401764
0.01135797705501318
0.011526452377438545
0.011712329462170601
0.01191709190607071
0.012141362763941288
0.012383146211504936
0.0006959430174902081
0.000673870905302465
0.0006657559424638748
0.0006649270071648061
0.0006662745145149529
0.0006687183049507439
0.012124878354370594
0.01290594320744276
0.013185817748308182
0.0133744515478611
0.013569475151598454
0.013787676580250263
0.014026437886059284
0.01428317092359066
0.014559634029865265
0.014854401350021362
0.015170343220233917
0.015502159483730793
0.015853634104132652
0.01622803881764412
0.016630545258522034
0.017061591148376465
0.01752614974975586
0.017967650666832924
0.018412116914987564
0.018873026594519615
0.019299780949950218
0.019706405699253082
0.020123837515711784
0.020542623475193977
0.020968453958630562
0.021401643753051758
0.02184331975877285
0.022295232862234116
0.022756729274988174
0.023228755220770836
0.023711664602160454
0.02420438826084137
0.02470499463379383
0.025207826867699623
0.025713754817843437
0.026221303269267082
0.02673465944826603
0.027256473898887634
0.027786601334810257
0.028325900435447693
0.028873832896351814
0.02942972257733345
0.029993468895554543
0.030565256252884865
0.031151341274380684
0.03175996616482735
0.03237682580947876
0.03300917148590088
0.03365558013319969
0.03429388254880905
0.034923046827316284
0.03554610535502434
0.03627268970012665
0.03694295883178711
