0.04263154789805412
0.04789857193827629
0.05468771234154701
0.05600278079509735
0.05628805235028267
0.056530777364969254
0.056836482137441635
0.05705651268362999
0.05726117640733719
0.05738688260316849
0.057485632598400116
0.05760188773274422
0.057729627937078476
0.05788554251194
0.05804431810975075
0.058183398097753525
0.05831744894385338
0.05847347155213356
0.05865178257226944
0.058815136551856995
0.058990154415369034
0.05918638035655022
0.059416212141513824
0.05969936400651932
0.06007443368434906
0.0605769008398056
0.06115901097655296
0.061849579215049744
0.06262000650167465
0.0634777843952179
0.06443560868501663
0.06546655297279358
0.00297197001054883
0.002798751462250948
0.002786981640383601
0.002780469134449959
0.0027768488507717848
0.0027746984269469976
0.06023814529180527
0.0644020065665245
0.06648292392492294
0.06812695413827896
0.06964585930109024
0.0711175948381424
0.07258959114551544
0.07408952713012695
0.0756252259016037
0.07722541689872742
0.07885792851448059
0.08055958151817322
0.08232857286930084
0.08411853015422821
0.08597438037395477
0.08796796947717667
0.09004609286785126
0.09216100722551346
0.0937163382768631
0.09516242891550064
0.09676461666822433
0.09838356077671051
0.10000976175069809
0.10165131837129593
0.10436289757490158
0.10670649260282516
0.10882207751274109
0.11083167046308517
0.11279197037220001
0.11468835920095444
0.11659754812717438
0.11853887140750885
0.12050832062959671
0.12252511829137802
0.12463488429784775
0.12679260969161987
0.12550464272499084
0.12153397500514984
0.11795758455991745
0.11464766412973404
0.11150157451629639
0.10846732556819916
0.10553450882434845
0.10269131511449814
0.09994973242282867
0.09728836268186569
0.0946735069155693
0.0921124666929245
0.08962053805589676
0.08718102425336838
0.08474022150039673
0.08232437819242477
0.07997872680425644
0.07774607837200165
