0.4879978597164154
0.5281556844711304
0.7916335463523865
1.0034830570220947
1.019190788269043
1.0239225625991821
1.03091561794281
1.0395907163619995
1.0512516498565674
1.0647826194763184
1.0816532373428345
1.0955462455749512
1.105097770690918
1.1154810190200806
1.12729012966156
1.1373673677444458
1.1477726697921753
1.156739354133606
1.1655559539794922
1.176601529121399
1.190023422241211
1.207703948020935
1.228600263595581
1.2501204013824463
1.273280382156372
1.2981700897216797
1.3240153789520264
1.3550193309783936
1.3955706357955933
1.4421156644821167
1.4988571405410767
1.575673222541809
0.03294374793767929
0.03283202648162842
0.032774731516838074
0.03419850021600723
0.034265775233507156
0.0342683345079422
0.7325522899627686
1.2801822423934937
1.6472561359405518
1.9563336372375488
2.021566867828369
2.00264310836792
1.985564947128296
1.9707638025283813
1.956984519958496
1.9440830945968628
1.934714674949646
1.9434326887130737
1.9666584730148315
1.9691135883331299
1.9743980169296265
4.702663898468018
8.634498596191406
10.612937927246094
11.886003494262695
12.918436050415039
13.887531280517578
14.86478328704834
15.918868064880371
17.75737762451172
20.34089469909668
23.136030197143555
26.000022888183594
28.968721389770508
32.69226837158203
36.97848892211914
41.790184020996094
46.90745544433594
52.43044662475586
57.84231185913086
63.120906829833984
68.14683532714844
72.89527893066406
77.31900787353516
81.61193084716797
85.68698120117188
89.5482177734375
92.80299377441406
95.56169128417969
97.89228820800781
99.88478088378906
101.60997009277344
103.05926513671875
104.19121551513672
105.06392669677734
105.7408447265625
106.2620849609375
106.67405700683594
107.18768310546875
107.45024871826172
