1499.99951171875
1500.0
1500.0
1500.0
1500.0
1500.0
1500.0
1500.0
1500.0
1500.0
1500.0
1500.0
1500.0
1500.0
1500.0
1500.0
1500.0
1500.0
1500.0
1500.0
1500.0
1500.0
1500.0
1500.0
1500.0
1500.0
1500.0
1500.0
1500.0
1500.0
1500.0
1500.0
99.99993896484375
100.0
100.0
100.0
100.0
100.0
100.0
1500.0
1500.0
1500.0
1500.0
1500.0
1500.0
1500.0
1500.0
1500.0
1500.0
1500.0
1500.0
1500.0
1500.0
1500.0
1500.0
1500.0
1500.0
1500.0
1500.0
1500.0
1500.0
1500.0
1438.539794921875
1380.68896484375
1325.74462890625
1272.30419921875
1220.4671630859375
1194.9832763671875
1169.994873046875
1121.850341796875
1075.675048828125
1031.7130126953125
989.5681762695312
948.7481079101562
909.4242553710938
871.6603393554688
835.4520263671875
802.5730590820312
776.4039916992188
753.9171142578125
733.763916015625
714.9884033203125
696.8480834960938
679.0760498046875
661.6357421875
644.707275390625
628.9061279296875
614.4276123046875
600.8073120117188
587.9225463867188
575.682861328125
563.9800415039062
552.521728515625
541.1098022460938
