1499.9952392578125
1500.0
1500.0
1500.00732421875
1500.0
1500.0
1500.0
1500.0001220703125
1500.0
1499.9998779296875
1500.0
1500.0
1500.0
1500.0
1500.0
1500.0
1500.0
1500.0
1499.9998779296875
1500.0
1500.0
1500.0
1500.0
1500.0
1500.0
1500.0
1500.0
1500.0
1500.0
1500.0
1500.0
1500.0
1500.0
100.0
100.0
100.0
100.0
99.99999237060547
100.0
99.99999237060547
1500.0
1500.0
1500.0
1500.0
1500.0
1500.0
1500.0
1500.0
1500.0
1500.0
1500.0
1500.0
1500.0
1500.0
1500.0
1500.0
1500.0
1500.0
1500.0
1500.0
1500.0
1500.0
1500.0
1500.0
1500.0
1500.0
1500.0
1500.0
1500.0
1500.0
1500.0
1500.0
1500.0
1500.0
1500.0
1500.0
1471.9500732421875
1415.413818359375
1370.546630859375
1329.2459716796875
1290.2470703125
1253.1983642578125
1217.8765869140625
1184.3515625
1152.6151123046875
1122.6793212890625
1094.6514892578125
1068.39111328125
1043.7398681640625
1020.4179077148438
998.2813110351562
977.2882690429688
957.4060668945312
938.4706420898438
920.7072143554688
