1499.999755859375
1500.0
1500.0
1500.0
1500.0
1500.0
1500.0
1500.0
1500.0
1500.0
1500.0
1500.0
1500.0
1500.0
1500.0
1500.0
1500.0
1500.0
1500.0
1500.0
1500.0
1500.0
1500.0
1500.0
1500.0
1500.0
1500.0
1500.0
1500.0
1500.0
1500.0
1500.0
100.0
100.0
100.0
100.0
100.0
100.0
1499.9998779296875
1499.9998779296875
1500.0
1500.0
1500.0
1500.0
1500.0
1500.0
1500.0
1500.0
1500.0
1500.0
1500.0
1500.0
1500.0
1500.0
1500.0
1500.0
1500.0
1500.0
1500.0
1500.0
1500.0
1500.0
1500.0
1500.0
1500.0
1473.6253662109375
1399.732421875
1338.378173828125
1284.514892578125
1234.847900390625
1186.3673095703125
1139.09130859375
1092.60205078125
1046.093017578125
999.5833129882812
954.0509033203125
914.3572387695312
877.8822631835938
841.6431274414062
806.119140625
770.9314575195312
735.3145751953125
704.31201171875
675.18798828125
646.221923828125
632.0755004882812
619.1039428710938
596.342041015625
573.9200439453125
551.296630859375
529.4387817382812
506.7851867675781
485.6693420410156
