1499.9993896484375
1500.0
1500.0
1500.0
1500.0
1499.999755859375
1500.0
1500.0
1500.0
1500.0
1500.0
1500.0
1500.0
1500.0
1500.0
1500.0
1500.0
1500.0
1500.0
1500.0
1500.0
1500.0
1500.0
1500.0
1500.0
1500.0
1500.0
1500.0
1500.0
1500.0
1500.0
1500.0
99.99999237060547
100.0
100.0
100.0
100.0
100.0
1500.0
1500.0
1500.0
1500.0
1500.0
1500.0
1500.0
1500.0
1500.0
1500.0
1500.0
1500.0
1500.0
1500.0
1500.0
1500.0
1500.0
1500.0
1500.0
1500.0
1500.0
1500.0
1500.0
1500.0
1500.0
1500.0
1500.0
1488.69580078125
1426.15576171875
1373.1959228515625
1321.4532470703125
1270.1844482421875
1220.0921630859375
1172.62451171875
1125.1746826171875
1077.743408203125
1026.7015380859375
976.1616821289062
930.1023559570312
884.2745971679688
844.8701782226562
808.5773315429688
775.8408813476562
744.6383666992188
713.5455932617188
681.846923828125
649.8090209960938
619.0003051757812
591.3914794921875
566.4815063476562
542.7839965820312
519.2955932617188
496.4162292480469
476.2247619628906
