1500.0
1500.0
1500.0
1500.0
1499.999755859375
1500.0
1500.0
1500.0
1500.0
1500.0
1500.0
1500.0
1500.0
1500.0
1500.0
1500.0
1500.0
1500.0
1500.0
1500.0
1500.0
1500.0
1500.0
1500.0
1500.0
1500.0
1500.0
1500.0
1500.0
1500.0
1500.0
1500.0
100.0
100.0
100.0
100.0
100.0
100.0
1500.0
1500.0
1500.0
1500.0
1500.0
1500.0
1500.0
1500.0
1500.0
1500.0
1500.0
1500.0
1500.0
1495.8280029296875
1452.3536376953125
1411.181884765625
1369.72705078125
1327.657470703125
1285.2005615234375
1242.3560791015625
1199.383056640625
1156.4912109375
1113.8123779296875
1071.4322509765625
1029.5718994140625
988.4619750976562
948.5576782226562
910.3959350585938
874.22314453125
839.8706665039062
807.06689453125
775.6298217773438
745.4932861328125
716.5729370117188
688.7937622070312
662.0792846679688
636.38720703125
611.6878051757812
587.9497680664062
565.1063842773438
543.1773681640625
522.1845092773438
502.0633544921875
482.7579345703125
464.21966552734375
446.3838806152344
429.178955078125
412.6371154785156
405.0408020019531
396.65911865234375
381.329833984375
366.2937927246094
352.18682861328125
338.6819763183594
325.7392883300781
