1499.9998779296875
1498.9776611328125
1500.0
1500.0
1500.0
1500.0
1500.0
1500.0
1500.0
1500.0
1500.0
1500.0
1500.0
1500.0
1500.0
1500.0
1500.0
1500.0
1500.0
1500.0
1500.0
1500.0
1500.0
1488.512451171875
1475.7469482421875
1462.502685546875
1447.4930419921875
1429.837158203125
1409.9942626953125
1388.592529296875
1365.819091796875
1341.823974609375
99.74407196044922
100.0
100.0
100.0
100.0
100.0
1500.0
1500.0
1404.4189453125
1322.067626953125
1265.2926025390625
1219.798583984375
1181.191162109375
1146.9033203125
1115.2677001953125
1085.2972412109375
1056.2425537109375
1027.701171875
999.26123046875
970.197998046875
942.8402099609375
915.9180908203125
889.1632080078125
862.3440551757812
835.2723388671875
808.5458984375
782.4006958007812
756.3778686523438
730.4752197265625
704.582763671875
678.9056396484375
654.1866455078125
629.4232177734375
603.828857421875
580.5245971679688
559.0990600585938
539.042236328125
520.1788940429688
502.72650146484375
486.3629455566406
470.7579650878906
455.70587158203125
441.27734375
427.4054260253906
414.09796142578125
401.3270263671875
389.0066223144531
377.03204345703125
365.4619140625
354.4459533691406
343.97442626953125
333.95751953125
324.2261047363281
314.74957275390625
305.6300964355469
297.14019775390625
289.27276611328125
281.9267578125
275.0823974609375
268.6434326171875
