1500.0
1500.0
1500.0
1498.7847900390625
1500.0
1500.0
1500.0
1500.0
1500.0
1500.0
1500.0
1500.0
1500.0
1500.0
1500.0
1500.0
1500.0
1500.0
1500.0
1500.0
1500.0
1500.0
1500.0
1500.0
1500.0
1500.0
1500.0
1500.0
1500.0
1500.0
1500.0
1500.0
100.0
100.0
100.0
100.0
100.0
100.0
1500.0
1500.0
1500.0
1500.0
1500.0
1500.0
1500.0
1500.0
1500.0
1500.0
1500.0
1500.0
1500.0
1500.0
1500.0
1500.0
1500.0
1500.0
1500.0
1500.0
1500.0
1486.38818359375
1428.3643798828125
1371.91357421875
1316.3311767578125
1262.575439453125
1209.5706787109375
1156.913330078125
1105.16259765625
1054.4947509765625
1005.0657958984375
956.7833862304688
910.1253051757812
865.794189453125
824.3433837890625
786.906005859375
752.4984741210938
719.9244995117188
688.4645385742188
658.2173461914062
629.9160766601562
603.7534790039062
579.6175537109375
557.988525390625
537.8738403320312
518.2822875976562
498.8277893066406
479.3822326660156
461.1134033203125
443.7680358886719
426.559326171875
409.76605224609375
394.14532470703125
379.5311584472656
