1500.0
1500.0
1500.0
1499.9993896484375
1500.0
1500.0
1500.0
1500.0
1500.0
1500.0
1500.0
1500.0
1500.0
1500.0
1500.0
1500.0
1500.0
1500.0
1500.0
1500.0
1500.0
1500.0
1500.0
1500.0
1500.0
1500.0
1500.0
1500.0
1500.0
1500.0
1500.0
1500.0
1500.0
100.0
100.00012969970703
100.00003051757812
100.0
99.9996337890625
100.0
100.0
1500.0
1499.9998779296875
1500.0
1500.0
1500.0
1500.0
1500.0
1500.0
1500.0
1500.0
1500.0
1500.0
1500.0
1500.0
1500.0
1500.0
1500.0
1500.0
1500.0
1500.0
1500.0
1500.0
1500.0
1500.0
1500.0
1499.992919921875
1500.0
1499.99951171875
1500.0
1500.0
1499.989501953125
1499.998779296875
1500.0
1500.0
1499.9990234375
1499.9815673828125
1499.9833984375
1500.0
1499.9996337890625
1457.708740234375
1414.3280029296875
1372.30224609375
1330.8009033203125
1291.132568359375
1250.3521728515625
1206.505615234375
1160.243408203125
1114.4185791015625
1068.99755859375
1029.2723388671875
997.1426391601562
966.3482055664062
936.2145385742188
909.2573852539062
881.3104248046875
