1500.0
1500.0
1500.0
1500.0
1500.0
1500.0
1500.0
1500.0
1500.0
1500.0
1500.0
1500.0
1500.0
1500.0
1500.0
1500.0
1500.0
1500.0
1500.0
1500.0
1500.0
1500.0
1500.0
1500.0
1500.0
1500.0
1500.0
1500.0
1500.0
1500.0
1500.0
1500.0
1500.0
100.0
99.98434448242188
99.99968719482422
100.0
100.0
100.0
100.0
1500.0
1500.0
1500.0
1500.0
1500.0
1500.0
1500.0
1500.0
1499.999755859375
1500.0
1500.0
1405.81884765625
1315.5184326171875
1233.9013671875
1158.7396240234375
1089.3228759765625
1023.8482055664062
962.7998657226562
905.4452514648438
852.2484130859375
802.9475708007812
757.96435546875
718.04736328125
679.9322509765625
643.717529296875
613.2352294921875
583.9283447265625
552.1216430664062
517.7535400390625
483.7471618652344
450.4317626953125
417.5093994140625
385.0647888183594
352.8872985839844
332.01177978515625
313.1380615234375
295.3048095703125
278.9525146484375
263.6042785644531
250.77444458007812
239.69845581054688
229.5222625732422
220.00277709960938
210.89320373535156
202.09739685058594
193.91944885253906
186.62039184570312
181.18492126464844
176.50228881835938
172.11964416503906
168.20858764648438
164.5010986328125
160.8406524658203
157.19821166992188
153.4674835205078
149.63796997070312
