1499.999755859375
1499.2818603515625
1500.0
1500.0
1500.0
1500.0
1500.0
1500.0
1500.0
1500.0
1500.0
1500.0
1500.0
1500.0
1500.0
1500.0
1500.0
1500.0
1500.0
1500.0
1500.0
1500.0
1499.8822021484375
1488.396240234375
1478.2103271484375
1467.41943359375
1454.7464599609375
1439.9658203125
1423.72802734375
1406.287353515625
1387.440673828125
1367.0772705078125
99.60247039794922
100.0
100.0
100.0
100.0
100.0
1497.5582275390625
1500.0
1455.5347900390625
1362.869140625
1305.1934814453125
1260.8028564453125
1223.004150390625
1188.93798828125
1156.938232421875
1125.9703369140625
1095.54248046875
1065.4781494140625
1035.7587890625
1005.3059692382812
976.8115234375
948.8624877929688
920.9661865234375
893.2542114257812
865.8016357421875
838.5653686523438
811.748779296875
785.3802490234375
759.6068115234375
734.4597778320312
709.7697143554688
684.6732788085938
659.8984985351562
635.0684814453125
611.134765625
588.6641845703125
567.577392578125
546.9878540039062
528.1233520507812
510.6197509765625
494.15032958984375
478.2012939453125
462.62542724609375
447.5470886230469
432.9237365722656
419.02935791015625
405.76654052734375
392.9967346191406
380.81805419921875
369.38653564453125
358.6870422363281
348.257568359375
338.1365661621094
328.1435241699219
318.0877380371094
307.25189208984375
296.2288513183594
285.7696533203125
275.9184875488281
266.45013427734375
