1499.9998779296875
1500.0
1500.0
1500.0
1500.0
1500.0
1500.0
1500.0
1500.0
1500.0
1500.0
1500.0
1500.0
1500.0
1500.0
1500.0
1500.0
1500.0
1500.0
1500.0
1500.0
1500.0
1500.0
1500.0
1500.0
1500.0
1500.0
1500.0
1500.0
1500.0
1500.0
1500.0
99.99999237060547
100.0
100.0
100.0
100.0
100.0
1500.0
1499.995849609375
1500.0
1500.0
1500.0
1500.0
1500.0
1500.0
1500.0
1500.0
1500.0
1500.0
1500.0
1500.0
1500.0
1500.0
1500.0
1500.0
1500.0
1500.0
1500.0
1500.0
1500.0
1500.0
1500.0
1500.0
1500.0
1500.0
1456.5380859375
1402.830322265625
1352.97998046875
1303.32421875
1252.8519287109375
1202.4434814453125
1152.6729736328125
1103.563232421875
1055.2574462890625
1007.7830200195312
965.5264282226562
928.9031982421875
894.1376342773438
861.1854248046875
829.364990234375
798.2279052734375
769.8593139648438
744.1092529296875
720.3751220703125
697.343505859375
673.1527709960938
647.020263671875
619.088134765625
591.6775512695312
565.4578857421875
540.547119140625
