1500.0
1499.9993896484375
1500.0
1500.0
1499.4345703125
1500.0
1500.0
1500.0
1500.0
1500.0
1500.0
1500.0
1500.0
1500.0
1500.0
1500.0
1500.0
1500.0
1500.0
1500.0
1499.9998779296875
1500.0
1500.0
1500.0
1500.0
1500.0
1500.0
1500.0
1500.0
1500.0
1500.0
1500.0
100.0
100.0
100.0
100.0
100.0
100.0
1500.0
1499.7564697265625
1499.8856201171875
1500.0
1500.0
1500.0
1500.0
1500.0
1500.0
1500.0
1500.0
1500.0
1500.0
1500.0
1500.0
1500.0
1500.0
1500.0
1500.0
1500.0
1500.0
1500.0
1500.0
1500.0
1500.0
1500.0
1500.0
1500.0
1500.0
1500.0
1500.0
1500.0
1500.0
1500.0
1500.0
1500.0
1500.0
1500.0
1500.0
1500.0
1481.8544921875
1414.0692138671875
1360.7972412109375
1315.966796875
1270.685546875
1213.2513427734375
1145.574951171875
1070.730712890625
995.7785034179688
919.3033447265625
838.6339721679688
801.9298706054688
764.4896240234375
713.7876586914062
653.962890625
