1500.0
1500.0
1500.0
1500.0
1500.0
1500.0
1500.0
1500.0
1500.0
1500.0
1500.0
1500.0
1500.0
1500.0
1500.0
1500.0
1500.0
1500.0
1500.0
1500.0
1500.0
1500.0
1500.0
1500.0
1500.0
1500.0
1500.0
1500.0
1500.0
1500.0
1500.0
1500.0
100.0
99.99999237060547
100.0
100.0
100.0
100.0
1499.6824951171875
1499.9947509765625
1500.0
1500.0
1500.0
1500.0
1500.0
1500.0
1500.0
1500.0
1500.0
1500.0
1500.0
1500.0
1500.0
1500.0
1500.0
1500.0
1500.0
1500.0
1500.0
1500.0
1500.0
1500.0
1500.0
1500.0
1500.0
1500.0
1500.0
1500.0
1500.0
1500.0
1500.0
1500.0
1500.0
1500.0
1500.0
1500.0
1491.7218017578125
1443.639404296875
1398.8865966796875
1354.7265625
1310.2021484375
1266.939697265625
1226.1961669921875
1187.7608642578125
1150.7850341796875
1114.335693359375
1079.45458984375
1044.781005859375
1010.3369750976562
977.4148559570312
946.7653198242188
917.9937744140625
