1500.0
1500.0
1500.0
1500.0
1500.0
1500.0
1500.0
1500.0
1500.0
1500.0
1499.9998779296875
1500.0
1500.0
1500.0
1500.0
1500.0
1500.0
1500.0
1500.0
1500.0
1500.0
1500.0
1500.0
1500.0
1500.0
1500.0
1500.0
1500.0
1500.0
1500.0
1500.0
1500.0
1454.6600341796875
1410.342529296875
100.0
100.0
99.99790954589844
100.00001525878906
100.0
100.0
100.0
1500.0
1500.0
1500.0
1355.108642578125
1274.6513671875
1217.1737060546875
1169.5982666015625
1127.1724853515625
1104.233642578125
1087.4407958984375
1049.2601318359375
1011.9168701171875
974.875732421875
937.7651977539062
900.7103881835938
863.8539428710938
827.6253051757812
793.1814575195312
760.5576782226562
729.6461791992188
700.2620849609375
672.149658203125
645.1348266601562
619.15185546875
594.1370239257812
570.0462646484375
546.88134765625
524.5711669921875
503.1216735839844
482.51080322265625
462.7159423828125
443.72686767578125
425.5447082519531
408.1941833496094
391.5802917480469
375.65301513671875
360.401123046875
345.7969970703125
331.8575439453125
318.5721740722656
305.9115905761719
293.8714294433594
282.0025939941406
271.0639343261719
260.76629638671875
250.8677520751953
241.428955078125
232.48182678222656
223.8546905517578
215.5038604736328
207.7615509033203
200.41793823242188
193.40032958984375
186.70103454589844
180.37393188476562
174.3806915283203
168.68206787109375
