1500.0
1500.0
1499.9998779296875
1500.0
1500.0
1500.0
1500.0
1500.0
1500.0
1500.0
1500.0
1500.0
1500.0
1500.0
1500.0
1500.0
1500.0
1500.0
1500.0
1500.0
1500.0
1500.0
1500.0
1500.0
1500.0
1500.0
1500.0
1500.0
1500.0
1500.0
1500.0
1500.0
100.0
100.0
100.0
100.0
100.0
100.0
1499.484130859375
1500.0
1500.0
1500.0
1500.0
1500.0
1500.0
1500.0
1500.0
1500.0
1500.0
1500.0
1500.0
1500.0
1500.0
1500.0
1500.0
1500.0
1500.0
1500.0
1461.5623779296875
1409.865478515625
1357.8485107421875
1304.919921875
1250.7174072265625
1196.0318603515625
1142.704345703125
1091.3431396484375
1042.946533203125
999.84326171875
960.9891967773438
925.8416137695312
891.7587890625
856.9227905273438
821.3873901367188
785.0560913085938
747.8934326171875
710.3883056640625
674.18505859375
640.6163330078125
609.4765625
583.1181640625
546.6026611328125
512.3134155273438
488.1189270019531
468.8707580566406
449.9378356933594
429.7613220214844
408.03118896484375
385.8677673339844
366.3999938964844
351.6298828125
337.65966796875
321.7659606933594
