1500.0
1499.9998779296875
1500.0
1500.0
1500.0
1500.0
1500.0
1500.0
1500.0
1500.0
1500.0
1500.0
1500.0
1500.0
1500.0
1500.0
1500.0
1500.0
1500.0
1500.0
1500.0
1500.0
1500.0
1500.0
1500.0
1500.0
1500.0
1500.0
1500.0
1500.0
1500.0
1500.0
100.28521728515625
100.0
100.0
100.0
100.0
100.0
1500.0
1500.0
1500.0
1500.0
1500.0
1500.0
1500.0
1500.0
1500.0
1500.0
1500.0
1500.0
1500.0
1500.0
1500.0
1500.0
1500.0
1500.0
1474.8857421875
1420.3076171875
1368.4832763671875
1317.880615234375
1268.47119140625
1220.7254638671875
1174.85888671875
1130.8172607421875
1088.4466552734375
1048.1318359375
1009.8080444335938
973.1871337890625
938.0988159179688
904.403076171875
871.96044921875
840.6194458007812
810.0636596679688
780.3655395507812
751.6070556640625
723.8020629882812
697.8624267578125
673.59326171875
650.6221923828125
628.7113037109375
607.7278442382812
587.5177001953125
568.2490234375
549.9588012695312
532.6171264648438
516.2000732421875
500.64520263671875
485.919677734375
471.9554138183594
458.2357482910156
445.5411376953125
433.6880187988281
