1500.0
1500.0
1500.0
1500.0
1500.0
1500.0
1500.0
1500.0
1500.0
1500.0
1500.0
1500.0
1500.0
1500.0
1500.0
1500.0
1500.0
1500.0
1500.0
1500.0
1500.0
1500.0
1500.0
1500.0
1500.0
1500.0
1500.0
1500.0
1500.0
1500.0
1500.0
1500.0
100.0
100.0
99.99998474121094
100.0
100.0
100.0
1500.0
1485.83984375
1500.0
1500.0
1500.0
1500.0
1500.0
1500.0
1500.0
1500.0
1500.0
1500.0
1500.0
1500.0
1500.0
1500.0
1500.0
1500.0
1500.0
1500.0
1500.0
1500.0
1500.0
1443.7254638671875
1373.3712158203125
1314.42578125
1260.6065673828125
1209.851806640625
1162.033935546875
1116.26123046875
1071.2293701171875
1028.2105712890625
987.813720703125
949.4391479492188
912.6172485351562
878.0332641601562
844.8923950195312
813.516845703125
783.9332885742188
756.9691162109375
731.3889770507812
705.9603881835938
680.4732055664062
656.0191040039062
633.0081176757812
611.0336303710938
589.0602416992188
566.28955078125
544.1222534179688
523.53662109375
504.4279479980469
486.234130859375
468.5203857421875
451.1844787597656
