1500.0
1500.0
1500.0
1500.0
1500.0
1500.0
1500.0
1500.0
1500.0
1500.0
1500.0
1500.0
1500.0
1500.0
1500.0
1500.0
1500.0
1500.0
1500.0
1500.0
1500.0
1500.0
1500.0
1500.0
1500.0
1500.0
1500.0
1500.0
1500.0
1500.0
1500.0
1500.0
99.9998779296875
100.0
100.0
100.0
100.0
100.0
1499.9998779296875
1500.0013427734375
1500.0
1500.0
1500.0
1500.0
1500.0
1500.0
1500.0
1500.0
1500.0
1500.0
1500.0
1500.0
1500.0
1500.0
1500.0
1500.0
1500.0
1500.0
1500.0
1500.0
1500.0
1500.0
1500.0
1500.0
1500.0
1500.0
1500.0
1500.0
1500.0
1500.0
1500.0
1500.0
1500.0
1500.0
1500.0
1499.9996337890625
1499.9998779296875
1500.0
1499.9984130859375
1500.0
1499.4862060546875
1436.62939453125
1389.71533203125
1344.5291748046875
1288.2728271484375
1223.15380859375
1149.80419921875
1075.045654296875
1001.082275390625
924.2463989257812
888.528564453125
850.3538818359375
