1499.99951171875
1500.0
1500.0
1500.0
1500.0
1500.0
1500.0
1500.0
1500.0
1500.0
1500.0
1500.0
1500.0
1500.0
1500.0
1500.0
1500.0
1500.0
1500.0
1500.0
1500.0
1500.0
1500.0
1500.0
1500.0
1500.0
1500.0
1500.0
1500.0
1500.0
1500.0
1500.0
100.0
100.0
100.0
100.0
100.0
100.0
1500.0
1499.8402099609375
1499.9989013671875
1500.0
1500.0
1500.0
1500.0
1500.0
1500.0
1500.0
1500.0
1500.0
1500.0
1500.0
1500.0
1500.0
1500.0
1500.0
1500.0
1500.0
1500.0
1500.0
1500.0
1500.0
1500.0
1500.0
1500.0
1500.0
1500.0
1500.0
1500.0
1500.0
1500.0
1472.5875244140625
1423.505126953125
1376.9415283203125
1331.5740966796875
1287.8668212890625
1246.43701171875
1208.3355712890625
1173.2132568359375
1140.1402587890625
1108.7421875
1079.06689453125
1051.1025390625
1024.5062255859375
999.5709838867188
976.6554565429688
955.1746215820312
934.7704467773438
915.0309448242188
896.1255493164062
878.12158203125
860.8641967773438
845.0783081054688
