1500.0
1499.999755859375
1500.0
1500.0
1500.0
1500.0
1499.9998779296875
1500.0
1500.0
1500.0
1500.0
1500.0
1500.0
1500.0
1500.0
1500.0
1500.0
1500.0
1500.0
1500.0
1500.0
1500.0
1500.0
1500.0
1500.0
1500.0
1500.0
1500.0
1500.0
1500.0
1500.0
1500.0
1500.0
100.0
100.0
100.0
100.0
100.0
100.0
1500.0
1500.0
1500.0
1500.0
1500.0
1500.0
1500.0
1500.0
1500.0
1500.0
1500.0
1500.0
1500.0
1500.0
1480.2432861328125
1420.6705322265625
1361.849609375
1304.0714111328125
1247.4176025390625
1192.447998046875
1139.419921875
1088.379150390625
1039.3726806640625
992.3622436523438
947.2127685546875
903.8925170898438
862.4041748046875
822.7604370117188
784.84228515625
748.5957641601562
713.9485473632812
680.7430419921875
648.83935546875
618.5907592773438
590.16455078125
563.2797241210938
536.975341796875
512.5538330078125
489.6309509277344
467.8187561035156
447.1529541015625
427.6841125488281
409.1506652832031
391.5308837890625
374.76385498046875
358.8763122558594
343.6513977050781
329.1545104980469
315.6816711425781
302.9669494628906
290.9293212890625
279.5605163574219
268.8251037597656
258.6745910644531
249.07447814941406
