1500.0
1500.0521240234375
1500.0
1500.0
1500.0
1500.0
1500.0
1500.0
1500.0
1500.0
1500.0
1500.0
1500.0
1500.0
1500.0
1500.0
1500.0
1500.0
1500.0
1500.0
1500.0
1500.0
1500.0
1500.0
1500.0
1500.0
1500.0
1500.0
1500.0
1496.144775390625
1456.2347412109375
1418.0911865234375
100.0
100.0
100.0
100.0
100.0
100.0
1500.0
1471.749267578125
1360.0860595703125
1303.038818359375
1260.978271484375
1223.0491943359375
1185.4237060546875
1147.549072265625
1109.672119140625
1070.657470703125
1030.704833984375
990.5641479492188
951.4756469726562
913.1128540039062
875.6998901367188
839.3964233398438
804.03173828125
769.3840942382812
735.7724609375
703.26904296875
671.8095092773438
641.3636474609375
612.10400390625
584.2123413085938
557.7440185546875
532.5731811523438
508.6116943359375
485.8345642089844
462.9842834472656
441.37188720703125
420.88037109375
401.46197509765625
383.04864501953125
365.0692138671875
348.40447998046875
333.32904052734375
319.3869323730469
306.0867614746094
293.50482177734375
287.4685363769531
281.6240539550781
270.6414794921875
260.3461608886719
250.66563415527344
241.515625
232.92861938476562
224.84107971191406
217.3572235107422
210.4677734375
204.1934356689453
198.45181274414062
193.14877319335938
188.25070190429688
183.72811889648438
179.53399658203125
