1500.0
1500.0
1500.0
1500.0
1500.0
1500.0
1500.0
1500.0
1500.0
1500.0
1500.0
1500.0
1500.0
1500.0
1500.0
1500.0
1500.0
1500.0
1500.0
1500.0
1500.0
1500.0
1500.0
1500.0
1500.0
1500.0
1500.0
1500.0
1500.0
1500.0
1500.0
1500.0
1500.0
100.0
100.0
99.99990844726562
100.0
100.0
100.0
100.0
1500.0
1500.0
1500.0
1500.0
1500.0
1500.0
1500.0
1500.0
1500.0
1500.0
1500.0
1500.0
1500.0
1500.0
1500.0
1500.0
1500.0
1500.0
1500.0
1445.3616943359375
1393.740966796875
1345.399658203125
1299.0482177734375
1254.2398681640625
1210.785400390625
1168.801513671875
1128.5914306640625
1090.04833984375
1053.05712890625
1017.4620361328125
983.1314086914062
949.9693603515625
918.1109008789062
887.4421997070312
857.7337036132812
828.5426025390625
799.59619140625
771.0757446289062
743.1317749023438
717.7489624023438
696.0479736328125
675.963134765625
656.6622314453125
637.8631591796875
619.4759521484375
602.44970703125
587.3479614257812
572.8779296875
556.7023315429688
538.8899536132812
522.7835083007812
510.4189453125
500.0016784667969
490.6376647949219
481.916015625
