1500.0
1499.9993896484375
1500.0
1500.0
1500.0
1500.0
1500.0
1500.0
1500.0
1500.0
1500.0
1500.0
1500.0
1500.0
1500.0
1500.0
1500.0
1500.0
1500.0
1500.0
1500.0
1500.0
1500.0
1500.0
1500.0
1500.0
1500.0
1500.0
1500.0
1500.0
1500.0
1500.0
99.9998779296875
100.0
100.0
100.0
100.0
100.0
1500.0
1500.0006103515625
1500.0
1500.0
1500.0
1500.0
1500.0
1500.0
1500.0
1500.0
1500.0
1500.0
1500.0
1500.0
1500.0
1500.0
1500.0
1500.0
1500.0
1500.0
1500.0
1500.0
1500.0
1500.0
1500.0
1500.0
1500.0
1500.0
1500.0
1500.0
1500.0
1500.0
1500.0
1500.0
1500.0
1500.0
1500.0
1500.0
1500.0
1491.6923828125
1422.857177734375
1367.87841796875
1322.3282470703125
1278.6239013671875
1234.91943359375
1178.1279296875
1111.0118408203125
1036.553955078125
965.9407958984375
891.7399291992188
816.5662841796875
780.8698120117188
740.0279541015625
685.1582641601562
