1500.0
1500.0
1500.0
1499.9979248046875
1499.9478759765625
1500.0
1500.0
1500.0
1500.0
1500.0
1500.0
1500.0
1500.0
1494.3843994140625
1471.2447509765625
1450.4642333984375
1429.397705078125
1407.11962890625
1382.8232421875
1359.3897705078125
1338.6348876953125
1319.717041015625
1301.21728515625
1282.483154296875
1262.296875
1240.762451171875
1218.85498046875
1196.3387451171875
1173.6485595703125
1151.0887451171875
1127.2513427734375
1103.3897705078125
99.9999771118164
100.0
100.0
100.0
100.0
100.0
1451.593505859375
1162.0682373046875
1046.31640625
998.3184814453125
964.744873046875
932.5305786132812
899.1043701171875
865.3004150390625
833.7369384765625
804.8118286132812
777.0772094726562
750.0039672851562
723.3716430664062
699.6818237304688
682.8507690429688
666.7544555664062
652.5514526367188
638.33154296875
624.209228515625
610.1150512695312
596.2789916992188
582.7735595703125
569.461181640625
556.1437377929688
542.7325439453125
529.232177734375
515.6779174804688
502.1247253417969
488.6854553222656
475.47918701171875
462.6147766113281
450.11822509765625
437.9259033203125
425.9241638183594
414.0264892578125
402.2123107910156
390.5094909667969
378.9811096191406
367.7228698730469
356.8143615722656
346.3327331542969
336.4020080566406
326.9636535644531
317.91412353515625
309.1553955078125
300.71087646484375
292.5818176269531
284.58489990234375
276.7606506347656
269.25689697265625
261.9692077636719
254.87989807128906
248.0164337158203
244.6727752685547
241.37567138671875
