1499.99951171875
1499.9998779296875
1500.0
1500.0
1500.0
1500.0
1500.0
1500.0
1500.0
1500.0
1500.0
1500.0
1500.0
1500.0
1500.0
1500.0
1500.0
1500.0
1500.0
1500.0
1500.0
1500.0
1500.0
1500.0
1500.0
1500.0
1500.0
1500.0
1500.0
1500.0
1500.0
1500.0
99.92494201660156
100.0
100.0
100.0
100.0
100.0
1500.0
1500.0
1500.0
1500.0
1500.0
1500.0
1500.0
1500.0
1500.0
1500.0
1500.0
1500.0
1500.0
1500.0
1500.0
1500.0
1500.0
1500.0
1500.0
1500.0
1500.0
1500.0
1500.0
1500.0
1485.76611328125
1431.641357421875
1379.9090576171875
1329.6102294921875
1280.762451171875
1233.3978271484375
1187.4205322265625
1142.69287109375
1099.45166015625
1057.542236328125
1017.2705688476562
978.8634643554688
942.0204467773438
906.5427856445312
871.0186767578125
837.8369750976562
805.8396606445312
774.9176025390625
745.0448608398438
715.96142578125
687.8733520507812
661.1030883789062
635.962158203125
612.2379150390625
589.6297607421875
567.9446411132812
547.1158447265625
527.0787963867188
507.79388427734375
498.3909912109375
489.14990234375
