1499.9993896484375
1500.0
1500.0
1500.0
1500.0
1499.994873046875
1500.0
1500.0
1500.0
1500.0
1500.0
1500.0
1500.0
1500.0
1500.0
1500.0
1500.0
1500.0
1500.0
1500.0
1500.0
1500.0
1500.0
1500.0
1500.0
1500.0
1500.0
1500.0
1500.0
1500.0
1500.0
1500.0
99.99998474121094
100.0
100.0
100.0
100.0
100.0
1499.9998779296875
1500.013427734375
1500.0
1500.0
1500.0
1500.0
1500.0
1500.0
1500.0
1500.0
1500.0
1500.0
1500.0
1500.0
1500.0
1500.0
1500.0
1500.0
1500.0
1500.0
1500.0
1500.0
1500.0
1500.0
1500.0
1500.0
1500.0
1500.0
1500.0
1500.0
1500.0
1500.0
1500.0
1500.0
1500.0
1479.536376953125
1429.0888671875
1382.23486328125
1336.9569091796875
1293.3369140625
1252.1409912109375
1213.3680419921875
1176.946533203125
1142.4779052734375
1109.5211181640625
1077.7181396484375
1046.9434814453125
1016.837890625
987.9630737304688
961.631103515625
937.6013793945312
915.0170288085938
893.2702026367188
872.5501098632812
853.077392578125
