1417.1737060546875
1088.0885009765625
855.187255859375
727.4224853515625
662.660400390625
637.9249877929688
622.9866943359375
609.5690307617188
596.4393920898438
583.628662109375
570.9274291992188
558.142333984375
544.6885375976562
530.6950073242188
515.5225219726562
501.2626953125
487.619140625
474.4163513183594
461.2353820800781
447.812744140625
434.0650939941406
419.9112243652344
405.3313293457031
390.3784484863281
375.25067138671875
360.3385009765625
345.92236328125
332.45263671875
322.6846618652344
313.40966796875
304.6257629394531
296.5723571777344
100.0
100.0
99.99998474121094
99.99999237060547
100.0
100.0
419.3704833984375
306.58441162109375
280.8466796875
271.87860107421875
265.6512756347656
260.8703308105469
257.0674133300781
254.06472778320312
251.42825317382812
248.8936309814453
246.2989501953125
243.81275939941406
241.5345001220703
239.23385620117188
236.8773956298828
234.52374267578125
232.17384338378906
229.80804443359375
227.43093872070312
224.97544860839844
222.43487548828125
219.8120880126953
217.14183044433594
214.4161834716797
211.59605407714844
208.8428497314453
206.0074005126953
203.14402770996094
200.29286193847656
197.4342498779297
194.5303955078125
191.56515502929688
188.53514099121094
185.4917755126953
182.47564697265625
179.48248291015625
176.5884552001953
173.79042053222656
170.9309844970703
167.96116638183594
164.87469482421875
161.69004821777344
158.42845153808594
155.119873046875
151.77069091796875
148.44630432128906
145.29527282714844
142.1949462890625
139.14920043945312
136.1688690185547
133.24913024902344
130.40074157714844
127.6260986328125
124.89954376220703
