1500.0
1499.836181640625
1500.0
1500.0
1499.99951171875
1499.9998779296875
1500.0
1500.0
1500.0
1500.0
1500.0
1500.0
1500.0
1500.0
1500.0
1500.0
1500.0
1500.0
1500.0
1500.0
1500.0
1500.0
1499.9998779296875
1500.0
1500.0
1500.0
1500.0
1496.5146484375
1486.6942138671875
1477.8970947265625
1468.653564453125
1458.164794921875
100.0002670288086
100.0
100.0
100.0
100.0
100.0
1499.9603271484375
1499.9998779296875
1500.0
1500.0
1475.30859375
1417.2457275390625
1377.2359619140625
1345.18115234375
1317.681884765625
1292.9261474609375
1269.6727294921875
1247.135009765625
1224.804443359375
1202.4259033203125
1179.9195556640625
1157.24462890625
1134.3760986328125
1111.3770751953125
1088.237060546875
1065.1309814453125
1042.1217041015625
1018.5927124023438
995.7604370117188
973.6571655273438
951.4904174804688
929.3005981445312
907.3744506835938
885.7155151367188
864.24365234375
842.8779296875
821.6563110351562
800.4169311523438
779.1073608398438
757.9069213867188
736.6238403320312
715.39990234375
694.5369262695312
674.0086669921875
652.7339477539062
632.9166259765625
614.1132202148438
596.3662109375
579.3462524414062
563.1181030273438
547.6719360351562
532.8646240234375
518.6664428710938
504.99627685546875
491.8542175292969
479.21954345703125
466.93023681640625
454.6323547363281
442.553466796875
430.8625183105469
