1499.9998779296875
1500.0
1500.0
1500.0
1500.0
1500.0
1500.0
1500.0
1500.0
1500.0
1500.0
1500.0
1500.0
1500.0
1500.0
1500.0
1500.0
1500.0
1500.0
1500.0
1500.0
1500.0
1500.0
1500.0
1500.0
1500.0
1500.0
1500.0
1500.0
1500.0
1500.0
1500.0
100.0
100.0
100.0
100.0
100.0
100.0
1500.0
1500.0
1500.0
1500.0
1500.0
1500.0
1500.0
1500.0
1500.0
1500.0
1500.0
1500.0
1500.0
1500.0
1496.0325927734375
1452.8353271484375
1411.786376953125
1370.3450927734375
1328.3707275390625
1286.1409912109375
1243.77880859375
1201.416015625
1159.2239990234375
1117.195556640625
1075.4381103515625
1034.1380615234375
993.5599975585938
954.1077880859375
916.341064453125
880.5535278320312
846.5564575195312
814.0838012695312
782.8953857421875
752.96044921875
724.1807861328125
696.5128173828125
669.8807983398438
644.2535400390625
619.5972900390625
595.885986328125
573.07080078125
551.106201171875
530.0621948242188
509.8916320800781
490.5345153808594
471.9447937011719
454.0789489746094
436.82049560546875
420.2249450683594
404.2576599121094
396.4714050292969
388.8280334472656
373.7498474121094
359.4538879394531
345.8262023925781
