1499.9979248046875
1499.9998779296875
1500.0
1500.0
1500.0
1500.0
1500.003173828125
1500.0
1500.0
1500.0
1500.0
1500.0
1500.0
1500.0
1500.0
1500.0
1500.0
1500.0
1500.0
1500.0
1500.0
1500.0
1500.0
1500.0
1500.0
1500.0
1500.0
1500.0
1500.0
1500.0
1500.0
1500.0
99.9925308227539
100.0
100.0
100.0
100.0
100.0
1499.9625244140625
1499.9998779296875
1500.0
1500.0
1500.0
1500.0
1500.0
1500.0
1500.0
1500.0
1500.0
1500.0
1500.0
1500.0
1500.0
1500.0
1500.0
1500.0
1500.0
1500.0
1500.0
1500.0
1500.0
1500.0
1500.0
1500.0
1500.0
1500.0
1500.0
1500.0
1500.0
1500.0
1500.0
1500.0
1500.0
1500.0
1500.0
1500.0
1499.9993896484375
1500.0
1499.999755859375
1500.0
1500.0
1500.0
1500.0
1499.999755859375
1499.999755859375
1500.0
1499.9989013671875
1499.9993896484375
1499.999755859375
1499.9967041015625
1499.99755859375
1500.0
