1499.99951171875
1499.9998779296875
1143.281982421875
968.8815307617188
930.2941284179688
905.1697387695312
880.1380615234375
855.1959228515625
831.5148315429688
805.6895751953125
781.6239013671875
761.828857421875
744.0446166992188
725.9698486328125
707.6536865234375
689.2733764648438
670.9728393554688
654.0643920898438
643.9358520507812
635.1344604492188
627.0617065429688
619.2842407226562
611.52978515625
603.5313110351562
595.2094116210938
586.363525390625
577.5602416992188
568.3374633789062
559.2860107421875
550.6115112304688
542.3169555664062
534.47900390625
100.0
100.0
100.0
100.0
100.0
100.0
879.8535766601562
634.5642700195312
560.5721435546875
509.0244445800781
480.2040710449219
462.7918701171875
449.08404541015625
436.54888916015625
424.4889831542969
412.1927185058594
401.6744384765625
391.7135314941406
381.1678771972656
373.5859680175781
366.52581787109375
358.9568786621094
351.790771484375
344.40521240234375
336.8043518066406
329.60601806640625
322.9022216796875
316.6406555175781
310.6389465332031
304.690673828125
298.8390197753906
293.0659484863281
287.2643127441406
281.3118591308594
275.1835021972656
269.02716064453125
262.92181396484375
256.84857177734375
250.82518005371094
244.90451049804688
239.03843688964844
233.19248962402344
227.3970184326172
221.6707305908203
216.030029296875
210.47808837890625
205.02845764160156
199.68832397460938
194.48216247558594
189.42152404785156
184.52191162109375
179.83497619628906
175.44281005859375
171.12786865234375
166.9145050048828
162.80796813964844
158.80221557617188
154.89669799804688
151.10494995117188
147.4114532470703
