1500.0
1500.0
1500.0
1500.0
1500.0
1500.0
1500.0
1500.0
1500.0
1500.0
1500.0
1500.0
1500.0
1500.0
1499.9962158203125
1500.0
1500.0
1500.0
1500.0
1500.0
1500.0
1500.0
1500.0
1500.0
1500.0
1500.0
1500.0
1500.0
1500.0
1500.0
1500.0
1500.0
100.0
100.0
100.0
100.0
100.0
100.0
1500.010009765625
1499.999755859375
1500.0
1500.0
1500.0
1500.0
1500.0
1500.0
1500.0
1500.0
1500.0
1500.0
1500.0
1500.0
1500.0
1500.0
1500.0
1500.0
1500.0
1500.0
1500.0
1500.0
1500.0
1471.4024658203125
1433.549072265625
1397.267578125
1361.062255859375
1324.5977783203125
1287.885498046875
1251.0057373046875
1214.1510009765625
1177.468017578125
1141.0509033203125
1104.8951416015625
1069.08740234375
1033.85400390625
999.3699340820312
965.7725830078125
933.1822509765625
901.5902099609375
871.0012817382812
841.6979370117188
813.65234375
786.6806640625
760.7190551757812
735.61865234375
711.31689453125
687.7275390625
664.8241577148438
642.5953369140625
621.0230712890625
600.0889282226562
579.7789306640625
560.0368041992188
