0.04390832781791687
0.04965155944228172
0.05484868586063385
0.055640749633312225
0.05591767653822899
0.05639757588505745
0.05688866227865219
0.05718161165714264
0.05736208334565163
0.05751103162765503
0.05766594409942627
0.05782371014356613
0.05798017978668213
0.05816075950860977
0.058320771902799606
0.058494579046964645
0.05865979567170143
0.05883372947573662
0.058994047343730927
0.059225402772426605
0.0594605952501297
0.05971091240644455
0.06000358983874321
0.060406241565942764
0.060956139117479324
0.06159475818276405
0.06234215572476387
0.06317143887281418
0.06414587795734406
0.06520631164312363
0.06634597480297089
0.0675560012459755
0.003850792534649372
0.003914501052349806
0.003895087167620659
0.0038649505004286766
0.0038296638522297144
0.0037998503539711237
0.06363639235496521
0.06562701612710953
0.06777401268482208
0.06968154013156891
0.07143532484769821
0.07311701774597168
0.07478179782629013
0.07648110389709473
0.07823904603719711
0.0800672098994255
0.08196928352117538
0.08396326750516891
0.08606401830911636
0.08829328417778015
0.09063220769166946
0.09269614517688751
0.09431019425392151
0.09593991935253143
0.09773804992437363
0.09956424683332443
0.10144732147455215
0.10460356622934341
0.10772636532783508
0.11053219437599182
0.11305361986160278
0.11541909724473953
0.1175551563501358
0.11961127817630768
0.12167380005121231
0.12378227710723877
0.12596933543682098
0.12828505039215088
0.12794019281864166
0.12351123988628387
0.11955686658620834
0.11588023602962494
0.11235883831977844
0.10893822461366653
0.1056584045290947
0.10250381380319595
0.09946216642856598
0.0965266302227974
0.0936732068657875
0.09090077877044678
0.08825056999921799
0.08571427315473557
0.08327373117208481
0.08091572672128677
0.07862240821123123
0.07637865096330643
0.07414639741182327
0.07194209843873978
0.06984895467758179
0.0679229348897934
