0.006598584353923798
0.00719461077824235
0.007966929115355015
0.008673271164298058
0.009272756054997444
0.009758742526173592
0.009879235178232193
0.009953781962394714
0.010017553344368935
0.010089801624417305
0.010170647874474525
0.010253189131617546
0.010334012098610401
0.010411374270915985
0.010498455725610256
0.010600629262626171
0.01071134302765131
0.010833646170794964
0.010977945290505886
0.01115067396312952
0.011351403780281544
0.011580556631088257
0.011837665922939777
0.012122295796871185
0.012431527487933636
0.012762459926307201
0.013063019141554832
0.013367578387260437
0.013693388551473618
0.014039178378880024
0.014408757910132408
0.01480894722044468
0.0009308636072091758
0.0008605891489423811
0.0008576105465181172
0.0008647569920867682
0.0008727272506803274
0.0008797714835964143
0.015106220729649067
0.015661131590604782
0.016034705564379692
0.01637035235762596
0.01669256016612053
0.01702534407377243
0.01740243285894394
0.017827019095420837
0.01822938397526741
0.018671387806534767
0.01917017064988613
0.019650166854262352
0.02016654796898365
0.0207032710313797
0.021269118413329124
0.021880600601434708
0.02252732776105404
0.02320822700858116
0.023917056620121002
0.024645552039146423
0.02539392001926899
0.026163822039961815
0.02695709653198719
0.027775082737207413
0.02861654944717884
0.029474981129169464
0.030348900705575943
0.031244754791259766
0.032180916517972946
0.033153511583805084
0.034156858921051025
0.035173069685697556
0.03633313998579979
0.03746207430958748
0.038564007729291916
0.039729610085487366
0.040775977075099945
0.04178003594279289
0.042706165462732315
0.04354848340153694
0.044278863817453384
0.04488188400864601
0.043523017317056656
0.04191458970308304
0.04047605022788048
0.03912697732448578
0.03784693405032158
0.036626577377319336
0.03546064719557762
0.0343409962952137
0.03327157348394394
0.03227163106203079
0.03132026270031929
0.030410828068852425
