0.04219858720898628
0.05364823341369629
0.059643253684043884
0.06035826355218887
0.06096338480710983
0.06142615154385567
0.061686933040618896
0.06187552958726883
0.062117159366607666
0.06253377348184586
0.06309908628463745
0.06372970342636108
0.06434855610132217
0.06486090272665024
0.0653199553489685
0.06578060239553452
0.06586099416017532
0.06502372771501541
0.06433927267789841
0.06375890225172043
0.06327075511217117
0.06280175596475601
0.06233072653412819
0.06184409558773041
0.06132348254323006
0.06077224388718605
0.06018981337547302
0.05957254767417908
0.05891827493906021
0.058227188885211945
0.057499874383211136
0.056742653250694275
0.0040021841414272785
0.0029198559932410717
0.002780952723696828
0.0026726273354142904
0.002635318785905838
0.002623600885272026
0.0622163861989975
0.06359606981277466
0.058980852365493774
0.05643332749605179
0.05467141047120094
0.05321742966771126
0.05171167850494385
0.05029502883553505
0.04893408715724945
0.047607120126485825
0.04628927633166313
0.044919636100530624
0.043512191623449326
0.04207514226436615
0.040636371821165085
0.03919918090105057
0.0378011055290699
0.036440107971429825
0.03510504588484764
0.03380372002720833
0.03258225694298744
0.03139404579997063
0.030055474489927292
0.028582366183400154
0.02696939744055271
0.025279253721237183
0.02354964055120945
0.022091979160904884
0.0211296696215868
0.020478591322898865
0.020270245149731636
0.021894795820116997
0.025068119168281555
0.0287763774394989
0.033021703362464905
0.03750135749578476
0.04229268431663513
0.047472842037677765
0.053107790648937225
0.059155214577913284
0.06529517471790314
0.07096223533153534
0.07622537761926651
1.3481682538986206
2.6394805908203125
3.7875912189483643
4.6727776527404785
5.426663875579834
6.023637771606445
6.478487968444824
6.828073978424072
7.112264156341553
7.38750696182251
7.596010208129883
