7.118251800537109
8.530508041381836
11.399264335632324
12.862605094909668
11.656339645385742
11.758761405944824
12.3390474319458
12.703283309936523
12.808207511901855
13.030027389526367
13.475021362304688
14.094202995300293
14.850824356079102
15.442187309265137
15.981266975402832
16.609256744384766
17.314083099365234
18.11408805847168
18.906625747680664
19.694568634033203
20.538774490356445
21.602312088012695
22.787216186523438
23.90384292602539
25.07965850830078
26.46882438659668
28.09489631652832
29.992197036743164
32.29813766479492
35.194236755371094
39.02383041381836
44.15049743652344
0.14065004885196686
0.5202212333679199
0.5508867502212524
0.5761844515800476
0.6071233749389648
0.6383525729179382
21.796934127807617
51.951934814453125
71.15460205078125
91.2162094116211
105.44947814941406
119.53219604492188
134.06736755371094
149.14181518554688
164.9918670654297
181.6373748779297
199.73336791992188
219.14524841308594
239.99539184570312
262.22418212890625
284.8185119628906
299.8470764160156
312.3097229003906
325.0062255859375
337.20794677734375
348.8641662597656
359.88275146484375
369.9813537597656
379.07733154296875
387.31964111328125
394.6165466308594
400.94097900390625
406.34539794921875
411.14361572265625
415.5819091796875
418.2725524902344
419.55035400390625
422.5083312988281
425.0578918457031
427.02972412109375
428.314697265625
429.04949951171875
429.3744812011719
429.3032531738281
428.80157470703125
427.7916564941406
426.4242248535156
424.33837890625
422.0751647949219
419.71795654296875
417.3313903808594
415.03326416015625
412.8291931152344
410.6975402832031
408.6688232421875
406.7523193359375
404.9327697753906
403.2007141113281
401.546142578125
399.96490478515625
398.4659423828125
