19.139389038085938
18.55802345275879
16.507503509521484
14.147238731384277
12.489314079284668
11.429027557373047
10.746395111083984
10.301658630371094
10.018434524536133
9.858960151672363
9.80135440826416
9.82499885559082
9.915555000305176
10.071964263916016
10.265151977539062
10.519930839538574
10.84404468536377
11.241232872009277
11.75792121887207
12.408173561096191
13.176751136779785
14.052023887634277
15.024725914001465
16.097415924072266
17.315921783447266
18.59231948852539
19.902217864990234
21.28049659729004
22.751007080078125
24.284149169921875
25.884084701538086
27.42867088317871
8.087384223937988
7.048329830169678
6.787430286407471
6.786076545715332
6.951248645782471
7.234646320343018
41.785438537597656
40.19033432006836
38.27101516723633
38.095455169677734
38.363372802734375
38.98500442504883
39.88417434692383
40.88562774658203
41.87089538574219
42.77602767944336
43.62846374511719
44.31721878051758
44.824710845947266
45.15131759643555
45.319114685058594
45.33183670043945
45.20478057861328
44.96709060668945
44.63892364501953
44.23797607421875
43.777862548828125
43.27515411376953
42.74789810180664
42.21352767944336
41.68802261352539
41.186607360839844
40.71233367919922
40.27107620239258
39.84830093383789
39.43021774291992
39.02373504638672
38.632205963134766
38.254859924316406
37.890750885009766
37.539615631103516
37.200538635253906
36.879188537597656
36.57075500488281
36.269901275634766
35.979637145996094
35.699913024902344
35.430110931396484
35.17254638671875
34.92753601074219
34.6955680847168
34.47948455810547
34.28042984008789
34.09590148925781
33.925201416015625
33.768245697021484
33.624114990234375
33.50403594970703
33.39743423461914
33.30088806152344
