1499.9998779296875
1500.1046142578125
1499.9998779296875
1499.9986572265625
1500.0
1500.0
1500.0
1500.0
1500.0
1500.0
1500.0
1500.0
1500.0
1500.0
1500.0
1500.0
1500.0
1500.0
1500.0
1500.0
1500.0
1500.0
1500.0
1500.0
1500.0
1500.0
1500.0
1500.0
1500.0
1500.0
1500.0
1500.0
99.99950408935547
100.0
100.0
100.0
100.0
100.0
1500.0
1500.0
1500.0
1500.0
1500.0
1483.44091796875
1445.168212890625
1409.3173828125
1373.0399169921875
1336.123046875
1298.3131103515625
1260.048583984375
1222.0048828125
1185.754150390625
1150.3145751953125
1115.1226806640625
1079.599609375
1044.382080078125
1010.0164794921875
976.0200805664062
942.9146728515625
910.5274047851562
878.54931640625
847.4742431640625
817.3612670898438
788.0089111328125
759.2642211914062
731.1300048828125
703.489501953125
676.5809326171875
650.44287109375
625.1779174804688
600.892578125
577.6232299804688
555.2999267578125
533.9043579101562
513.4204711914062
493.7541198730469
473.9343566894531
454.97747802734375
437.4159851074219
420.62237548828125
404.1949768066406
388.6000061035156
373.75494384765625
359.1689147949219
345.597900390625
333.25469970703125
321.7922668457031
311.1128234863281
301.1072692871094
291.6675720214844
282.7271728515625
274.25347900390625
