6.992219924926758
7.950820446014404
9.869795799255371
11.694794654846191
11.92596435546875
12.709365844726562
13.546802520751953
13.318405151367188
12.98889446258545
12.915349960327148
13.05573558807373
13.417267799377441
13.94163990020752
14.577042579650879
15.154389381408691
15.577476501464844
15.856902122497559
16.100112915039062
16.335418701171875
16.231277465820312
16.11967658996582
16.12601089477539
16.212976455688477
16.355396270751953
16.578662872314453
16.89089584350586
17.29404067993164
17.78666877746582
18.332508087158203
18.925233840942383
19.605224609375
20.3915958404541
0.32777655124664307
0.23436135053634644
0.19911034405231476
0.18879453837871552
0.19389326870441437
0.20064209401607513
7.9623703956604
17.654016494750977
25.44015121459961
29.778060913085938
31.794689178466797
33.71925354003906
36.32709884643555
40.12857437133789
44.934818267822266
50.72401809692383
57.03641128540039
63.5350227355957
70.12508392333984
77.29068756103516
85.22217559814453
94.14997863769531
104.10812377929688
115.2038803100586
126.75980377197266
138.8368682861328
151.4911346435547
164.6571807861328
178.3941192626953
193.0139923095703
208.27186584472656
224.21641540527344
240.5455322265625
257.54168701171875
274.66693115234375
292.0362854003906
309.711181640625
327.9146728515625
346.44134521484375
358.22039794921875
368.0436706542969
377.9078674316406
387.5153503417969
396.6984558105469
405.8211669921875
414.6496276855469
422.7304992675781
430.3092346191406
437.42340087890625
443.83331298828125
449.408447265625
454.1080322265625
458.0863342285156
461.6249084472656
464.61151123046875
467.1599426269531
469.4701843261719
471.49163818359375
473.3879089355469
475.0150451660156
