7.056175231933594
8.779487609863281
12.102605819702148
15.007403373718262
16.782339096069336
17.653736114501953
17.81395149230957
18.47966194152832
19.978939056396484
20.50429344177246
20.419219970703125
20.540435791015625
20.894384384155273
21.24250602722168
21.709726333618164
22.355127334594727
23.238025665283203
24.503721237182617
26.2415828704834
27.989246368408203
29.896244049072266
31.98625946044922
34.10663604736328
36.08616638183594
38.971824645996094
42.61577606201172
45.49626541137695
48.4377555847168
51.96572494506836
55.815208435058594
59.76311111450195
63.731964111328125
1.056956171989441
0.8597933650016785
0.7196052074432373
0.7123839259147644
0.7348873615264893
0.768710732460022
22.146656036376953
81.7087173461914
103.32981872558594
119.9374008178711
125.12451171875
133.59181213378906
144.1768341064453
155.45004272460938
167.5341796875
180.08322143554688
192.64149475097656
204.93540954589844
217.5677490234375
229.6963348388672
241.0370330810547
251.24412536621094
260.3382568359375
268.4818420410156
275.86724853515625
282.4919738769531
289.16015625
294.87493896484375
299.7026062011719
303.685302734375
306.9222106933594
309.5620422363281
311.6960754394531
313.2453918457031
314.4443359375
315.4010009765625
316.1937561035156
316.7525634765625
317.0278625488281
317.303466796875
317.6695861816406
318.186767578125
318.91595458984375
319.7672119140625
320.71746826171875
321.75518798828125
322.8955993652344
324.0979919433594
325.3689270019531
326.7231750488281
328.1391296386719
329.6226806640625
331.185546875
332.8043518066406
333.7747497558594
333.76025390625
334.1269836425781
334.7027893066406
335.1120910644531
335.56365966796875
