-0.0
-0.0
-0.0
-0.0
-0.0
-0.0
-0.0
-0.0
-0.0
-0.0
-0.0
-0.0
-0.0
-0.0
-0.0
-0.0
-0.0
-0.0
-0.0
-0.0
-0.0
-0.0
-0.0
-0.0
-0.0
-0.0
-0.0
-0.0
-0.0
-0.0
-0.0
-0.0
-0.0
-0.0
-0.0
-0.0
-0.0
-0.0
-0.0
-0.0
-0.0
-0.0
-0.0
-0.0
-0.0
-0.0
-0.0
-0.0
-0.0
-0.0
-0.0
-0.0
-0.0
-0.0
-0.0
-0.0
-0.0
-0.0
-0.0
-0.0
-0.0
-0.0
-0.0
-0.0
-0.0
-0.0
-0.0
-0.0
-0.0
-0.0
-0.0
-0.0
-0.0
-0.0
-0.0
-0.0
-0.0
1.656994470522477e-07
1.1890574569406454e-06
2.1088756056997227e-06
2.934279564215103e-06
3.6707422168547055e-06
4.32657952842419e-06
4.910019015369471e-06
5.4282336350297555e-06
5.886721282877261e-06
6.291109912126558e-06
6.646620477113174e-06
6.959021902730456e-06
7.2272705438081175e-06
7.457888386852574e-06
7.657135029148776e-06
7.827175977581646e-06
7.970365004439373e-06
8.089046787063126e-06
