0.006644708104431629
0.007266469765454531
0.008156482130289078
0.00912089180201292
0.009442009031772614
0.009659087285399437
0.009843800216913223
0.009921548888087273
0.00999498087912798
0.010045474395155907
0.010103242471814156
0.010154131799936295
0.010205415077507496
0.010266986675560474
0.01032511331140995
0.010377120226621628
0.010430428199470043
0.010491861030459404
0.010563249699771404
0.010637440718710423
0.010713993571698666
0.010798729956150055
0.010897375643253326
0.01100224070250988
0.011120922863483429
0.011258650571107864
0.01141470205038786
0.011589392088353634
0.011785177513957024
0.012002636678516865
0.01224072091281414
0.012497846968472004
0.0007155072526074946
0.0006699368823319674
0.0006703262915834785
0.000675582850817591
0.0006823571166023612
0.0006912531680427492
0.0125039117410779
0.013055173680186272
0.013301749713718891
0.01352293137460947
0.01375738438218832
0.014009486883878708
0.014278670772910118
0.014567730017006397
0.014873444102704525
0.015198281966149807
0.01553876418620348
0.015896620228886604
0.01627292111515999
0.016673816367983818
0.017106827348470688
0.017581887543201447
0.0180039145052433
0.018452243879437447
0.01891760341823101
0.01933245174586773
0.019745495170354843
0.020169606432318687
0.020606808364391327
0.021053403615951538
0.021508213132619858
0.021972160786390305
0.0224467720836401
0.022932106629014015
0.023428412154316902
0.023935778066515923
0.02445436641573906
0.02498405985534191
0.025517458096146584
0.026057738810777664
0.02660694345831871
0.027166133746504784
0.02773929014801979
0.028324749320745468
0.0289226695895195
0.02953079156577587
0.030149182304739952
0.030777182430028915
0.0314185805618763
0.032092757523059845
0.03277919813990593
0.033492524176836014
0.03422699123620987
0.03494403511285782
0.035690370947122574
0.03650202602148056
0.03728028014302254
0.038053959608078
0.03881912678480148
0.03957812488079071
