18.23822593688965
16.27082633972168
12.92279052734375
11.026100158691406
10.303346633911133
9.963085174560547
9.745944023132324
9.570199966430664
9.4129056930542
9.270237922668457
9.15217113494873
9.039153099060059
8.912753105163574
8.800677299499512
8.707847595214844
8.639139175415039
8.624759674072266
8.667052268981934
8.75837516784668
8.89652156829834
9.083718299865723
9.326827049255371
9.610569953918457
9.935282707214355
10.324740409851074
10.797250747680664
11.33889389038086
11.942471504211426
12.598525047302246
13.292988777160645
14.015459060668945
14.757674217224121
2.5706851482391357
2.6845171451568604
2.972972869873047
3.2179813385009766
3.4176528453826904
3.609041690826416
21.602571487426758
20.478866577148438
21.024005889892578
22.298830032348633
23.806381225585938
25.317520141601562
26.870180130004883
28.422029495239258
29.864835739135742
31.242191314697266
32.6186637878418
33.89033126831055
35.075042724609375
36.213172912597656
37.30858612060547
38.37702941894531
39.38513946533203
40.34104919433594
41.23717498779297
42.0537223815918
42.77983856201172
43.43865203857422
44.04283142089844
44.549041748046875
44.938072204589844
45.26898956298828
45.500579833984375
45.65580368041992
45.73355484008789
45.73087692260742
45.664146423339844
45.56122589111328
45.438846588134766
45.2732048034668
45.063472747802734
44.814456939697266
44.54415512084961
44.25713348388672
43.950714111328125
43.63410568237305
43.31707000732422
43.005645751953125
42.693443298339844
42.35471725463867
42.01668167114258
41.69375228881836
41.3896369934082
41.1063232421875
40.845882415771484
40.60906982421875
40.394073486328125
40.20208740234375
40.0523567199707
39.90657424926758
