0.024522125720977783
0.028981799259781837
0.029836107045412064
0.029928119853138924
0.02997095324099064
0.030139436945319176
0.030372655019164085
0.030484896153211594
0.030509663745760918
0.030522823333740234
0.03056185133755207
0.0306000467389822
0.03063693456351757
0.030652206391096115
0.03067798539996147
0.030701924115419388
0.030747121199965477
0.030808739364147186
0.030844882130622864
0.030865492299199104
0.030896540731191635
0.030896637588739395
0.030896686017513275
0.03089682012796402
0.03089718148112297
0.030897192656993866
0.030897213146090508
