0.10085588693618774
0.11331544071435928
0.12361393123865128
0.13449564576148987
0.13917656242847443
0.1417875587940216
0.1434544175863266
0.14467349648475647
0.14584484696388245
0.1465485394001007
0.14706175029277802
0.14752191305160522
0.14806345105171204
0.1485978215932846
0.14911793172359467
0.14965492486953735
0.15011832118034363
0.15054848790168762
0.1509917825460434
0.15151378512382507
0.15205012261867523
0.1525697559118271
0.15306101739406586
0.15354539453983307
0.1540149748325348
0.15454520285129547
0.15507622063159943
0.15561825037002563
0.15624824166297913
0.15697528421878815
0.15780116617679596
0.15871651470661163
0.0209044199436903
0.013623038306832314
0.010564439930021763
0.008825148455798626
0.008613666519522667
0.008426412008702755
0.1360969990491867
0.14245878159999847
0.1491175889968872
0.15582479536533356
0.1615176647901535
0.16706275939941406
0.17183692753314972
0.17617735266685486
0.18031376600265503
0.18448184430599213
0.18882645666599274
0.1934143304824829
0.19826285541057587
0.2034720778465271
0.2089540660381317
0.2146041989326477
0.22042939066886902
0.22653323411941528
0.23306135833263397
0.23996470868587494
0.24766528606414795
0.2580641806125641
0.26902642846107483
0.2795811593532562
0.2893579304218292
0.30024540424346924
0.3120574951171875
0.32543984055519104
0.3401242792606354
0.3557789623737335
0.3718882203102112
0.36373063921928406
0.35453730821609497
0.34599539637565613
0.3377094268798828
0.3295297622680664
0.3214072287082672
0.3133673071861267
0.30552762746810913
0.29870542883872986
0.2921774983406067
0.28583115339279175
0.28794652223587036
0.29660865664482117
0.3096455931663513
0.323326975107193
0.337454229593277
0.35326796770095825
0.37093573808670044
2.880488395690918
4.325557708740234
4.987894058227539
5.406194686889648
5.7968831062316895
