-0.0
-0.0
-0.0
-0.0
-0.0
-0.0
-0.0
-0.0
-0.0
-0.0
-0.0
-0.0
-0.0
-0.0
-0.0
-0.0
-0.0
-0.0
-0.0
-0.0
-0.0
-0.0
-0.0
-0.0
-0.0
-0.0
-0.0
-0.0
-0.0
-0.0
-0.0
-0.0
-0.0
-0.0
-0.0
-0.0
-0.0
-0.0
-0.0
-0.0
-0.0
-0.0
-0.0
-0.0
-0.0
-0.0
-0.0
-0.0
-0.0
-0.0
-0.0
-0.0
-0.0
-0.0
-0.0
-0.0
-0.0
-0.0
-0.0
-0.0
-0.0
-0.0
-0.0
-0.0
-0.0
-0.0
-0.0
-0.0
-0.0
-0.0
-0.0
-0.0
-0.0
-0.0
-0.0
-0.0
-0.0
-0.0
3.613515104916587e-07
8.502211699124018e-07
1.2815468153348775e-06
1.6611041928626946e-06
1.993934802158037e-06
2.284929450979689e-06
2.538152557463036e-06
2.7572868930292316e-06
2.9463951705110958e-06
3.1094130008568754e-06
3.2468610697833356e-06
3.361645440236316e-06
3.456084414210636e-06
3.5324815144122113e-06
3.592644816308166e-06
