10.55367374420166
11.040534019470215
8.301858901977539
7.4649200439453125
7.378459453582764
7.3974761962890625
7.2466349601745605
7.065428733825684
6.907416343688965
6.7779998779296875
6.622385501861572
6.512181758880615
6.45660924911499
6.442079067230225
6.452884674072266
6.481267929077148
6.523162364959717
6.573300838470459
6.621782302856445
6.638963222503662
6.653231620788574
6.672082901000977
6.700867176055908
6.739962577819824
6.796904563903809
6.873206615447998
6.968265533447266
7.082165718078613
7.215034484863281
7.367008686065674
7.535253524780273
7.709366798400879
0.4926440715789795
0.4915095865726471
0.5060728788375854
0.5286555290222168
0.549601674079895
0.5668140649795532
8.761517524719238
9.156157493591309
9.423081398010254
9.604460716247559
9.822473526000977
10.062600135803223
10.371652603149414
10.741663932800293
11.152270317077637
11.593999862670898
12.185037612915039
12.865082740783691
13.52874755859375
14.144580841064453
14.74337387084961
15.350223541259766
15.974241256713867
16.6376953125
17.323444366455078
18.015424728393555
18.715320587158203
19.428091049194336
20.153377532958984
20.882648468017578
21.60234832763672
22.305736541748047
23.00018882751465
23.738479614257812
24.4559268951416
25.20968246459961
25.975374221801758
26.72804832458496
27.45947265625
28.16499137878418
28.844877243041992
29.507997512817383
30.153249740600586
30.770435333251953
31.362255096435547
31.929847717285156
32.5085334777832
33.05824279785156
33.56053161621094
34.01296615600586
34.4241943359375
34.79863739013672
34.97508239746094
35.17380142211914
35.52300262451172
35.84082794189453
36.13700485229492
36.42061996459961
36.6954460144043
36.96556854248047
37.2364387512207
37.513954162597656
