0.1606164276599884
0.1789778470993042
0.2036435902118683
0.20841985940933228
0.20941323041915894
0.21024151146411896
0.21094897389411926
0.21147699654102325
0.21194660663604736
0.21250957250595093
0.21315841376781464
0.21369801461696625
0.21443462371826172
0.2150382101535797
0.21548496186733246
0.21608172357082367
0.21693678200244904
0.2177484929561615
0.21844474971294403
0.21916797757148743
0.21989016234874725
0.2205590307712555
0.22119933366775513
0.2218555212020874
0.22255951166152954
0.22341005504131317
0.2244354635477066
0.2256982922554016
0.2271869033575058
0.2288554608821869
0.23059359192848206
0.23250025510787964
0.0109614422544837
0.010794985108077526
0.01075106393545866
0.010713385418057442
0.010688003152608871
0.010669287294149399
0.2127605378627777
0.2228674590587616
0.2298669070005417
0.23553970456123352
0.24061261117458344
0.24549289047718048
0.2503052055835724
0.25508591532707214
0.2598915696144104
0.264660507440567
0.2693442702293396
0.2740192115306854
0.2790945768356323
0.28894534707069397
0.29882150888442993
0.30951187014579773
0.3205532729625702
0.33147701621055603
0.34234219789505005
0.3528597950935364
0.36396220326423645
0.36066529154777527
0.3545854985713959
0.3485477864742279
0.3424713611602783
0.3363373279571533
0.3300747871398926
0.3236583471298218
0.3171544373035431
0.31042298674583435
0.3034467399120331
0.299306184053421
0.2969147562980652
0.29540181159973145
0.2944333255290985
0.29394832253456116
0.2938474118709564
0.2939787209033966
0.2941931486129761
0.29453331232070923
0.29501664638519287
0.2955777943134308
0.29609042406082153
0.296420156955719
0.29668694734573364
0.43531879782676697
0.5740714073181152
0.6876548528671265
0.7912005186080933
0.8816792964935303
0.957771897315979
1.0227364301681519
1.0817371606826782
1.1368932723999023
