0.03793006017804146
0.04014139622449875
0.04384768009185791
0.04807654395699501
0.05123339965939522
0.05234387144446373
0.052576713263988495
0.05278408154845238
0.05293944850564003
0.05313331261277199
0.05338723585009575
0.053593799471855164
0.05379626154899597
0.05399614945054054
0.05416139215230942
0.05431435629725456
0.05450307950377464
0.05469811335206032
0.054878104478120804
0.05505393445491791
0.05523625388741493
0.055416520684957504
0.055602919310331345
0.055819328874349594
0.056035980582237244
0.05627896636724472
0.05656787380576134
0.05690385401248932
0.05729255825281143
0.05773100256919861
0.0582134984433651
0.05874186009168625
0.0033169230446219444
0.003067810321226716
0.002937643090263009
0.0028570068534463644
0.0028021906036883593
0.0027658978942781687
0.05339927226305008
0.056448668241500854
0.058503374457359314
0.05986601114273071
0.06091664731502533
0.061868391931056976
0.06280720233917236
0.06378119438886642
0.06478346884250641
0.06579890102148056
0.06683173030614853
0.0678822472691536
0.06895337998867035
0.07004987448453903
0.07117599248886108
0.07233677059412003
0.07352854311466217
0.07474625110626221
0.07598703354597092
0.077261783182621
0.07857093214988708
0.07994913309812546
0.08139611035585403
0.08282380551099777
0.08417781442403793
0.0856153592467308
0.08704836666584015
0.0884668156504631
0.08961733430624008
0.09072407335042953
0.09179814904928207
0.09282194823026657
0.09376460313796997
0.09465839713811874
0.09551090747117996
0.09629259258508682
0.09702514857053757
0.09772659093141556
0.09860886633396149
0.0995638370513916
0.10061398893594742
0.10173750668764114
0.10277458280324936
0.1037684828042984
0.1047419086098671
0.10572914034128189
0.10678407549858093
0.1078127920627594
0.10880395025014877
0.1097005233168602
0.11047465354204178
0.10904684662818909
0.10623762756586075
0.10363488644361496
