0.00765247642993927
0.008447826839983463
0.00948081910610199
0.010570761747658253
0.011053705587983131
0.011177347972989082
0.011231019161641598
0.01128489151597023
0.011347122490406036
0.011400360614061356
0.011521903797984123
0.0116297397762537
0.011710800230503082
0.01176995038986206
0.01183183304965496
0.01190005149692297
0.011970249004662037
0.012040437199175358
0.012114881537854671
0.01219945214688778
0.012295113876461983
0.012401124462485313
0.012522397562861443
0.012671584263443947
0.012852138839662075
0.013063119724392891
0.013300213031470776
0.013558434322476387
0.013834371231496334
0.01412210799753666
0.014379662461578846
0.014629154466092587
0.0007502136868424714
0.0007093148888088763
0.0007017358439043164
0.0007027993560768664
0.0007071275031194091
0.0007128784200176597
0.013961343094706535
0.014803837984800339
0.015096133574843407
0.015252991579473019
0.015401770360767841
0.0155890341848135
0.015825705602765083
0.01610626094043255
0.01642155461013317
0.016762960702180862
0.0171250831335783
0.017504334449768066
0.017895877361297607
0.01829824224114418
0.01871335133910179
0.019141539931297302
0.019551903009414673
0.01995479315519333
0.020384276285767555
0.020816950127482414
0.021196285262703896
0.021552838385105133
0.021910786628723145
0.022266129031777382
0.02262006141245365
0.022974159568548203
0.02332328073680401
0.023666512221097946
0.024005623534321785
0.02433517761528492
0.024499885737895966
0.024020638316869736
0.02356591634452343
0.023120906203985214
0.022682668641209602
0.022249465808272362
0.02182040736079216
0.021394671872258186
0.02097224071621895
0.0205550417304039
0.02014097198843956
0.01973016932606697
0.01932290382683277
0.018919887021183968
0.018520725890994072
0.018127406015992165
0.017741424962878227
0.01736256666481495
0.0169905424118042
0.0166251789778471
0.016266942024230957
0.015915362164378166
0.01557125523686409
0.015232856385409832
