0.037931833416223526
0.03991174325346947
0.0432012639939785
0.04677614942193031
0.04970488324761391
0.051952797919511795
0.052657388150691986
0.052911363542079926
0.05305507034063339
0.05324286222457886
0.05360187962651253
0.05395716056227684
0.05427391082048416
0.054558463394641876
0.0548127107322216
0.05503443628549576
0.055232204496860504
0.05543304979801178
0.055664923042058945
0.05592552572488785
0.05619620904326439
0.05652628093957901
0.05695388466119766
0.05749300494790077
0.058106955140829086
0.05878550186753273
0.05952012166380882
0.06029193103313446
0.06108882278203964
0.061908043920993805
0.0627458244562149
0.06359642744064331
0.0036829328164458275
0.003487992100417614
0.0033948190975934267
0.003338038921356201
0.003299051895737648
0.0032715145498514175
0.058064498007297516
0.06114215403795242
0.06286615133285522
0.06421802192926407
0.0654103085398674
0.06657204777002335
0.06774456053972244
0.0689460039138794
0.07018249481916428
0.07145386934280396
0.0727505162358284
0.07407279312610626
0.07542596757411957
0.07684337347745895
0.07834040373563766
0.0798550471663475
0.08130356669425964
0.08265151083469391
0.08400993049144745
0.08533719182014465
0.08660811185836792
0.08788053691387177
0.089169442653656
0.09032808244228363
0.09126795083284378
0.09200182557106018
0.09265989065170288
0.09335500001907349
0.094361811876297
0.09585186094045639
0.0976252630352974
0.09880223125219345
0.09999598562717438
0.10116126388311386
0.10338269174098969
0.10625582188367844
0.10523854196071625
0.09925402700901031
0.09592914581298828
0.09486701339483261
0.09476578235626221
0.09707028418779373
0.11447396129369736
0.1548386812210083
0.19844909012317657
0.24541550874710083
0.2953493595123291
0.3446156680583954
0.3952060639858246
0.4472648799419403
0.5012226700782776
0.5525097846984863
0.5996080636978149
0.6438077688217163
6.286314487457275
