0.04042838141322136
0.043527595698833466
0.04793515428900719
0.05289269611239433
0.055117297917604446
0.055498965084552765
0.05561092123389244
0.055922411382198334
0.0562678724527359
0.05648956820368767
0.05661405250430107
0.056722115725278854
0.05685419216752052
0.05699295550584793
0.0571289137005806
0.0573040135204792
0.05749373510479927
0.05768720060586929
0.05786921828985214
0.05802866443991661
0.05818192660808563
0.058329783380031586
0.058465879410505295
0.05859288573265076
0.05871870741248131
0.058854520320892334
0.05900600552558899
0.05918458104133606
0.0593930147588253
0.059614427387714386
0.05986011400818825
0.0601307675242424
0.003111738245934248
0.0028199120424687862
0.0028009992092847824
0.002781427465379238
0.002771893283352256
0.0027670226991176605
0.04939993843436241
0.05600915849208832
0.05803869664669037
0.059888873249292374
0.06127004697918892
0.062283240258693695
0.06306250393390656
0.0637122243642807
0.06432235240936279
0.0649402067065239
0.06555695831775665
0.06618739664554596
0.0668497085571289
0.06755795329809189
0.06831856071949005
0.0691409558057785
0.07003351300954819
0.07099933922290802
0.07204366475343704
0.07316318154335022
0.07435581088066101
0.07561908662319183
0.07693472504615784
0.07828164100646973
0.07964903116226196
0.0810326412320137
0.0823957771062851
0.08375361561775208
0.0851016640663147
0.0863729938864708
0.08760228753089905
0.0888320803642273
0.0900879055261612
0.09140297025442123
0.09252788871526718
0.09346315264701843
0.09439320862293243
0.09532313048839569
0.09624489396810532
0.0971958339214325
0.09814030677080154
0.09906700253486633
0.09997782856225967
0.10084899514913559
0.10215272009372711
0.10354659706354141
0.1048390120267868
0.10615021735429764
0.10747885704040527
0.10885659605264664
0.11026960611343384
0.11181574314832687
0.11328254640102386
0.11402066797018051
0.11473949253559113
