0.03705205023288727
0.038020242005586624
0.04127931222319603
0.04451186582446098
0.04723240062594414
0.0489618144929409
0.04998629167675972
0.05089162662625313
0.05117584019899368
0.051412053406238556
0.05155083164572716
0.051645584404468536
0.051720086485147476
0.05178453028202057
0.05184674635529518
0.05193507298827171
0.052083224058151245
0.05237327516078949
0.05258860066533089
0.05274806544184685
0.052898604422807693
0.05304909124970436
0.053190678358078
0.053321558982133865
0.05345909669995308
0.05361036956310272
0.05377040430903435
0.053931478410959244
0.05409789830446243
0.054303932934999466
0.05456722527742386
0.05486472323536873
0.0031433766707777977
0.0029353229328989983
0.0028607328422367573
0.0028172386810183525
0.002784587210044265
0.0027591604739427567
0.050400201231241226
0.053039710968732834
0.05448733642697334
0.05541248247027397
0.056137409061193466
0.05678213760256767
0.05739514157176018
0.057993996888399124
0.05859409272670746
0.059209179133176804
0.059840068221092224
0.060484860092401505
0.06114037334918976
0.06180599704384804
0.062489062547683716
0.06320736557245255
0.06394683569669724
0.06471291184425354
0.06550279259681702
0.06630228459835052
0.06711696088314056
0.0679488480091095
0.06880078464746475
0.06967826932668686
0.07058408856391907
0.07150192558765411
0.07242186367511749
0.07334734499454498
0.0742839127779007
0.07523316890001297
0.07615584880113602
0.0770970806479454
0.07804546505212784
0.07893520593643188
0.07971438020467758
0.08048050850629807
0.08123854547739029
0.08199580758810043
0.08275263011455536
0.08350937813520432
0.08428604900836945
0.08504488319158554
0.08577456325292587
0.08647727221250534
0.08716263622045517
0.08785053342580795
0.08848351985216141
0.08906714618206024
0.08961249887943268
0.09014882147312164
0.09068379551172256
0.09120412915945053
0.09168899059295654
0.0919177383184433
0.09213607758283615
