18.47910499572754
16.85328483581543
13.6759614944458
11.363531112670898
10.399971008300781
9.939598083496094
9.683310508728027
9.517314910888672
9.399632453918457
9.315644264221191
9.260538101196289
9.230820655822754
9.232728004455566
9.266999244689941
9.32316780090332
9.394923210144043
9.482559204101562
9.562312126159668
9.68885326385498
9.855238914489746
10.059853553771973
10.307852745056152
10.600603103637695
10.940726280212402
11.325460433959961
11.750783920288086
12.310791015625
12.98855972290039
13.763992309570312
14.617196083068848
15.564923286437988
16.606719970703125
2.9639909267425537
2.8002030849456787
2.8704471588134766
3.0146775245666504
3.1549341678619385
3.2930893898010254
23.35194206237793
23.071115493774414
23.789934158325195
24.944124221801758
26.396991729736328
27.98990821838379
29.486841201782227
30.846843719482422
32.1072883605957
33.332115173339844
34.581993103027344
35.851402282714844
37.12843704223633
38.44818878173828
39.73678970336914
40.97282791137695
42.1502799987793
43.28935623168945
44.40571594238281
45.50785446166992
46.56740188598633
47.60968017578125
48.64636993408203
49.681129455566406
50.74668502807617
51.80400085449219
52.84510040283203
53.885398864746094
54.904502868652344
55.9124641418457
56.903316497802734
57.86906814575195
58.80608367919922
59.68593215942383
60.49706268310547
61.23908615112305
61.94735336303711
62.629764556884766
63.29793167114258
63.95659637451172
64.51505279541016
64.93370056152344
65.1354751586914
65.30911254882812
65.46304321289062
65.55725860595703
65.57217407226562
65.53543090820312
65.48199462890625
65.41631317138672
65.33074188232422
65.225341796875
65.10994720458984
64.98992156982422
