1499.9986572265625
1500.0
1500.0013427734375
1500.0
1500.0
1500.0
1500.0
1500.0
1500.0
1500.0
1500.0
1500.0
1500.0
1500.0
1500.0
1500.0
1500.0
1500.0
1500.0
1500.0
1500.0
1500.0
1500.0
1500.0
1500.0
1500.0
1500.0
1500.0
1500.0
1500.0
1500.0
1500.0
100.0
100.0
100.0
100.0
100.0
100.0
1500.0
1500.0
1500.0
1500.0
1500.0
1500.0
1500.0
1500.0
1500.0
1500.0
1500.0
1500.0
1500.0
1500.0
1500.0
1500.0
1500.0
1500.0
1500.0
1500.0
1500.0
1500.0
1500.0
1500.0
1500.0
1500.0
1500.0
1500.0
1500.0
1443.9847412109375
1373.8721923828125
1310.3385009765625
1256.1051025390625
1205.4205322265625
1153.1885986328125
1105.0032958984375
1060.04150390625
1018.3382568359375
978.59228515625
939.5702514648438
900.8032836914062
861.77294921875
824.3032836914062
787.7800903320312
751.5945434570312
715.5
682.41748046875
653.623291015625
627.3967895507812
601.5244750976562
576.5286865234375
555.1477661132812
536.2177124023438
519.0908203125
