2046.8946533203125
2004.154052734375
2183.746826171875
2438.36962890625
2537.872802734375
2531.921142578125
2475.295654296875
2413.749267578125
2362.271240234375
2318.521484375
2284.03515625
2261.230712890625
2253.5517578125
2258.859375
2272.240966796875
2292.1328125
2311.01806640625
2325.906982421875
2337.060302734375
2353.813232421875
2377.124755859375
2411.662109375
2456.581787109375
2514.6123046875
2587.51904296875
2675.5947265625
2778.037109375
2894.289794921875
3024.99951171875
3168.28857421875
3322.4111328125
3487.453369140625
155.6116180419922
135.96827697753906
128.96240234375
125.84619903564453
123.93708038330078
123.55436706542969
2153.493896484375
3605.79052734375
4577.73291015625
5116.36572265625
5402.1884765625
5590.74072265625
5734.625
5862.04296875
5833.48095703125
5830.2236328125
5856.22900390625
5908.650390625
5991.2861328125
6083.8212890625
6185.24951171875
6290.294921875
6400.25341796875
6525.373046875
6654.66357421875
6780.7509765625
6906.27197265625
7022.8955078125
7128.208984375
7237.51953125
7342.28173828125
7440.697265625
7530.66796875
7613.76611328125
7686.92236328125
7747.947265625
7796.74365234375
7833.39892578125
7857.2998046875
7868.3046875
7866.63720703125
7853.01025390625
7828.63232421875
7794.1416015625
7750.6591796875
7698.626953125
7639.0869140625
7572.375
7498.21875
7416.921875
7329.77734375
7237.21630859375
7139.6708984375
7037.97412109375
6932.31982421875
6823.1474609375
6710.984375
6596.22802734375
6479.52099609375
6361.50390625
