2036.117919921875
2027.3187255859375
2202.439697265625
2312.576416015625
2344.498046875
2324.702392578125
2320.9248046875
2323.12841796875
2303.64990234375
2287.00634765625
2283.58203125
2290.9580078125
2306.453369140625
2329.929931640625
2356.41845703125
2384.131103515625
2423.15478515625
2491.87890625
2599.67041015625
2744.71484375
2921.87060546875
3127.46630859375
3359.065673828125
3616.185302734375
3895.69921875
4198.728515625
4520.69189453125
4859.25244140625
5208.40185546875
5570.5400390625
5954.2314453125
6230.3388671875
224.11135864257812
199.01722717285156
208.83026123046875
219.94569396972656
229.22183227539062
237.83685302734375
7450.25
8466.958984375
8408.12890625
8336.830078125
8325.2265625
8369.3125
8452.8212890625
8554.474609375
8661.431640625
8764.970703125
8859.412109375
8938.5576171875
8998.0556640625
9037.6982421875
9055.7744140625
9052.2041015625
9027.7607421875
8982.7568359375
8918.5400390625
8837.57421875
8741.6845703125
8630.1904296875
8503.7060546875
8362.5986328125
8208.2763671875
8043.72900390625
7871.51318359375
7692.26416015625
7508.44091796875
7321.18017578125
7131.90185546875
6937.73681640625
6747.6162109375
6562.0400390625
6377.40478515625
6194.69873046875
6015.1240234375
5840.00244140625
5667.66943359375
5498.62939453125
5333.416015625
5174.31591796875
5020.6953125
4872.31787109375
4728.31689453125
4589.06982421875
4454.60693359375
4325.09228515625
4200.490234375
4080.642578125
3965.68994140625
3855.15966796875
3748.760009765625
3646.42041015625
