2083.744873046875
2063.5341796875
2036.9049072265625
2019.015380859375
2006.66455078125
2026.088623046875
2041.296142578125
2032.8218994140625
2030.89892578125
2030.2725830078125
2041.7391357421875
2043.4898681640625
2063.04248046875
2091.82275390625
2121.10986328125
2142.323974609375
2165.14990234375
2195.076416015625
2225.611328125
2258.036865234375
2297.81982421875
2362.084716796875
2449.5498046875
2556.6826171875
2682.585205078125
2824.38916015625
2979.059814453125
3144.185546875
3317.81396484375
3498.32373046875
3685.46044921875
3880.852294921875
153.8677215576172
153.92340087890625
161.3720245361328
168.51519775390625
174.30487060546875
178.79916381835938
3980.795654296875
4216.95361328125
4323.388671875
4411.77197265625
4523.8232421875
4671.021484375
4853.73388671875
5065.84228515625
5305.51123046875
5567.44189453125
5847.91845703125
6137.22119140625
6445.8125
6757.78369140625
7080.8291015625
7412.91796875
7794.19091796875
8180.767578125
8564.4853515625
8922.3828125
9258.158203125
9572.607421875
9867.583984375
10145.3115234375
10404.02734375
10644.4384765625
10867.3681640625
11067.0205078125
11243.6298828125
11399.4033203125
11537.9697265625
11659.765625
11766.390625
11859.05859375
11938.8115234375
12007.2646484375
12065.6865234375
12113.99609375
12152.4326171875
12182.99609375
12205.78125
12219.5908203125
12223.486328125
12218.359375
12204.3359375
12183.01171875
12154.494140625
12119.96484375
12082.2880859375
12041.6513671875
11993.8662109375
11941.3251953125
11883.759765625
11822.005859375
