0.0379096195101738
0.039667416363954544
0.04302888736128807
0.04655949026346207
0.049444254487752914
0.05196409672498703
0.05262163281440735
0.052858300507068634
0.052980609238147736
0.053144827485084534
0.05345030501484871
0.05370676890015602
0.053977660834789276
0.05421582609415054
0.05445152893662453
0.054638512432575226
0.054841116070747375
0.05504421144723892
0.05525125563144684
0.055468689650297165
0.055706433951854706
0.05595982447266579
0.05624108389019966
0.05655141547322273
0.0569298192858696
0.05736362934112549
0.05782945826649666
0.05834761634469032
0.058923907577991486
0.0595678947865963
0.06028242036700249
0.06107170134782791
0.003597238566726446
0.003365942742675543
0.0032534077763557434
0.0031828470528125763
0.003135963808745146
0.0031025537755340338
0.05589474365115166
0.059181176126003265
0.06090782582759857
0.0621989481151104
0.06339035928249359
0.0646207332611084
0.06586647778749466
0.06712927669286728
0.06839016079902649
0.06963778287172318
0.0708799883723259
0.07212583720684052
0.073388010263443
0.0746694877743721
0.07597561180591583
0.07730469107627869
0.07868314534425735
0.08011963963508606
0.08149474114179611
0.08284561336040497
0.08418402820825577
0.08554781228303909
0.08691324293613434
0.08825225383043289
0.08955614268779755
0.0907217264175415
0.09165368974208832
0.09246128052473068
0.09325294941663742
0.09409362822771072
0.09498653560876846
0.09582383185625076
0.09666349738836288
0.09761584550142288
0.09843515604734421
0.09915552288293839
0.09997668117284775
0.10132664442062378
0.10388363152742386
0.10655217617750168
0.10779774934053421
0.10865432024002075
0.10747922956943512
0.10352137684822083
0.0997597798705101
0.09606152027845383
0.09239712357521057
0.08896190673112869
0.08574783056974411
0.08260377496480942
0.07945400476455688
0.07696069777011871
0.07635410875082016
0.07761475443840027
