1499.9998779296875
1500.0
1500.0
1500.0
1500.0
1500.0
1500.0
1500.0
1500.0
1500.0
1500.0
1500.0
1500.0
1500.0
1499.9940185546875
1500.0
1500.0
1500.0
1500.0
1500.0
1500.0
1500.0
1500.0
1500.0
1500.0
1500.0
1500.0
1500.0
1500.0
1500.0
1500.0
1500.0
99.98907470703125
100.0
99.99992370605469
100.0
100.0
100.0
1499.999755859375
1500.0
1500.0
1500.0
1500.0
1500.0
1500.0
1500.0
1500.0
1500.0
1500.0
1500.0
1500.0
1500.0
1500.0
1500.0
1500.0
1500.0
1483.391845703125
1441.78955078125
1402.6339111328125
1363.358154296875
1323.6715087890625
1283.4622802734375
1242.856201171875
1202.0120849609375
1161.2843017578125
1120.9552001953125
1081.1748046875
1042.04931640625
1003.8516845703125
966.9237670898438
931.1530151367188
896.3670654296875
862.912353515625
830.8304443359375
800.1375122070312
770.6810302734375
742.3949584960938
715.1650390625
688.9503784179688
663.7212524414062
639.4354248046875
616.0428466796875
593.4514770507812
571.735107421875
550.8598022460938
530.7166137695312
511.2310791015625
492.399658203125
474.24932861328125
456.81396484375
440.0600891113281
424.0158996582031
