1500.0
1500.0
1500.0
1500.0
1500.0
1500.0
1500.0
1500.0
1500.0
1499.9998779296875
1500.0
1500.0
1500.0
1500.0
1500.0
1500.0
1500.0
1500.0
1500.0
1500.0
1500.0
1500.0
1500.0
1500.0
1500.0
1500.0
1500.0
1500.0
1500.0
1500.0
1500.0
1500.0
1500.0
100.0
100.0
100.0
100.0
100.0
100.0
100.0
1500.0
1500.0
1500.0
1500.0
1500.0
1500.0
1500.0
1500.0
1500.0
1500.0
1500.0
1500.0
1500.0
1500.0
1500.0
1500.0
1500.0
1500.0
1500.0
1407.995849609375
1279.8043212890625
1189.3873291015625
1163.0985107421875
1142.489013671875
1095.523681640625
1044.029052734375
992.1505126953125
942.3233642578125
893.2734985351562
843.6310424804688
804.2716674804688
779.7457275390625
754.5343017578125
728.1216430664062
702.0439453125
673.4573974609375
647.003173828125
639.8590698242188
618.8345947265625
588.3154296875
564.4072265625
545.0354614257812
528.219482421875
513.0973510742188
498.67999267578125
485.14666748046875
472.3525085449219
460.1154479980469
448.3281555175781
436.94024658203125
426.70050048828125
418.97528076171875
411.39117431640625
403.7315673828125
395.9423828125
