0.045318908989429474
0.053337182849645615
0.05466192588210106
0.05552581697702408
0.05597573518753052
0.056356996297836304
0.05678398907184601
0.05716908350586891
0.057374559342861176
0.057529907673597336
0.05767442286014557
0.05788387358188629
0.058081381022930145
0.05828582122921944
0.05844293162226677
0.05858423933386803
0.05874016135931015
0.058897946029901505
0.05907467007637024
0.05928393825888634
0.059515710920095444
0.05981568992137909
0.06022598594427109
0.060735221952199936
0.061339426785707474
0.062020596116781235
0.06281179934740067
0.06368456035852432
0.06463444232940674
0.0656348243355751
0.06666315346956253
0.06773106753826141
0.0039758626371622086
0.003985477611422539
0.003982890862971544
0.003935301210731268
0.003892281325533986
0.0038540230598300695
0.0038165291771292686
0.06255806982517242
0.06424450874328613
0.06516186892986298
0.06746028363704681
0.06950421631336212
0.07141470164060593
0.0732627734541893
0.07509493827819824
0.07694359123706818
0.07879859954118729
0.08069487661123276
0.08265936374664307
0.08470795303583145
0.08679239451885223
0.08897766470909119
0.09129577875137329
0.0929945707321167
0.09455173462629318
0.09620451927185059
0.09792955219745636
0.09978864341974258
0.10243591666221619
0.10530649870634079
0.10801205784082413
0.11061933636665344
0.11320344358682632
0.11568554490804672
0.11810668557882309
0.12055530399084091
0.12303539365530014
0.12550146877765656
0.12790217995643616
0.12834234535694122
0.12417170405387878
0.12029951810836792
0.11664129793643951
0.1131182536482811
0.1097099632024765
0.10641195625066757
0.10321194678544998
0.10010232031345367
0.0971822515130043
0.09438368678092957
0.0916905552148819
0.08909496665000916
0.08658017963171005
0.08414149284362793
0.08176719397306442
0.0794597864151001
0.07724660634994507
0.07511443644762039
0.07306253910064697
0.07106606662273407
0.06913097202777863
0.06725980341434479
