0.1606440395116806
0.16307036578655243
0.18005813658237457
0.1975848227739334
0.21054942905902863
0.2193964123725891
0.22118528187274933
0.2231302112340927
0.22470219433307648
0.22571530938148499
0.22639261186122894
0.22703233361244202
0.22767627239227295
0.22831271588802338
0.2291996031999588
0.22995252907276154
0.23047412931919098
0.23095588386058807
0.23150724172592163
0.23216943442821503
0.23292654752731323
0.233597069978714
0.2342081218957901
0.2350715696811676
0.23620904982089996
0.2375856637954712
0.23919667303562164
0.24110516905784607
0.24331910908222198
0.24868880212306976
0.25563353300094604
0.2631953954696655
0.02370978519320488
0.020064473152160645
0.018638266250491142
0.01781931146979332
0.01745517924427986
0.017328044399619102
0.24559463560581207
0.25762537121772766
0.264786034822464
0.2785583734512329
0.29262593388557434
0.30660340189933777
0.32047173380851746
0.33423376083374023
0.3479226231575012
0.36111968755722046
0.37364909052848816
0.3859066069126129
0.3985704481601715
0.41096261143684387
0.4220009744167328
0.4453471899032593
0.490148663520813
0.5512855052947998
0.6317335367202759
0.680385947227478
0.7372525334358215
0.8899276256561279
1.0353881120681763
1.1948519945144653
13.996162414550781
32.17702865600586
46.032840728759766
57.955562591552734
67.82417297363281
76.6242904663086
84.78626251220703
92.66099548339844
100.14027404785156
107.85603332519531
116.47702026367188
127.42664337158203
133.77059936523438
136.786865234375
139.63978576660156
141.94229125976562
143.5707244873047
144.74607849121094
145.5948028564453
146.6109161376953
147.6307830810547
148.64697265625
149.298828125
149.56044006347656
149.5976104736328
149.5179901123047
149.35394287109375
149.49420166015625
149.5409393310547
168.49436950683594
189.6499481201172
191.61553955078125
