6.939651012420654
7.780413627624512
9.680936813354492
11.953969955444336
14.011443138122559
13.866839408874512
13.462889671325684
12.932581901550293
12.981682777404785
13.475564002990723
14.294174194335938
15.225582122802734
15.931737899780273
16.470827102661133
16.983497619628906
17.715059280395508
18.40936279296875
19.210573196411133
20.450532913208008
22.131881713867188
24.337114334106445
27.40254783630371
31.802204132080078
37.98508071899414
46.98991394042969
59.74716567993164
73.06525421142578
88.9971923828125
108.41019439697266
131.07449340820312
156.2145538330078
183.18727111816406
8.206778526306152
5.7600507736206055
6.0858988761901855
6.170494079589844
6.261542797088623
6.339191436767578
125.59325408935547
158.2696990966797
210.26219177246094
313.4404602050781
352.81097412109375
388.73040771484375
427.51287841796875
467.6523742675781
507.7896728515625
547.6506958007812
584.5342407226562
600.0764770507812
614.0182495117188
626.488037109375
637.9525756835938
648.0406494140625
656.1649780273438
662.831298828125
667.9918823242188
671.7721557617188
674.38427734375
675.9902954101562
676.715576171875
676.79931640625
676.2444458007812
674.9085083007812
672.644287109375
669.6221923828125
664.7290649414062
659.5006103515625
654.3676147460938
649.178466796875
643.9080810546875
638.6116333007812
633.30517578125
627.4595947265625
621.595458984375
615.80126953125
610.0473022460938
604.2575073242188
598.4849243164062
592.7874755859375
587.1978149414062
581.7310180664062
576.4573364257812
571.3668212890625
566.4434204101562
561.6782836914062
557.0392456054688
552.5552368164062
548.2800903320312
544.1717529296875
540.1670532226562
536.2728271484375
532.5106201171875
