0.03713594377040863
0.03957948833703995
0.04465620219707489
0.04981198161840439
0.051029447466135025
0.051244236528873444
0.05139517784118652
0.051543835550546646
0.05168545991182327
0.051906511187553406
0.05219413340091705
0.052391231060028076
0.052541036158800125
0.05271473526954651
0.05297347530722618
0.053264375776052475
0.053537555038928986
0.053799670189619064
0.05409903824329376
0.05451522767543793
0.05503303185105324
0.055641982704401016
0.05631783604621887
0.0570482574403286
0.057831961661577225
0.0586918480694294
0.05964713171124458
0.0606764554977417
0.06177395209670067
0.06294670701026917
0.06422261893749237
0.06558667868375778
0.00377658405341208
0.0037214942276477814
0.003728039562702179
0.003742056433111429
0.0037502313498407602
0.003746854607015848
0.06295516341924667
0.06349936872720718
0.06401297450065613
0.06517531722784042
0.06657128036022186
0.06819238513708115
0.07000962644815445
0.07199811935424805
0.074117511510849
0.07634568214416504
0.0787399485707283
0.08122202754020691
0.08322389423847198
0.08519550412893295
0.08719027787446976
0.08888625353574753
0.09038154035806656
0.09182634949684143
0.0932098925113678
0.09387073665857315
0.09448820352554321
0.0956076979637146
0.09660458564758301
0.09753917157649994
0.09856123477220535
0.09985797852277756
0.10112664103507996
0.10236325114965439
0.10355567187070847
0.10463353991508484
0.10572654753923416
0.10689056664705276
0.10805502533912659
0.10926195234060287
0.11044823378324509
0.11153005808591843
0.11256472766399384
0.11374104768037796
0.1153065487742424
0.1169142797589302
0.11836988478899002
0.11951717734336853
0.11586775630712509
0.11255868524312973
0.10946577042341232
0.1064385324716568
0.10346440970897675
0.10053045302629471
0.09766950458288193
0.09489148110151291
0.09229059517383575
0.08978928625583649
0.0872880145907402
0.08470312505960464
0.08221299201250076
0.07993622124195099
