0.006611518561840057
0.007228288799524307
0.007993646897375584
0.008712143637239933
0.009319419041275978
0.009794904850423336
0.00992012582719326
0.009995546191930771
0.010094081982970238
0.010184920392930508
0.010250827297568321
0.010326512157917023
0.01040653232485056
0.010483656078577042
0.01056649535894394
0.010657443664968014
0.010759185999631882
0.010878635570406914
0.011023079976439476
0.011189774610102177
0.01137711014598608
0.011587184853851795
0.011823315173387527
0.012086830101907253
0.0123726986348629
0.012676149606704712
0.012975117191672325
0.013245590962469578
0.01353419478982687
0.013835718855261803
0.01415263582020998
0.014491919428110123
0.0008848037687130272
0.0008225401979871094
0.0008205250487662852
0.000826782314106822
0.0008352057193405926
0.0008438836084678769
0.014676284976303577
0.01514811534434557
0.015346058644354343
0.015494859777390957
0.01566838100552559
0.015928147360682487
0.016270603984594345
0.016680078580975533
0.0171539057046175
0.017685333266854286
0.018203292042016983
0.01873907260596752
0.019293222576379776
0.019819682464003563
0.02034050039947033
0.020878657698631287
0.0214170441031456
0.02195477858185768
0.022492069751024246
0.023023568093776703
0.023545099422335625
0.02404911257326603
0.02454029954969883
0.025016235187649727
0.02547483891248703
0.025917574763298035
0.026344621554017067
0.02675536647439003
0.027150966227054596
0.027533354237675667
0.027910517528653145
0.02829884923994541
0.02868957631289959
0.02908119559288025
0.02946903184056282
0.029851384460926056
0.030232815071940422
0.030600907281041145
0.030945321545004845
0.03126861900091171
0.031562961637973785
0.03182646259665489
0.03205452114343643
0.032249823212623596
0.03241122141480446
0.032546598464250565
0.03265182673931122
0.032724615186452866
0.032769493758678436
0.03278575837612152
0.03277387097477913
0.03273827210068703
0.032679762691259384
0.03259887546300888
0.03210825473070145
