2081.1328125
2060.77197265625
2033.5616455078125
2011.9613037109375
2014.18701171875
2003.2611083984375
2000.1226806640625
2032.8922119140625
2072.658447265625
2094.227783203125
2112.387451171875
2116.64697265625
2119.034423828125
2124.604248046875
2130.464599609375
2140.063720703125
2158.88232421875
2183.3974609375
2212.62060546875
2250.3330078125
2294.82275390625
2349.36083984375
2419.489501953125
2505.541259765625
2606.74658203125
2723.26904296875
2856.035400390625
3004.14013671875
3170.159912109375
3355.6298828125
3559.592041015625
3779.802490234375
159.61166381835938
156.27151489257812
162.50254821777344
172.97842407226562
182.64002990722656
190.4276580810547
3987.040283203125
4272.01025390625
4388.0126953125
4524.21826171875
4703.41552734375
4916.857421875
5158.56787109375
5422.93408203125
5709.419921875
6023.2119140625
6360.95068359375
6717.50732421875
7104.0009765625
7552.80322265625
7993.47802734375
8442.5244140625
8935.12890625
9407.2109375
9891.2451171875
10363.4228515625
10827.25390625
11276.6171875
11710.76953125
12133.2314453125
12552.052734375
12970.9970703125
13385.607421875
13793.2587890625
14193.578125
14583.6669921875
14960.33984375
15321.1376953125
15669.2001953125
16005.5537109375
16331.6123046875
16648.98828125
16953.744140625
17245.58984375
17518.328125
17776.1328125
18017.73828125
18255.26171875
18462.892578125
18638.953125
18791.58984375
18919.390625
19023.74609375
19106.279296875
19163.705078125
19190.74609375
19189.26171875
19164.453125
19117.609375
19050.044921875
