2066.329833984375
2030.6973876953125
2022.4652099609375
2060.583251953125
2047.238037109375
2045.5650634765625
2050.6533203125
2049.70751953125
2058.517333984375
2066.070068359375
2070.21142578125
2086.12841796875
2097.88623046875
2106.683349609375
2112.439697265625
2116.8583984375
2126.424072265625
2136.802978515625
2148.9150390625
2166.44189453125
2191.6103515625
2223.00830078125
2256.990478515625
2298.43994140625
2342.49365234375
2390.35205078125
2447.836669921875
2518.64306640625
2601.864013671875
2694.99951171875
2794.84912109375
2900.519287109375
121.02943420410156
122.72362518310547
123.51244354248047
123.87286376953125
124.14270782470703
124.36600494384766
2044.373046875
2446.772705078125
2765.264892578125
3029.555419921875
3279.15087890625
3534.243408203125
3801.27490234375
4084.530517578125
4385.599609375
4689.7919921875
4996.0888671875
5295.34912109375
5583.990234375
5870.45751953125
5776.73828125
5692.27001953125
5623.51513671875
5544.58984375
5457.28564453125
5361.27197265625
5258.29345703125
5154.6630859375
5047.14306640625
4935.4912109375
4820.89404296875
4705.53955078125
4598.49072265625
4489.0244140625
4379.189453125
4270.2861328125
4160.794921875
4051.287109375
3943.060302734375
3834.72802734375
3725.010498046875
3617.4853515625
3512.920654296875
3410.188232421875
3306.77294921875
3200.534912109375
3092.607177734375
2987.17822265625
2884.133544921875
2780.9892578125
2689.00341796875
2609.28662109375
2536.1552734375
2466.84228515625
2399.996826171875
2337.060302734375
2279.115478515625
2228.8974609375
2188.56201171875
2148.07275390625
