2023.8135986328125
2413.581298828125
2375.662841796875
2286.101806640625
2207.893310546875
2153.3310546875
2116.4345703125
2094.221923828125
2093.719970703125
2094.136474609375
2112.50439453125
2142.232666015625
2169.75146484375
2188.793212890625
2201.314697265625
2207.722412109375
2218.013671875
2232.725341796875
2249.314453125
2266.506591796875
2285.476806640625
2305.682861328125
2325.150146484375
2343.637451171875
2367.5927734375
2404.763671875
2458.6669921875
2530.672119140625
2617.625
2716.27392578125
2824.60205078125
2941.12158203125
103.31962585449219
101.69728088378906
104.33155822753906
104.99823760986328
105.65719604492188
106.30281066894531
1868.1224365234375
2971.5791015625
3298.91357421875
3401.857666015625
3486.765380859375
3594.345947265625
3725.41357421875
3852.61865234375
3878.459228515625
3923.879638671875
3976.884033203125
4031.241455078125
4084.87890625
4138.458984375
4191.03076171875
4238.71533203125
4293.91943359375
4339.74853515625
4379.71044921875
4417.845703125
4449.638671875
4477.2841796875
4517.56640625
4558.72509765625
4593.7294921875
4629.51806640625
4653.2470703125
4670.875
4681.80322265625
4685.70703125
4683.27197265625
4668.96875
4641.9365234375
4605.03466796875
4560.00048828125
4507.3994140625
4448.63134765625
4384.591796875
4315.8056640625
4242.87548828125
4166.48583984375
4085.994140625
4002.8837890625
3917.57275390625
3830.31298828125
3741.23486328125
3650.76318359375
3559.331787109375
3467.483642578125
3376.034423828125
3285.216064453125
3195.41162109375
3105.734619140625
3016.751953125
