2085.0
2061.169677734375
2030.232177734375
2053.003173828125
2061.515625
2070.91650390625
2063.11669921875
2057.027099609375
2053.691650390625
2052.6826171875
2048.888671875
2044.61572265625
2059.16552734375
2047.9669189453125
2012.0477294921875
1973.8193359375
1940.8271484375
1910.8995361328125
1880.738525390625
1860.75048828125
1840.0369873046875
1820.2567138671875
1796.287841796875
1773.7735595703125
1753.600830078125
1737.2301025390625
1720.349609375
1705.2508544921875
1693.665283203125
1683.4188232421875
1672.434814453125
1660.6513671875
118.87865447998047
120.32672119140625
121.45455932617188
122.34657287597656
122.96194458007812
123.4940185546875
1575.9979248046875
1540.4317626953125
1608.996826171875
1638.743896484375
1639.70458984375
1641.525146484375
1647.449462890625
1659.77099609375
1702.5792236328125
1740.0648193359375
1775.2177734375
1817.74365234375
1862.4534912109375
1904.6224365234375
1942.979248046875
1977.9190673828125
2009.7337646484375
2038.5736083984375
2065.655029296875
2091.97900390625
2119.402099609375
2146.788330078125
2173.65185546875
2199.65576171875
2224.027587890625
2247.509765625
2270.53662109375
2292.48828125
2312.189697265625
2328.697021484375
2341.46630859375
2350.460693359375
2355.8134765625
2358.154541015625
2358.1640625
2357.575927734375
2355.584228515625
2352.06640625
2347.12158203125
2341.0986328125
2334.267578125
2325.91064453125
2315.915283203125
2304.2685546875
2291.028564453125
2276.156494140625
2259.560546875
2241.2919921875
2221.272705078125
2199.5439453125
2176.204833984375
2151.561279296875
2125.9912109375
2099.700927734375
