2049.547607421875
2003.562255859375
2129.552490234375
2191.20849609375
2142.240234375
2124.6923828125
2143.087158203125
2151.369873046875
2172.034423828125
2194.162841796875
2211.7314453125
2233.13720703125
2259.1953125
2292.55615234375
2329.444580078125
2368.67431640625
2412.198486328125
2462.249755859375
2526.0380859375
2609.996826171875
2713.5830078125
2833.460693359375
2966.100830078125
3109.99560546875
3263.61083984375
3425.68115234375
3594.9775390625
3771.1630859375
3954.123291015625
4143.51171875
4338.25732421875
4535.8740234375
130.68682861328125
125.18696594238281
126.70804595947266
129.0812530517578
131.51454162597656
132.9276885986328
4247.15771484375
5382.875
5678.45703125
5836.1865234375
5971.23486328125
6106.0478515625
6248.87158203125
6403.67138671875
6573.42431640625
6764.54931640625
6997.00341796875
7241.43017578125
7516.3349609375
7839.6689453125
8197.55078125
8577.4697265625
8977.974609375
9394.2060546875
9487.3583984375
9551.9990234375
9627.435546875
9702.8291015625
9774.0888671875
9836.4375
9886.6103515625
9923.0625
9944.677734375
9950.1337890625
9939.5791015625
9914.17578125
9873.3583984375
9819.08203125
9753.572265625
9676.85546875
9593.001953125
9503.60546875
9408.359375
9307.6728515625
9201.8330078125
9091.349609375
8976.4345703125
8857.1201171875
8734.0732421875
8606.6318359375
8476.2041015625
8342.4951171875
8206.095703125
8068.14697265625
7928.98046875
7789.85009765625
7650.55810546875
7511.087890625
7371.056640625
7230.40576171875
