2085.072509765625
2059.715087890625
2032.52392578125
2032.68896484375
2021.3846435546875
2036.825927734375
2033.0819091796875
2046.62939453125
2052.993408203125
2053.610107421875
2060.593994140625
2066.74609375
2067.01611328125
2077.685791015625
2106.133544921875
2132.718994140625
2159.565185546875
2181.31591796875
2197.9326171875
2214.220703125
2230.19482421875
2256.02197265625
2286.755615234375
2333.33154296875
2396.05224609375
2468.566650390625
2546.411376953125
2630.352783203125
2722.475341796875
2823.95068359375
2933.460205078125
3047.076904296875
145.02713012695312
140.44898986816406
138.07305908203125
136.18763732910156
134.44931030273438
133.0192413330078
2562.408935546875
2744.317138671875
2853.772705078125
3034.994140625
3192.8017578125
3352.673828125
3519.29931640625
3693.292724609375
3873.177001953125
4057.15087890625
4243.64208984375
4430.34912109375
4615.2109375
4797.02392578125
4976.009765625
5156.310546875
5341.5361328125
5531.35595703125
5740.82080078125
5962.58837890625
6176.2939453125
6378.517578125
6568.4150390625
6742.2197265625
6894.63134765625
7017.14453125
7116.2431640625
7194.6435546875
7255.72607421875
7305.76513671875
7345.6240234375
7374.4599609375
7393.1025390625
7405.3271484375
7411.673828125
7412.6904296875
7403.2236328125
7394.0712890625
7390.58056640625
7389.54638671875
7389.03369140625
7387.68896484375
7389.74365234375
7398.0751953125
7257.56103515625
6995.88232421875
6751.7451171875
6516.22216796875
6288.5263671875
6070.2041015625
5864.96533203125
5678.30908203125
5511.11962890625
5362.296875
5220.99755859375
