2007.025634765625
2841.60009765625
3116.470947265625
2610.52197265625
2484.39013671875
2428.985595703125
2333.373046875
2260.269775390625
2216.410400390625
2188.760498046875
2173.20263671875
2173.103515625
2179.015625
2184.441650390625
2186.447021484375
2188.6728515625
2194.016357421875
2202.3251953125
2210.42822265625
2218.451171875
2226.72412109375
2233.671875
2238.94091796875
2242.799560546875
2247.6298828125
2223.286376953125
2210.692138671875
2206.81787109375
2215.499267578125
2237.576171875
2269.63525390625
2305.60498046875
92.50839233398438
85.06964111328125
86.09568786621094
86.71052551269531
87.49005889892578
88.280029296875
1488.56787109375
2351.06298828125
2522.817138671875
2516.8896484375
2561.39599609375
2606.14404296875
2646.448486328125
2685.55810546875
2725.0537109375
2765.462158203125
2806.22998046875
2846.134765625
2883.888671875
2918.853515625
2950.798095703125
2979.572509765625
3009.8193359375
3036.652099609375
3058.685546875
3077.2294921875
3091.98291015625
3105.275634765625
3115.65771484375
3133.19384765625
3144.4345703125
3150.618408203125
3151.978515625
3149.517333984375
3146.022705078125
3143.776611328125
3132.28369140625
3107.376220703125
3081.9140625
3050.482421875
3015.40087890625
2977.881103515625
2937.032470703125
2893.622802734375
2846.715087890625
2794.517822265625
2738.413818359375
2680.187255859375
2620.603271484375
2560.4931640625
2500.216064453125
2439.731689453125
2379.08056640625
2319.4189453125
2260.94091796875
2203.598876953125
2147.13623046875
2091.205810546875
2035.720703125
1981.03369140625
