2085.03271484375
2065.889404296875
2036.172119140625
2011.6702880859375
1995.330322265625
2029.50390625
2044.6436767578125
2041.662353515625
2033.628662109375
2040.701416015625
2057.875
2063.3349609375
2072.6416015625
2079.445068359375
2093.88037109375
2111.8916015625
2127.936279296875
2142.532470703125
2159.450439453125
2174.548828125
2189.716064453125
2206.6396484375
2225.184326171875
2242.430908203125
2257.4755859375
2273.87939453125
2298.45849609375
2335.06787109375
2381.738037109375
2435.4423828125
2493.822265625
2558.25244140625
124.14602661132812
125.79560852050781
126.74166870117188
127.30806732177734
127.66975402832031
127.9239730834961
1843.38134765625
2220.862548828125
2540.36328125
2737.008544921875
2887.72265625
3026.52294921875
3167.43212890625
3313.719482421875
3463.0205078125
3614.32080078125
3766.19970703125
3918.901611328125
4070.95458984375
4218.76708984375
4360.376953125
4495.908203125
4627.05419921875
4756.75537109375
4887.033203125
5017.98486328125
5149.5654296875
5282.38134765625
5416.99609375
5553.84130859375
5698.578125
5859.2880859375
6016.197265625
6173.98583984375
6326.59423828125
6475.109375
6617.40576171875
6750.55517578125
6894.03466796875
7018.7646484375
7125.80078125
7224.78466796875
7312.29345703125
7388.8505859375
7449.53759765625
7495.30029296875
7533.1259765625
7564.34912109375
7595.07470703125
7627.72265625
7671.4150390625
7703.95068359375
7725.599609375
7741.52978515625
7763.1015625
7781.076171875
7789.98291015625
7806.28076171875
7865.638671875
7912.81494140625
