2084.434326171875
2062.74755859375
2037.684326171875
2019.121337890625
2006.7513427734375
1996.4359130859375
2046.8516845703125
2043.2415771484375
2041.7760009765625
2039.055419921875
2034.59619140625
2054.3681640625
2079.52490234375
2101.841796875
2118.876953125
2139.51220703125
2162.612548828125
2189.1181640625
2212.674072265625
2236.751220703125
2266.464111328125
2308.560791015625
2373.135009765625
2458.52392578125
2559.7099609375
2674.394287109375
2800.220947265625
2934.91455078125
3078.093017578125
3229.72802734375
3389.7216796875
3556.18701171875
130.71937561035156
129.80030822753906
133.9173126220703
142.44764709472656
150.0232696533203
156.40721130371094
3731.5771484375
3966.500244140625
4041.962646484375
4110.701171875
4207.001953125
4336.33984375
4496.75341796875
4684.29150390625
4894.91015625
5122.720703125
5362.251953125
5610.81396484375
5878.087890625
6148.1455078125
6422.26904296875
6705.7900390625
6996.21826171875
7294.1826171875
7641.47021484375
8002.7021484375
8353.662109375
8706.021484375
9044.2119140625
9367.544921875
9676.5830078125
9974.111328125
10259.9306640625
10538.404296875
10806.9501953125
11062.0283203125
11304.3642578125
11532.1611328125
11746.9775390625
11946.2529296875
12127.765625
12291.708984375
12438.388671875
12569.603515625
12686.2841796875
12788.5048828125
12875.83984375
12946.759765625
13000.1259765625
13034.4013671875
13052.259765625
13051.8203125
13036.5537109375
13007.86328125
12962.08984375
12904.8916015625
12840.267578125
12770.7978515625
12697.001953125
12618.7958984375
