2074.581298828125
2041.98291015625
2004.7137451171875
2012.9068603515625
2042.2843017578125
2050.556884765625
2069.697021484375
2079.890869140625
2089.770263671875
2089.259521484375
2090.22021484375
2098.07275390625
2112.12353515625
2141.268310546875
2164.704345703125
2182.512451171875
2196.65625
2206.729248046875
2218.5078125
2234.436279296875
2258.493896484375
2293.60205078125
2341.200927734375
2398.704345703125
2462.644775390625
2532.6240234375
2610.83935546875
2698.45166015625
2795.991943359375
2901.51513671875
3011.713623046875
3132.277099609375
119.66290283203125
121.69146728515625
122.54874420166016
122.66032409667969
122.7651596069336
122.86512756347656
2272.090576171875
2979.045654296875
3210.972412109375
3368.15771484375
3544.35546875
3752.608642578125
3983.865234375
4226.57861328125
4470.37939453125
4711.50927734375
4947.2998046875
5174.0791015625
5386.07568359375
5578.73486328125
5760.85986328125
5939.73095703125
6114.103515625
6313.92041015625
6505.2373046875
6689.40087890625
6866.5576171875
7047.73876953125
7218.89501953125
7374.83837890625
7528.755859375
7667.2373046875
7800.970703125
7920.25732421875
8044.07861328125
8174.88525390625
8286.70703125
8371.732421875
8432.439453125
8482.7353515625
8532.837890625
8588.552734375
8637.708984375
8680.2470703125
8722.5869140625
8758.2421875
8787.0849609375
8797.2919921875
8806.7158203125
8832.0458984375
8872.15234375
8729.1591796875
8344.615234375
8008.89990234375
7689.82177734375
7378.505859375
7071.30126953125
6795.9755859375
6540.69873046875
6292.17724609375
