2082.75390625
2061.968017578125
2035.141845703125
2014.3095703125
2000.6881103515625
2007.430419921875
2003.0738525390625
2036.83349609375
2050.04345703125
2078.10546875
2113.630126953125
2131.69384765625
2142.120849609375
2155.2236328125
2173.265869140625
2195.84765625
2222.88232421875
2249.41357421875
2285.546875
2334.947265625
2408.4287109375
2513.41357421875
2647.261474609375
2805.54443359375
2985.5048828125
3183.75244140625
3395.716552734375
3617.19482421875
3845.0009765625
4085.34765625
4336.14208984375
4598.19091796875
214.61001586914062
220.38645935058594
231.90245056152344
241.28292846679688
248.9754180908203
256.1243896484375
5141.00341796875
5718.61279296875
5957.2978515625
6073.10107421875
6184.15869140625
6335.57763671875
6535.01318359375
6779.99853515625
7076.67333984375
7442.61279296875
7839.31787109375
8288.1630859375
8782.2841796875
9256.6025390625
9749.5068359375
10265.6083984375
10797.0791015625
11336.0751953125
11877.8212890625
12425.53515625
12974.3837890625
13515.5556640625
14046.0322265625
14568.0615234375
15081.20703125
15582.25390625
16070.1875
16545.322265625
17002.068359375
17437.041015625
17847.732421875
18238.794921875
18607.4921875
18958.33984375
19279.875
19564.9921875
19809.1015625
20021.64453125
20189.123046875
20320.01171875
20428.447265625
20537.52734375
20605.74609375
20639.771484375
20659.638671875
20663.591796875
20647.642578125
20618.421875
20571.365234375
20003.1015625
19290.6640625
18680.359375
18114.0703125
17578.720703125
