2072.936279296875
2040.1807861328125
2008.5413818359375
2005.181640625
2063.65087890625
2052.04541015625
2078.38623046875
2086.887939453125
2087.33251953125
2097.044677734375
2109.02294921875
2124.111572265625
2133.18310546875
2142.431396484375
2156.2060546875
2175.427001953125
2197.458984375
2224.580810546875
2260.4833984375
2298.027587890625
2333.12548828125
2366.683837890625
2397.85498046875
2429.892333984375
2467.6708984375
2515.396240234375
2574.3583984375
2644.158935546875
2725.603271484375
2817.888671875
2919.1142578125
3027.569580078125
124.11903381347656
124.312255859375
125.44537353515625
125.64479064941406
125.78223419189453
125.88379669189453
1982.031494140625
2693.70263671875
3038.0029296875
3255.59912109375
3424.630615234375
3576.84033203125
3728.225341796875
3887.158935546875
4056.956787109375
4236.6357421875
4424.87841796875
4620.4990234375
4823.07958984375
5031.6748046875
5244.9072265625
5461.6806640625
5681.5634765625
5905.64306640625
6131.8173828125
6371.41650390625
6626.43408203125
6882.455078125
7127.5185546875
7375.43701171875
7613.37060546875
7841.806640625
8063.27392578125
8268.37890625
8458.669921875
8635.1552734375
8799.5380859375
8953.517578125
9099.34765625
9234.576171875
9357.166015625
9464.8466796875
9558.99609375
9641.3564453125
9715.662109375
9783.52734375
9845.8173828125
9832.54296875
9521.88671875
9248.5478515625
8993.638671875
8748.681640625
8509.724609375
8275.4833984375
8045.23291015625
7818.86279296875
7596.5087890625
7378.07421875
7163.20849609375
6951.330078125
