2085.0908203125
2060.670166015625
2032.978759765625
2033.6917724609375
2019.36181640625
2037.173583984375
2031.7685546875
2044.080322265625
2054.163330078125
2054.326171875
2060.58154296875
2069.242919921875
2069.702392578125
2076.7978515625
2102.648681640625
2129.213134765625
2156.7890625
2181.615478515625
2201.017822265625
2218.61669921875
2234.71826171875
2259.222900390625
2286.788818359375
2327.216064453125
2383.69189453125
2453.032958984375
2528.85595703125
2610.259033203125
2699.52001953125
2797.544921875
2904.866455078125
3017.4736328125
144.6209716796875
140.07037353515625
137.73326110839844
135.8594970703125
134.0482635498047
132.55612182617188
2501.174072265625
2702.052001953125
2803.9501953125
2992.396240234375
3154.86376953125
3316.56494140625
3482.87744140625
3654.51123046875
3830.860595703125
4010.716064453125
4192.912109375
4375.60107421875
4557.35009765625
4736.458984375
4912.90966796875
5087.31298828125
5266.3203125
5452.3369140625
5641.74267578125
5864.3291015625
6081.52001953125
6286.58056640625
6482.046875
6663.11328125
6830.5107421875
6971.25048828125
7083.2294921875
7173.58203125
7242.43603515625
7295.22412109375
7334.96923828125
7367.78466796875
7396.1796875
7417.21484375
7429.9375
7437.177734375
7437.36474609375
7424.537109375
7412.27587890625
7408.380859375
7408.9150390625
7408.27392578125
7408.1044921875
7407.8671875
7408.78076171875
7415.794921875
7227.7294921875
6971.57421875
6733.8017578125
6502.54052734375
6275.86328125
6060.6611328125
5861.49267578125
5676.90478515625
5508.2724609375
5354.26171875
