2342.22900390625
2748.9599609375
2674.403564453125
3172.61669921875
2994.80908203125
2806.250732421875
2516.334228515625
2301.76171875
2160.293701171875
2058.54833984375
1975.0306396484375
1906.73681640625
1850.6715087890625
1802.64306640625
1761.9088134765625
1728.095947265625
1700.3629150390625
1677.4122314453125
1658.4276123046875
1643.151123046875
1631.954833984375
1623.4288330078125
1618.307861328125
1618.1630859375
1623.6036376953125
1635.41357421875
1652.8165283203125
1674.5010986328125
1699.527099609375
1727.31103515625
1756.9481201171875
1787.562255859375
1818.59326171875
94.67948913574219
95.378662109375
94.6736068725586
98.24483489990234
99.90978240966797
100.34258270263672
1808.0245361328125
1948.61572265625
1925.89990234375
1972.932373046875
2107.313232421875
2184.5966796875
2200.979736328125
2187.449951171875
2165.3193359375
2145.339111328125
2131.96923828125
2126.193603515625
2126.953857421875
2132.483154296875
2141.18017578125
2151.83447265625
2165.419189453125
2183.3916015625
2200.50537109375
2215.803955078125
2229.92529296875
2243.6455078125
2256.572265625
2268.302978515625
2278.908447265625
2288.63916015625
2298.039794921875
2304.73779296875
2308.777099609375
2313.311279296875
2314.726806640625
2313.39990234375
2311.0537109375
2307.91162109375
2303.33154296875
2298.342041015625
2290.930908203125
2281.6611328125
2270.585205078125
2257.769775390625
2243.750732421875
2228.569091796875
2212.3447265625
2195.39013671875
2178.075439453125
2160.521728515625
2142.831298828125
2125.017578125
2107.24267578125
2089.36865234375
2071.0322265625
2051.734375
2031.1441650390625
2020.543701171875
2009.6304931640625
1987.21923828125
1964.662109375
