2085.071044921875
2071.245849609375
2037.629150390625
2013.5595703125
2035.9766845703125
2048.748046875
2056.885009765625
2052.628173828125
2045.6409912109375
2046.3662109375
2047.1380615234375
2045.0594482421875
2044.1043701171875
2049.207763671875
2050.573486328125
2053.2451171875
2064.173583984375
2076.917236328125
2084.400634765625
2093.216796875
2108.395263671875
2124.37646484375
2137.21337890625
2149.531982421875
2176.9013671875
2213.50537109375
2256.39013671875
2304.05859375
2362.808837890625
2430.6640625
2515.15966796875
2627.988525390625
127.68658447265625
131.23728942871094
131.44569396972656
130.2703094482422
128.8846435546875
127.67942810058594
2324.267578125
2595.878173828125
2813.02001953125
3017.946533203125
3229.63525390625
3451.49267578125
3676.646240234375
3902.835205078125
4130.25537109375
4361.91845703125
4595.32470703125
4826.6708984375
5053.64501953125
5272.02490234375
5486.21435546875
5708.01953125
5959.88427734375
6243.7490234375
6552.046875
6753.3173828125
6950.509765625
7112.36767578125
7222.27880859375
7375.44482421875
7531.1806640625
7624.998046875
7688.21728515625
7765.07666015625
7832.84130859375
7873.36669921875
7917.90966796875
7984.9580078125
8071.330078125
8159.27880859375
8209.1640625
8220.28125
8241.455078125
8390.056640625
8604.8759765625
8162.9072265625
7504.5380859375
6980.6435546875
6653.2412109375
6328.79833984375
6034.919921875
5727.44677734375
5373.25244140625
5105.76708984375
4904.74462890625
4713.80615234375
4516.92529296875
4323.970703125
4138.48828125
3976.605712890625
