2041.90087890625
2001.2998046875
2085.505126953125
2076.24658203125
2107.757080078125
2103.8466796875
2104.211181640625
2107.279296875
2104.63232421875
2098.76611328125
2103.35595703125
2107.892822265625
2111.62939453125
2117.47509765625
2125.271484375
2136.38037109375
2155.6220703125
2176.466796875
2193.874755859375
2208.69482421875
2223.7705078125
2241.3603515625
2260.9150390625
2284.020751953125
2313.7041015625
2354.640869140625
2406.8056640625
2468.442626953125
2536.6220703125
2623.858642578125
2728.145263671875
2847.38818359375
119.45938873291016
117.26333618164062
116.92955780029297
117.39947509765625
117.96835327148438
118.40619659423828
1944.1043701171875
2474.96533203125
2896.69580078125
3211.126708984375
3474.10302734375
3713.233642578125
3942.66357421875
4166.0390625
4380.587890625
4596.46240234375
4815.21875
5036.89794921875
5265.6611328125
5494.9189453125
5730.19775390625
5995.05029296875
6212.52001953125
6433.7158203125
6650.66943359375
6853.05322265625
7032.1328125
6803.46484375
6528.92822265625
6320.380859375
6143.751953125
5976.228515625
5810.486328125
5647.53662109375
5493.46826171875
5338.251953125
5178.02294921875
5012.513671875
4857.43408203125
4711.3642578125
4570.57666015625
4434.3544921875
4307.16455078125
4185.78173828125
4063.851806640625
3936.98193359375
3807.4716796875
3677.700927734375
3548.53564453125
3424.223388671875
3306.22119140625
3193.194091796875
3079.974853515625
2966.025634765625
2854.792724609375
2745.33740234375
2641.140625
2547.022705078125
2456.247314453125
2369.8046875
