2054.2109375
2014.2581787109375
2127.295654296875
2245.88525390625
2193.757568359375
2191.911865234375
2228.310791015625
2257.21826171875
2275.04248046875
2287.17578125
2306.999755859375
2342.685546875
2385.703857421875
2433.6884765625
2489.506591796875
2559.666259765625
2653.498779296875
2770.79345703125
2910.015380859375
3068.906982421875
3245.410888671875
3437.948974609375
3645.13916015625
3865.66162109375
4098.80859375
4343.93603515625
4596.50439453125
4852.40576171875
5116.943359375
5387.66943359375
5665.6044921875
5955.5283203125
187.48666381835938
156.88983154296875
151.0281219482422
150.82321166992188
152.5016326904297
155.0078887939453
6043.57861328125
7379.04833984375
8009.70849609375
8251.5234375
8476.025390625
8737.7216796875
9059.6708984375
9397.943359375
9626.015625
9558.83203125
9536.763671875
9532.5
9534.5673828125
9533.373046875
9526.01953125
9509.9765625
9486.69140625
9451.4541015625
9402.4521484375
9337.65625
9260.8974609375
9172.6015625
9075.767578125
8972.626953125
8863.2958984375
8748.1474609375
8627.2119140625
8500.6083984375
8368.5400390625
8231.6201171875
8090.34912109375
7945.1435546875
7795.77392578125
7643.6669921875
7489.90380859375
7334.7060546875
7178.83984375
7022.595703125
6865.9794921875
6709.0849609375
6551.96533203125
6395.43798828125
6239.54638671875
6085.4140625
5934.81591796875
5787.45654296875
5643.44091796875
5501.81884765625
5361.92138671875
5224.1455078125
5090.71728515625
4961.7119140625
4836.6923828125
4715.60595703125
