2043.712646484375
1997.9483642578125
2187.503173828125
2712.293212890625
3193.786376953125
3589.751220703125
3861.44677734375
3830.425537109375
3644.82421875
3409.802001953125
3170.3251953125
2952.21240234375
2771.389404296875
2631.14306640625
2525.565185546875
2449.282958984375
2396.295166015625
2361.12353515625
2338.877197265625
2323.53564453125
2314.0595703125
2310.818603515625
2310.973876953125
2311.830810546875
2318.2294921875
2336.433837890625
2368.351806640625
2415.680419921875
2479.260986328125
2557.007080078125
2646.125244140625
2745.722412109375
2854.739990234375
2970.80224609375
81.21977233886719
78.22200775146484
78.8180160522461
79.30685424804688
79.73481750488281
80.37134552001953
1282.9859619140625
1445.2763671875
2504.843017578125
2998.5654296875
3268.052978515625
3563.249267578125
3947.671630859375
4228.6923828125
4310.1591796875
4050.135009765625
3915.791259765625
3848.39404296875
3810.459228515625
3784.822509765625
3764.79931640625
3746.449462890625
3726.931640625
3704.990234375
3680.138427734375
3653.33251953125
3622.646484375
3590.287353515625
3554.950439453125
3516.87744140625
3477.51123046875
3439.176513671875
3398.000244140625
3355.948486328125
3312.576904296875
3268.4951171875
3224.34814453125
3178.9677734375
3132.735595703125
3086.023681640625
3039.259521484375
2993.00341796875
2947.7646484375
2904.461181640625
2861.8154296875
2819.47705078125
2777.134033203125
2734.6806640625
2692.6279296875
2650.12158203125
2606.266357421875
2560.20751953125
2512.798828125
2465.837890625
2420.76123046875
2378.126708984375
2337.171630859375
2297.77294921875
2260.01318359375
2221.78759765625
2182.454833984375
