432.6186828613281
381.9026794433594
318.4342956542969
284.7116394042969
278.543212890625
285.90283203125
285.17218017578125
283.2198486328125
280.9344177246094
277.45428466796875
273.5759582519531
269.6616516113281
266.5495300292969
263.4501953125
260.3607177734375
257.2933349609375
256.1037292480469
255.8036346435547
255.66400146484375
256.2760314941406
258.8654479980469
263.4007568359375
269.2634582519531
275.8210144042969
282.62451171875
289.39447021484375
296.0125427246094
302.5043029785156
308.90985107421875
315.1868591308594
321.33294677734375
327.3563537597656
333.2971496582031
240.919677734375
246.86241149902344
257.7126770019531
268.8848571777344
278.6598815917969
286.7395935058594
369.2554016113281
372.8126525878906
373.51068115234375
373.8253479003906
373.9590148925781
374.017822265625
374.0233459472656
374.03118896484375
374.05352783203125
374.07086181640625
374.1141662597656
374.1888732910156
374.1280822753906
373.7648620605469
374.65447998046875
377.3479919433594
381.42022705078125
386.2505187988281
391.4716491699219
396.8273620605469
402.1741943359375
407.4080505371094
412.5002136230469
417.429443359375
422.11065673828125
426.6837158203125
431.14276123046875
435.45648193359375
439.73724365234375
444.50347900390625
451.6413879394531
464.5853576660156
475.0965576171875
483.8608093261719
491.4391174316406
498.1365661621094
504.2367858886719
510.002685546875
515.4005126953125
520.4072265625
525.0064697265625
529.2211303710938
533.990966796875
538.9183349609375
543.3427734375
547.2947998046875
550.7952880859375
553.8683471679688
556.5447387695312
558.852294921875
560.8963012695312
562.55859375
563.91845703125
564.9600830078125
565.7051391601562
566.1730346679688
566.3812866210938
566.3457641601562
566.082763671875
565.6118774414062
564.9730834960938
564.1655883789062
563.249267578125
562.2279052734375
561.079833984375
560.246826171875
559.8111572265625
