2023.9696044921875
1894.1531982421875
1668.7479248046875
1614.576904296875
1559.1776123046875
1495.367431640625
1451.624267578125
1414.3447265625
1388.7049560546875
1375.7274169921875
1367.2362060546875
1357.0281982421875
1346.537841796875
1338.6014404296875
1331.5177001953125
1324.1802978515625
1316.8670654296875
1310.81982421875
1307.3304443359375
1308.7000732421875
1317.189208984375
1335.830322265625
1364.422607421875
1401.4873046875
1445.5408935546875
1495.024658203125
1549.478271484375
1609.7005615234375
1675.1160888671875
1741.93505859375
1810.718994140625
1880.8135986328125
188.37123107910156
193.14825439453125
207.67506408691406
220.22801208496094
229.35923767089844
237.47579956054688
2254.010986328125
2353.795654296875
2411.23388671875
2463.398681640625
2509.461181640625
2576.784912109375
2648.565673828125
2724.324462890625
2791.366455078125
2849.97119140625
2901.04833984375
2946.953125
2995.860107421875
3040.08837890625
3077.0439453125
3106.17041015625
3126.94775390625
3139.666015625
3145.082763671875
3142.46728515625
3131.814453125
3114.14697265625
3089.806884765625
3059.394287109375
3023.94189453125
2985.1083984375
2941.288330078125
2893.56640625
2842.75732421875
2788.828857421875
2732.25927734375
2673.805908203125
2613.6796875
2552.18603515625
2489.812744140625
2427.209716796875
2364.6943359375
2302.682861328125
2241.44775390625
2180.596923828125
2118.81494140625
2058.49951171875
1999.4859619140625
1941.9114990234375
1885.4794921875
1830.5404052734375
1777.4058837890625
1726.10546875
1676.8453369140625
1629.398193359375
1583.69189453125
1539.6009521484375
1497.0162353515625
1456.000732421875
