2064.5986328125
2040.4166259765625
2016.7137451171875
1995.052978515625
2047.14892578125
2068.79833984375
2059.320556640625
2046.2073974609375
2070.173583984375
2109.68896484375
2161.921630859375
2210.16552734375
2253.3369140625
2306.849853515625
2378.91650390625
2479.94921875
2606.170166015625
2751.201171875
2912.479736328125
3088.47705078125
3278.61279296875
3483.354736328125
3702.486083984375
3936.36767578125
4185.62939453125
4452.65771484375
4738.05078125
5042.24072265625
5364.2841796875
5693.49658203125
6035.97509765625
6393.2490234375
301.64923095703125
295.56103515625
306.0760498046875
318.7210388183594
331.0248107910156
342.653564453125
7497.52294921875
8287.1904296875
8918.001953125
9446.44140625
9958.0009765625
10478.8173828125
11008.8896484375
11558.830078125
12122.16015625
12693.1748046875
13270.212890625
13854.572265625
14455.4794921875
15075.2451171875
15712.154296875
16366.69921875
17034.1953125
17712.734375
18401.619140625
19095.90625
19127.416015625
18842.40625
18577.822265625
18309.916015625
18031.2578125
17739.45703125
17434.1796875
17116.162109375
16786.69140625
16448.158203125
16100.8984375
15743.9560546875
15382.24609375
15017.708984375
14650.115234375
14280.0546875
13910.7890625
13543.181640625
13178.4169921875
12818.27734375
12464.08984375
12106.7314453125
11762.6123046875
11429.5498046875
11104.9658203125
10788.240234375
10480.3115234375
10179.3828125
9887.984375
9606.1298828125
9334.578125
9073.7978515625
8823.1953125
8583.4755859375
