2084.999755859375
2071.59716796875
2035.709228515625
2008.37744140625
1991.053955078125
2094.82958984375
2104.68603515625
2091.728759765625
2085.7734375
2084.14599609375
2087.314697265625
2088.666015625
2093.21337890625
2103.690673828125
2108.466064453125
2067.646484375
2004.4686279296875
1944.970947265625
1905.768798828125
1891.13916015625
1872.9248046875
1851.458740234375
1827.8013916015625
1803.678466796875
1782.046875
1763.452880859375
1749.5992431640625
1739.7957763671875
1731.1949462890625
1722.6817626953125
1713.1343994140625
1702.8778076171875
117.29398345947266
117.55836486816406
117.83787536621094
118.03538513183594
118.22881317138672
118.41881561279297
1710.9678955078125
1632.3748779296875
1743.6993408203125
1741.7318115234375
1719.820068359375
1702.1356201171875
1697.028564453125
1702.99658203125
1710.980712890625
1731.68701171875
1785.277587890625
1841.4171142578125
1901.556640625
1962.970458984375
2018.349365234375
2070.087890625
2117.806640625
2161.59033203125
2202.94580078125
2242.203857421875
2278.62548828125
2311.272216796875
2341.034423828125
2368.850830078125
2394.777099609375
2417.994873046875
2437.140625
2452.068115234375
2462.84521484375
2469.728271484375
2472.8203125
2472.14453125
2467.7626953125
2460.028564453125
2448.976318359375
2435.083984375
2419.137451171875
2402.242431640625
2384.99609375
2366.9599609375
2349.48828125
2332.145751953125
2314.10302734375
2295.28369140625
2275.573974609375
2254.82568359375
2232.755126953125
2209.242919921875
2184.453857421875
2158.49267578125
2131.490478515625
2103.459228515625
2074.506591796875
2044.7691650390625
