2030.8804931640625
1713.25146484375
1403.0118408203125
1305.064208984375
1232.4359130859375
1184.2828369140625
1155.1806640625
1122.8673095703125
1093.40576171875
1070.1474609375
1048.5826416015625
1028.48046875
1006.314208984375
988.0844116210938
968.8715209960938
951.5697021484375
936.9140014648438
920.7587280273438
904.0801391601562
888.2422485351562
873.629150390625
858.9925537109375
845.671875
836.4357299804688
826.7611083984375
817.3738403320312
808.0259399414062
800.4865112304688
792.4229125976562
782.8058471679688
773.730224609375
765.6403198242188
117.19422149658203
117.95367431640625
118.74971771240234
119.5821533203125
120.41764831542969
120.94556427001953
748.7940673828125
735.6220703125
746.5133666992188
755.2223510742188
749.9794921875
761.6331787109375
778.2572021484375
799.11474609375
821.8466796875
845.9096069335938
870.4984130859375
893.9591674804688
917.0457153320312
939.1837158203125
961.856689453125
985.3350219726562
1009.5782470703125
1034.6201171875
1059.017578125
1081.6993408203125
1101.7081298828125
1118.63427734375
1132.4930419921875
1143.74169921875
1153.494873046875
1161.697265625
1168.1820068359375
1172.2264404296875
1173.682861328125
1173.0042724609375
1170.413330078125
1167.043701171875
1162.2012939453125
1155.947998046875
1148.9149169921875
1141.539794921875
1133.9432373046875
1125.60888671875
1116.2947998046875
1105.876220703125
1094.4166259765625
1081.863037109375
1068.1483154296875
1053.36279296875
1037.63671875
1021.052001953125
1003.78076171875
986.006591796875
967.9315185546875
949.6505737304688
931.4083862304688
913.4479370117188
895.6698608398438
878.0722045898438
