1996.419189453125
2218.665771484375
2428.623046875
2790.917236328125
2927.25341796875
3052.29248046875
3050.576416015625
2917.598388671875
2773.534912109375
2639.8564453125
2517.5234375
2424.048095703125
2360.61181640625
2316.856689453125
2291.458251953125
2276.49951171875
2267.052734375
2262.022216796875
2259.34912109375
2258.573486328125
2260.30517578125
2267.729736328125
2278.977783203125
2292.489013671875
2309.957275390625
2333.287841796875
2364.22607421875
2405.718994140625
2454.655517578125
2507.159423828125
2559.537841796875
2611.8662109375
2665.05615234375
98.65425109863281
93.97158813476562
92.36566162109375
92.69061279296875
94.77253723144531
96.0349349975586
1548.71435546875
1755.580322265625
1750.1839599609375
1780.6202392578125
1865.60888671875
1951.08447265625
2513.68701171875
3041.54931640625
3189.65966796875
3110.08349609375
3044.931640625
3001.353515625
2975.55517578125
2963.38623046875
2960.485107421875
2962.846435546875
2967.214599609375
2971.1826171875
2972.895751953125
2971.4580078125
2966.53662109375
2958.294189453125
2947.437744140625
2934.679443359375
2920.517578125
2905.2802734375
2888.749267578125
2870.501708984375
2850.8720703125
2830.239990234375
2809.502685546875
2789.19775390625
2769.442626953125
2750.224609375
2731.447509765625
2713.947509765625
2695.937255859375
2676.420654296875
2657.939697265625
2641.779541015625
2627.819091796875
2614.2919921875
2600.6611328125
2588.328857421875
2576.43896484375
2563.301025390625
2548.8359375
2532.55615234375
2513.633544921875
2494.307373046875
2476.4912109375
2460.156494140625
2444.567138671875
2429.542724609375
2413.1474609375
2397.18115234375
2381.287353515625
