2001.059326171875
2383.296630859375
2236.822021484375
2245.579345703125
2162.813720703125
2107.84814453125
2081.2333984375
2075.354736328125
2089.626708984375
2111.62939453125
2147.599609375
2169.852294921875
2180.443359375
2195.80859375
2224.8935546875
2262.17578125
2302.836181640625
2344.96337890625
2387.734619140625
2432.948974609375
2485.79052734375
2554.51708984375
2640.975341796875
2744.532958984375
2864.87353515625
3000.067626953125
3148.97265625
3311.414306640625
3487.410888671875
3676.34033203125
3879.048828125
3976.564453125
109.36420440673828
111.3131332397461
114.19165802001953
116.41328430175781
119.67994689941406
122.7364273071289
3631.193603515625
4326.61083984375
4255.626953125
4232.1865234375
4237.6171875
4265.33642578125
4320.17724609375
4378.96728515625
4439.5048828125
4500.705078125
4555.51611328125
4603.37109375
4665.0166015625
4722.419921875
4772.5107421875
4815.0673828125
4847.45849609375
4866.86083984375
4876.5234375
4873.90283203125
4854.49462890625
4817.02490234375
4762.3935546875
4693.73193359375
4613.2841796875
4523.60302734375
4426.44775390625
4323.21337890625
4213.42919921875
4095.737060546875
3976.318359375
3854.51220703125
3730.579833984375
3606.19140625
3482.123046875
3359.41064453125
3238.659423828125
3118.779541015625
3002.65087890625
2889.406494140625
2778.281982421875
2669.25390625
2562.473388671875
2458.612060546875
2357.865966796875
2260.68896484375
2166.4736328125
2075.651123046875
1989.8238525390625
1909.0484619140625
1832.4014892578125
1759.31494140625
1689.43896484375
1622.439453125
