2085.059326171875
2070.525390625
2036.44384765625
2012.4981689453125
2040.5682373046875
2049.585693359375
2056.369384765625
2050.50537109375
2045.3038330078125
2046.0281982421875
2045.110107421875
2041.909912109375
2044.6402587890625
2045.753173828125
2045.5614013671875
2055.24755859375
2065.5966796875
2071.08447265625
2076.379150390625
2086.111083984375
2104.023681640625
2120.41357421875
2131.62841796875
2148.18115234375
2178.387939453125
2221.856201171875
2266.245849609375
2321.69287109375
2385.651123046875
2466.83154296875
2567.683349609375
2695.713134765625
129.83079528808594
133.1846466064453
132.79888916015625
131.19363403320312
129.5172576904297
128.09022521972656
2438.177490234375
2673.247314453125
2892.276611328125
3114.509765625
3347.4697265625
3582.01171875
3818.31298828125
4054.914794921875
4295.26513671875
4537.55126953125
4777.2802734375
5012.3251953125
5238.50537109375
5460.01953125
5686.2021484375
5935.11474609375
6223.234375
6540.34765625
6771.49072265625
6977.64599609375
7150.16748046875
7274.78857421875
7369.8115234375
7551.8974609375
7657.07958984375
7731.3935546875
7797.92822265625
7877.78173828125
7922.7353515625
7956.06591796875
8003.02392578125
8075.12646484375
8176.55419921875
8242.6123046875
8261.23828125
8284.6708984375
8454.3408203125
8708.6083984375
7933.26806640625
7268.12939453125
6893.96533203125
6537.94970703125
6222.29931640625
5895.541015625
5541.0107421875
5262.2421875
5060.67041015625
4862.88671875
4653.04833984375
4448.25537109375
4262.0986328125
4084.480224609375
3920.55419921875
3780.39111328125
