2081.87451171875
2054.92626953125
2022.6495361328125
1994.180908203125
2008.30419921875
2064.219970703125
2052.19091796875
2057.03173828125
2090.794677734375
2122.80517578125
2136.916015625
2147.129150390625
2153.76708984375
2158.913818359375
2166.53857421875
2183.4072265625
2201.153564453125
2220.6513671875
2234.23974609375
2242.197998046875
2250.756103515625
2261.59375
2272.195556640625
2281.96875
2294.148193359375
2310.51220703125
2332.574462890625
2358.56689453125
2393.08349609375
2440.49755859375
2498.58154296875
2562.49658203125
122.09927368164062
124.62620544433594
125.0495376586914
125.14623260498047
125.2369613647461
125.30760955810547
1827.9769287109375
1865.7337646484375
2365.273193359375
2676.67236328125
2889.258544921875
3053.440673828125
3194.371337890625
3325.26220703125
3456.29052734375
3593.341064453125
3736.6591796875
3882.1123046875
4029.104248046875
4179.6552734375
4334.77490234375
4495.0341796875
4657.69921875
4818.67138671875
4978.32177734375
5139.0517578125
5291.95849609375
5439.203125
5583.95556640625
5723.04736328125
5852.9697265625
5980.4814453125
6112.87109375
6257.0205078125
6409.09228515625
6561.3515625
6710.24951171875
6862.74658203125
7024.6591796875
7193.63427734375
7346.5947265625
7487.63330078125
7609.08203125
7718.92822265625
7820.67236328125
7918.498046875
8014.60302734375
8097.458984375
8160.5224609375
8204.9775390625
8239.873046875
8270.630859375
8301.3564453125
8334.564453125
8360.7060546875
8371.9296875
8370.7548828125
8366.6103515625
8375.5595703125
8399.83984375
