2058.56298828125
2018.6552734375
2033.2781982421875
2092.9765625
2064.061767578125
2047.6512451171875
2039.0633544921875
2035.3369140625
2038.71875
2049.73828125
2052.8935546875
2063.051513671875
2064.98974609375
2062.08837890625
2057.9794921875
2059.3828125
2067.513916015625
2075.860595703125
2083.135498046875
2086.771728515625
2092.13037109375
2097.3203125
2104.6357421875
2114.02978515625
2120.83203125
2130.006103515625
2146.65673828125
2171.785400390625
2206.9755859375
2240.013427734375
2277.2568359375
2337.35400390625
122.18043518066406
122.51983642578125
122.83387756347656
123.11349487304688
123.38782501220703
123.64754486083984
1871.38037109375
2124.400146484375
2335.564453125
2521.802734375
2685.1318359375
2842.19580078125
3003.159423828125
3169.431884765625
3338.985107421875
3512.186767578125
3690.212890625
3870.193603515625
4054.191162109375
4237.84423828125
4427.08203125
4619.3720703125
4811.40185546875
5003.79150390625
5195.455078125
5384.44091796875
5374.52880859375
5298.220703125
5223.8369140625
5150.9267578125
5078.88134765625
5007.0986328125
4934.1865234375
4859.33251953125
4782.55224609375
4702.4716796875
4619.25830078125
4532.9345703125
4444.1435546875
4350.865234375
4270.5751953125
4193.12646484375
4115.3037109375
4036.620361328125
3955.449951171875
3872.09423828125
3788.78515625
3698.3359375
3605.0712890625
3512.04443359375
3416.75390625
3322.25537109375
3228.5625
3130.22607421875
3031.36767578125
2934.255859375
2838.780517578125
2742.170166015625
2651.4345703125
2567.71533203125
