2022.79248046875
2341.001708984375
2266.607177734375
2292.217529296875
2314.331298828125
2265.057861328125
2191.089599609375
2141.13818359375
2117.79931640625
2108.140625
2126.46630859375
2145.228515625
2169.08349609375
2200.730712890625
2228.583740234375
2253.220947265625
2275.935302734375
2295.607421875
2313.889892578125
2334.781982421875
2357.830322265625
2380.957763671875
2404.2607421875
2427.829833984375
2454.685546875
2489.59375
2539.154296875
2607.218994140625
2694.434326171875
2799.7392578125
2920.319580078125
3052.62548828125
107.78839111328125
106.97491455078125
107.66505432128906
108.34391021728516
108.91502380371094
109.47229766845703
1951.0604248046875
2739.86279296875
3324.12646484375
3641.73828125
3808.143310546875
3922.24267578125
4030.0322265625
4032.96337890625
4067.22509765625
4118.849609375
4178.21435546875
4241.83740234375
4307.44775390625
4371.5029296875
4445.4345703125
4508.837890625
4568.2470703125
4630.705078125
4684.87060546875
4746.3681640625
4799.095703125
4862.25830078125
4924.8798828125
4978.81787109375
5036.482421875
5080.1376953125
5106.0185546875
5117.67333984375
5118.66455078125
5107.75390625
5085.91552734375
5053.38330078125
5011.611328125
4961.38330078125
4903.916015625
4839.67919921875
4769.275390625
4693.7666015625
4614.01806640625
4527.6767578125
4435.09619140625
4341.1044921875
4244.9677734375
4146.9970703125
4046.474609375
3943.8447265625
3838.85595703125
3733.572998046875
3629.074462890625
3527.69189453125
3430.986572265625
3337.7353515625
3246.848876953125
3157.72265625
