0.008079688996076584
0.009639566764235497
0.011219331994652748
0.011374788358807564
0.011479937471449375
0.01157164666801691
0.011654514819383621
0.011720800772309303
0.011770205572247505
0.011813025921583176
0.011857650242745876
0.011922561563551426
0.012013543397188187
0.012108055874705315
0.012187915854156017
0.012286891229450703
0.012388755567371845
0.01249592937529087
0.01262565515935421
0.012787588872015476
0.012991078197956085
0.01322505809366703
0.013479171320796013
0.013749632984399796
0.014034583233296871
0.014332763850688934
0.01464284397661686
0.01491862628608942
0.015195958316326141
0.01548290066421032
0.015779418870806694
0.016086043789982796
0.0009860446443781257
0.000963452854193747
0.0009578312165103853
0.0009540190803818405
0.0009517791913822293
0.0009504432673566043
0.015842221677303314
0.01614614576101303
0.01628330908715725
0.016481420025229454
0.01670895330607891
0.01699218526482582
0.017323162406682968
0.017690878361463547
0.01809041202068329
0.01851734332740307
0.018973464146256447
0.019451359286904335
0.01996672712266445
0.020510591566562653
0.021079372614622116
0.02156774140894413
0.022005395963788033
0.02246827259659767
0.02294570952653885
0.02343892678618431
0.02395445480942726
0.02447170950472355
0.024988088756799698
0.025508103892207146
0.02603377401828766
0.026554161682724953
0.02707020565867424
0.027579715475440025
0.028086524456739426
0.028597064316272736
0.02910757251083851
0.02961452305316925
0.03011646308004856
0.030609354376792908
0.031087707728147507
0.03155367076396942
0.0320248119533062
0.03247636556625366
0.03290916234254837
0.03331868723034859
0.03371937572956085
0.03408151865005493
0.034420982003211975
0.03474606201052666
0.03504645451903343
0.03425811603665352
0.03324858471751213
0.03229439631104469
0.03137749060988426
0.030491484329104424
0.029636064544320107
0.02881035953760147
0.028012780472636223
0.027242565527558327
0.026501337066292763
0.025789400562644005
