0.03705711290240288
0.03896266967058182
0.043407559394836426
0.04848092421889305
0.05058282986283302
0.050886690616607666
0.05103086680173874
0.05123118683695793
0.05145398899912834
0.05167005583643913
0.051816415041685104
0.051951244473457336
0.0521589070558548
0.052352726459503174
0.052544381469488144
0.052710775285959244
0.05291042476892471
0.053126826882362366
0.0533585399389267
0.05360008031129837
0.0538468174636364
0.05411582440137863
0.054503314197063446
0.05496014282107353
0.05549047514796257
0.056075334548950195
0.056700438261032104
0.057372696697711945
0.05808333307504654
0.05883137881755829
0.05961297079920769
0.060419756919145584
0.0036377725191414356
0.0035005321260541677
0.003490429138764739
0.0034899951424449682
0.0034884170163422823
0.0034846479538828135
0.057409998029470444
0.058197423815727234
0.05870871618390083
0.0596526637673378
0.06066972762346268
0.06181452050805092
0.06308183073997498
0.06444236636161804
0.06584399938583374
0.06726556271314621
0.06868520379066467
0.07009483128786087
0.07149907946586609
0.07288824021816254
0.07423622161149979
0.07559823989868164
0.07695645838975906
0.07827667146921158
0.07938257604837418
0.08040701597929001
0.08143214136362076
0.08247320353984833
0.08356605470180511
0.08461908251047134
0.08559953421354294
0.08651864528656006
0.08735959231853485
0.08817750215530396
0.08895976841449738
0.08971265703439713
0.09036835283041
0.09089379757642746
0.09129715710878372
0.09172921627759933
0.09221900999546051
0.09273453056812286
0.09329785406589508
0.09383812546730042
0.09432205557823181
0.09469828009605408
0.09505493938922882
0.09551192820072174
0.09623674303293228
0.09726346284151077
0.09854929894208908
0.10107448697090149
0.10363448411226273
0.10499833524227142
0.10646785795688629
0.10815047472715378
0.11001960188150406
0.12264680862426758
0.2421446591615677
0.41108524799346924
0.6390612721443176
