18.77962303161621
17.58324432373047
14.744316101074219
12.093235969543457
10.745160102844238
10.035073280334473
9.629738807678223
9.39680004119873
9.27747917175293
9.241165161132812
9.280902862548828
9.384693145751953
9.54259204864502
9.756277084350586
10.007394790649414
10.287625312805176
10.619142532348633
11.010162353515625
11.465270042419434
12.008866310119629
12.639290809631348
13.361014366149902
14.162278175354004
15.037513732910156
15.990880966186523
17.048498153686523
18.220619201660156
19.46860694885254
20.772226333618164
22.106233596801758
23.448148727416992
24.814910888671875
5.856089115142822
5.5435028076171875
5.672659397125244
5.952404499053955
6.353645324707031
6.765202045440674
38.87910079956055
37.20884704589844
34.76204299926758
33.85411071777344
34.41801834106445
35.607303619384766
36.95337677001953
38.36170196533203
39.78595733642578
41.19319152832031
42.559810638427734
43.938499450683594
45.245601654052734
46.53935623168945
47.830570220947266
49.08055114746094
50.33000946044922
51.483680725097656
52.52302169799805
53.46076202392578
54.286991119384766
55.039371490478516
55.7052116394043
56.26877975463867
56.6851921081543
56.933780670166016
57.03976058959961
57.044437408447266
56.98386764526367
56.88418197631836
56.75816345214844
56.61932373046875
56.47220230102539
56.32177734375
56.132720947265625
55.887351989746094
55.614036560058594
55.324867248535156
55.022247314453125
54.710201263427734
54.38895797729492
54.059696197509766
53.726959228515625
53.39646911621094
53.07357406616211
52.76167297363281
52.464298248291016
52.18537139892578
51.9195671081543
51.66644287109375
51.42656707763672
51.196590423583984
51.001277923583984
50.81515884399414
50.623329162597656
