0.006653343793004751
0.007356073707342148
0.008269759826362133
0.009287049062550068
0.009735704399645329
0.009829078800976276
0.00989271979779005
0.009943887591362
0.009993440471589565
0.01004484947770834
0.01009782962501049
0.010165710002183914
0.010233095847070217
0.01030480582267046
0.010376566089689732
0.010447069071233273
0.010519865900278091
0.01060121413320303
0.010692664422094822
0.010798049159348011
0.010922370478510857
0.011069667525589466
0.011238589882850647
0.011426697485148907
0.011632289737462997
0.01185649260878563
0.012101663276553154
0.012368952855467796
0.012661919929087162
0.012960681691765785
0.013241482898592949
0.013541266322135925
0.0008275228901766241
0.0007899117190390825
0.0007999420049600303
0.0008078098762780428
0.0008123545558191836
0.0008154528331942856
0.013689637184143066
0.014031476341187954
0.014292738400399685
0.014564150013029575
0.014858735725283623
0.015182130970060825
0.01553367730230093
0.015916885808110237
0.016333216801285744
0.016795316711068153
0.01730656623840332
0.01784302480518818
0.018322447314858437
0.018820185214281082
0.019315481185913086
0.01979014463722706
0.02027599699795246
0.020772429183125496
0.02128174714744091
0.02180258370935917
0.022339999675750732
0.022888699546456337
0.02344828099012375
0.02401861362159252
0.024596255272626877
0.025178726762533188
0.025763696059584618
0.026356592774391174
0.026956548914313316
0.027563991025090218
0.02817331813275814
0.028782811015844345
0.029390651732683182
0.029995454475283623
0.03061251901090145
0.031229590997099876
0.03184825927019119
0.03245841711759567
0.03305956348776817
0.03363197669386864
0.03417851775884628
0.034703075885772705
0.03521459549665451
0.03573301434516907
0.03626728057861328
0.036733198910951614
0.037151943892240524
0.03755393251776695
0.03791771084070206
0.03823595866560936
0.03852419927716255
0.038767773658037186
0.038970328867435455
0.03912945091724396
