0.04135671257972717
0.046447865664958954
0.053954049944877625
0.05490419268608093
0.055405937135219574
0.055650949478149414
0.055876921862363815
0.05610509216785431
0.056313350796699524
0.056589215993881226
0.0568978413939476
0.057192616164684296
0.05738049000501633
0.0575728677213192
0.05781731754541397
0.05805334821343422
0.058304108679294586
0.058541856706142426
0.0587882399559021
0.05902416631579399
0.05929231643676758
0.05962095782160759
0.0599929578602314
0.060418032109737396
0.060912128537893295
0.06150968372821808
0.06214891001582146
0.06281255185604095
0.0635191798210144
0.06430712342262268
0.06513319164514542
0.0660134106874466
0.0038665500469505787
0.0038147876039147377
0.0037632824387401342
0.0037242614198476076
0.003691948251798749
0.003650364466011524
0.05958746746182442
0.06266303360462189
0.0650295540690422
0.06695565581321716
0.06872739642858505
0.07047834992408752
0.072266586124897
0.07408639788627625
0.07592311501502991
0.07776529341936111
0.07961274683475494
0.08147065341472626
0.08332117646932602
0.08510024100542068
0.08681058883666992
0.088597372174263
0.09044671803712845
0.09232137352228165
0.09362390637397766
0.0948425903916359
0.09599587321281433
0.09717602282762527
0.09843456000089645
0.0997108593583107
0.10101193189620972
0.10296738892793655
0.10478965193033218
0.10665959119796753
0.10886809974908829
0.11152969300746918
0.11439152806997299
0.11728725582361221
0.12011532485485077
0.12209707498550415
0.1240164116024971
0.12640957534313202
0.12950028479099274
0.1331639587879181
0.1370444893836975
0.14007237553596497
0.14362016320228577
0.14793656766414642
0.1512647122144699
0.1435920000076294
0.13777175545692444
0.1319793164730072
0.12665845453739166
0.12279153615236282
0.18907174468040466
0.5880085229873657
1.2734814882278442
1.9476044178009033
8.909530639648438
25.09823989868164
