0.09789951145648956
0.10966833680868149
0.12154309451580048
0.13024944067001343
0.137661874294281
0.1423821747303009
0.1440465897321701
0.1451786309480667
0.1461818516254425
0.14688639342784882
0.1474527269601822
0.14795543253421783
0.14840112626552582
0.14888428151607513
0.14949634671211243
0.15002676844596863
0.15052489936351776
0.15104936063289642
0.1516132950782776
0.1521969735622406
0.15275922417640686
0.15329788625240326
0.15384848415851593
0.1543995589017868
0.1551201194524765
0.15599165856838226
0.15697085857391357
0.15814436972141266
0.15976159274578094
0.16196882724761963
0.16441959142684937
0.1671927571296692
0.021312450990080833
0.014333299361169338
0.010727474465966225
0.009509377181529999
0.008369866758584976
0.008051030337810516
0.14058256149291992
0.1471024453639984
0.15021201968193054
0.16087786853313446
0.1705397516489029
0.17888528108596802
0.18640580773353577
0.19344304502010345
0.2001960575580597
0.20675067603588104
0.21339315176010132
0.22014503180980682
0.2270873486995697
0.23435358703136444
0.24196451902389526
0.25202250480651855
0.26375678181648254
0.2756679356098175
0.28617945313453674
0.2970941364765167
0.310358464717865
0.32529035210609436
0.341744601726532
0.35895681381225586
0.3608342111110687
0.34892740845680237
0.3381757140159607
0.32794949412345886
0.317935585975647
0.30844220519065857
0.29993125796318054
0.2922890782356262
0.2865871489048004
0.282129168510437
0.2786104381084442
0.2759798765182495
0.27437788248062134
0.27361977100372314
0.2735239565372467
0.27383583784103394
0.27425244450569153
0.27521827816963196
0.27689313888549805
0.27893999218940735
0.2812156677246094
0.28365781903266907
0.2862454652786255
0.2889965772628784
0.2918483018875122
1.7142658233642578
3.8904976844787598
5.624189853668213
7.01669454574585
8.260003089904785
9.307340621948242
