3.953813076019287
4.621335983276367
6.05816125869751
7.624195098876953
8.848395347595215
8.27229118347168
7.494179725646973
7.136905670166016
7.076443672180176
7.226926326751709
7.52070951461792
7.94700288772583
8.458367347717285
9.011590003967285
9.5911865234375
9.815912246704102
10.011919975280762
10.183000564575195
10.214007377624512
10.196434020996094
10.195853233337402
10.227947235107422
10.29699993133545
10.401482582092285
10.547444343566895
10.74138069152832
10.978169441223145
11.251670837402344
11.563643455505371
11.917141914367676
12.311681747436523
12.750490188598633
0.25691282749176025
0.20656809210777283
0.20224249362945557
0.2035764902830124
0.20773760974407196
0.213225856423378
14.115116119384766
15.742026329040527
16.498798370361328
17.20548439025879
17.937850952148438
18.736852645874023
19.584665298461914
20.46685791015625
21.432289123535156
22.481658935546875
23.599699020385742
24.777660369873047
25.99626350402832
27.244417190551758
28.522579193115234
29.83422088623047
31.17089080810547
32.5320930480957
33.880462646484375
35.19997787475586
36.47467803955078
37.68733215332031
38.83153533935547
39.90106964111328
41.00294494628906
42.03064727783203
42.94636917114258
43.76370620727539
44.49607467651367
45.15373611450195
45.74797439575195
46.30037307739258
46.816097259521484
47.30079650878906
47.757633209228516
48.18366241455078
48.573455810546875
48.938560485839844
49.28300857543945
49.5953254699707
49.86969757080078
50.100730895996094
50.28592300415039
50.427528381347656
50.53773498535156
50.6213264465332
50.68391418457031
50.73321533203125
50.779022216796875
50.83190155029297
50.90292739868164
51.00465774536133
51.134674072265625
51.29066848754883
