10.649055480957031
11.509074211120605
8.700815200805664
7.641140460968018
7.4091081619262695
7.254663944244385
7.036872386932373
6.853175640106201
6.714252948760986
6.614485740661621
6.537805080413818
6.450361251831055
6.39398193359375
6.364274978637695
6.359575271606445
6.3801798820495605
6.4295783042907715
6.5041117668151855
6.599399566650391
6.7060651779174805
6.8065972328186035
6.905250549316406
7.004654407501221
7.0717644691467285
7.142148494720459
7.237472057342529
7.368434429168701
7.534554958343506
7.738451957702637
7.983234882354736
8.27099609375
8.60719108581543
0.6133992671966553
0.5750318169593811
0.5843687653541565
0.6013066172599792
0.6092459559440613
0.6269838809967041
10.344107627868652
11.62576961517334
12.263936996459961
12.909371376037598
13.552955627441406
14.271666526794434
15.13015079498291
16.09266471862793
17.114906311035156
18.15424919128418
19.236228942871094
20.370750427246094
21.51473045349121
22.67295265197754
23.845172882080078
25.07682991027832
26.357751846313477
27.608362197875977
28.776485443115234
29.876787185668945
30.923669815063477
31.921567916870117
32.93732452392578
33.92634963989258
34.837581634521484
35.65571594238281
36.384254455566406
37.03801727294922
37.64145278930664
38.21229934692383
38.73905563354492
39.2272834777832
39.68022537231445
40.091163635253906
40.51216125488281
40.84033203125
41.09494400024414
41.289371490478516
41.432647705078125
41.54203796386719
41.61507034301758
41.66107940673828
41.69221115112305
41.71533203125
41.73740005493164
41.765380859375
41.80658721923828
41.86270523071289
41.92786407470703
41.96046447753906
41.930973052978516
41.88449478149414
41.83662414550781
41.79298400878906
