18.94093894958496
18.22893524169922
15.529593467712402
12.86098575592041
11.348590850830078
10.519278526306152
10.066650390625
9.845378875732422
9.779389381408691
9.82981014251709
9.984272956848145
10.254006385803223
10.660653114318848
11.23210334777832
11.968862533569336
12.845953941345215
13.894392967224121
15.247817993164062
16.810565948486328
18.54164695739746
20.382539749145508
22.24308967590332
24.085773468017578
26.01966667175293
27.903276443481445
29.72707748413086
31.528554916381836
33.12004470825195
34.59476089477539
36.015560150146484
37.428497314453125
38.81058120727539
11.30521297454834
10.147730827331543
9.989203453063965
10.602509498596191
11.145344734191895
11.632135391235352
55.585113525390625
51.09443283081055
49.19316864013672
49.87667465209961
51.202335357666016
52.77997589111328
54.41303634643555
56.005149841308594
57.401119232177734
58.70293045043945
59.9673957824707
61.2198486328125
62.484893798828125
63.73804473876953
64.95822143554688
66.13896942138672
67.28374481201172
68.4412612915039
69.5875015258789
70.7797622680664
71.82996368408203
72.72056579589844
73.5035171508789
74.19026184082031
74.74943542480469
75.20211029052734
75.5141372680664
75.67082977294922
75.73650360107422
75.76174926757812
75.73175048828125
75.65423583984375
75.46530151367188
75.18212127685547
74.8355484008789
74.43362426757812
73.98011016845703
73.48210906982422
72.90587615966797
72.30109405517578
71.67896270751953
71.05250549316406
70.44464111328125
69.873291015625
69.35127258300781
68.89248657226562
68.48873138427734
68.14897155761719
67.86576843261719
67.63638305664062
67.45708465576172
67.295654296875
67.16278076171875
67.0577621459961
