0.11370733380317688
0.12489516288042068
0.14228981733322144
0.149405837059021
0.15062662959098816
0.15116530656814575
0.15164703130722046
0.1522616297006607
0.15287646651268005
0.15334951877593994
0.15394333004951477
0.15467949211597443
0.15548110008239746
0.1560627520084381
0.1565721333026886
0.15715017914772034
0.15782007575035095
0.15842662751674652
0.15898999571800232
0.1595870554447174
0.16029109060764313
0.161113440990448
0.16208112239837646
0.16318348050117493
0.1644975244998932
0.166067972779274
0.16784709692001343
0.1698262244462967
0.1721091866493225
0.17464523017406464
0.1775062084197998
0.180771142244339
0.009047486819326878
0.008106155321002007
0.007870166562497616
0.007811171002686024
0.007797112688422203
0.007787697482854128
0.1635919064283371
0.17685694992542267
0.18300709128379822
0.1883525401353836
0.19414697587490082
0.20050984621047974
0.2092243731021881
0.22020550072193146
0.23118029534816742
0.2424323707818985
0.25374937057495117
0.2652071714401245
0.27197715640068054
0.26679548621177673
0.26154953241348267
0.2561669945716858
0.25074413418769836
0.24527543783187866
0.2397044152021408
0.23407036066055298
0.22838319838047028
0.22269657254219055
0.217070534825325
0.2115369588136673
0.20590227842330933
0.20027703046798706
0.19472624361515045
0.18930478394031525
0.18396922945976257
0.178680419921875
0.17352716624736786
0.1685333549976349
0.16370810568332672
0.1590258777141571
0.154461070895195
0.14999030530452728
0.14565108716487885
0.1414182335138321
0.13725681602954865
0.13314470648765564
0.12906603515148163
0.12499973922967911
0.12099020928144455
0.11705534905195236
0.11331267654895782
0.10988529026508331
0.10660658031702042
0.10327618569135666
0.09995269775390625
0.09667635709047318
0.09378419816493988
0.09129368513822556
0.08897928148508072
0.08675703406333923
