0.11201474815607071
0.12216866761445999
0.13530418276786804
0.14770469069480896
0.1498464196920395
0.15044468641281128
0.15093214809894562
0.1512966752052307
0.15168148279190063
0.15215840935707092
0.15267986059188843
0.15315328538417816
0.15353873372077942
0.15404178202152252
0.15464664995670319
0.1552906334400177
0.1558486819267273
0.1563170701265335
0.1567513793706894
0.15716956555843353
0.15768222510814667
0.15822753310203552
0.15873366594314575
0.1592114120721817
0.1596861481666565
0.1602342426776886
0.16086889803409576
0.1616186797618866
0.1624579131603241
0.1633477658033371
0.1643306463956833
0.1655067503452301
0.008481744676828384
0.007979475893080235
0.007855084724724293
0.007766790222376585
0.007723773829638958
0.0077028120867908
0.14612267911434174
0.1575803905725479
0.16419634222984314
0.16858914494514465
0.1718425750732422
0.17469093203544617
0.177423357963562
0.18028467893600464
0.18335971236228943
0.18665996193885803
0.19014327228069305
0.19383807480335236
0.19777405261993408
0.20194266736507416
0.20744885504245758
0.21423351764678955
0.2209072709083557
0.22723504900932312
0.23367030918598175
0.24046790599822998
0.24756872653961182
0.25506481528282166
0.2628619074821472
0.2718263268470764
0.26776090264320374
0.2636471688747406
0.2596675157546997
0.25565093755722046
0.25149691104888916
0.2472774237394333
0.24297210574150085
0.23857732117176056
0.23409029841423035
0.22959354519844055
0.2251206785440445
0.22068411111831665
0.21629026532173157
0.21198488771915436
0.20741891860961914
0.20282049477100372
0.19824276864528656
0.19368088245391846
0.18918436765670776
0.18480558693408966
0.18064334988594055
0.17663733661174774
0.1727433055639267
0.1689177006483078
0.16513507068157196
0.1614050418138504
0.1577233225107193
0.15407761931419373
0.15044526755809784
0.14679934084415436
