0.006616387516260147
0.007085808552801609
0.007917143404483795
0.008664713241159916
0.009264211170375347
0.009597835130989552
0.009814595803618431
0.009944305755198002
0.010025203227996826
0.010112342424690723
0.010208326391875744
0.010281956754624844
0.010342470370233059
0.010404696688055992
0.010472654365003109
0.010546974837779999
0.01062515377998352
0.010702122934162617
0.01078859530389309
0.010891243815422058
0.011026028543710709
0.01120312511920929
0.011420181021094322
0.011671138927340508
0.011952601373195648
0.012260619550943375
0.01258867047727108
0.012915600091218948
0.013203768990933895
0.013510683551430702
0.013829788193106651
0.014162356965243816
0.0008721628109924495
0.0008422552491538227
0.0008376197074539959
0.0008422447717748582
0.0008488210733048618
0.0008558943518437445
0.014479943551123142
0.01529454905539751
0.015699516981840134
0.015956874936819077
0.016194742172956467
0.016467763110995293
0.016790926456451416
0.01716649904847145
0.01760692708194256
0.01804310269653797
0.018486734479665756
0.01893577165901661
0.01938909851014614
0.01984451711177826
0.020325375720858574
0.02083531953394413
0.021371278911828995
0.021931486204266548
0.02251547761261463
0.023123309016227722
0.02375437691807747
0.02440347522497177
0.025066595524549484
0.025734253227710724
0.02640911005437374
0.027095496654510498
0.02779296413064003
0.028503138571977615
0.029222313314676285
0.029946638271212578
0.030674327164888382
0.031407326459884644
0.03216244652867317
0.03293948993086815
0.033713389188051224
0.03448110073804855
0.03521950542926788
0.0359906405210495
0.03677346929907799
0.03748728334903717
0.03818401321768761
0.03887389600276947
0.03960829973220825
0.04028262570500374
0.04092419892549515
0.0415484681725502
0.0421610027551651
0.04275915399193764
0.04333304241299629
0.042905889451503754
0.04142725467681885
0.04017193615436554
0.03899497166275978
0.03787136822938919
