21.699800491333008
28.988004684448242
26.798431396484375
30.369749069213867
13.359172821044922
14.132165908813477
13.857701301574707
13.170772552490234
12.488930702209473
11.882325172424316
11.350672721862793
10.878273963928223
10.452197074890137
10.076131820678711
9.747636795043945
9.461881637573242
9.210384368896484
8.987593650817871
8.797918319702148
8.632404327392578
8.48181438446045
8.347667694091797
8.23079776763916
8.129698753356934
8.044893264770508
7.979193687438965
7.93015718460083
7.895417213439941
7.8725504875183105
7.860482215881348
7.8570733070373535
7.863543510437012
7.8808274269104
0.5248374342918396
0.33832576870918274
0.24612568318843842
0.21724042296409607
0.1861332505941391
0.16652309894561768
15.325849533081055
21.034391403198242
21.45720100402832
21.985122680664062
23.23150634765625
23.8406982421875
-0.0
-0.0
-0.0
-0.0
-0.0
-0.0
-0.0
-0.0
-0.0
-0.0
-0.0
-0.0
-0.0
-0.0
-0.0
-0.0
-0.0
-0.0
-0.0
-0.0
-0.0
-0.0
-0.0
-0.0
-0.0
-0.0
-0.0
-0.0
-0.0
-0.0
-0.0
-0.0
-0.0
-0.0
-0.0
-0.0
-0.0
-0.0
-0.0
-0.0
-0.0
-0.0
-0.0
-0.0
-0.0
-0.0
-0.0
-0.0
-0.0
-0.0
-0.0
-0.0
-0.0
-0.0
-0.0
-0.0
-0.0
-0.0
-0.0
-0.0
-0.0
