7.057267665863037
8.276683807373047
10.806594848632812
13.173274993896484
13.406134605407715
13.624428749084473
13.136604309082031
13.172455787658691
13.556879043579102
14.056395530700684
14.698040008544922
15.228996276855469
15.60323715209961
15.898713111877441
16.277589797973633
16.805755615234375
17.06271743774414
17.385839462280273
17.883695602416992
18.55400848388672
19.397476196289062
20.352859497070312
21.416440963745117
22.534717559814453
23.740947723388672
25.244163513183594
27.099891662597656
29.190628051757812
31.955310821533203
35.57594299316406
40.37511444091797
46.485660552978516
0.2799959182739258
0.4107169210910797
0.41761958599090576
0.4310954809188843
0.44993218779563904
0.47162550687789917
13.387299537658691
29.763626098632812
78.20298767089844
104.49896240234375
121.07032012939453
135.77865600585938
151.3148956298828
168.66567993164062
187.69711303710938
208.76695251464844
231.50747680664062
255.6198272705078
280.3365783691406
305.5295715332031
330.2466735839844
344.79071044921875
359.3430480957031
373.1650085449219
386.2066345214844
398.090087890625
408.70733642578125
417.430908203125
424.58819580078125
430.4622802734375
435.3122253417969
439.3318786621094
442.6367492675781
445.21331787109375
447.20733642578125
448.677978515625
449.5970458984375
449.59893798828125
448.7983703613281
447.5035095214844
445.93072509765625
444.2256774902344
441.9089660644531
439.30438232421875
436.6648864746094
434.0762634277344
431.5120849609375
429.03497314453125
426.6412353515625
424.3365173339844
422.1399841308594
420.044189453125
418.0388488769531
416.11651611328125
414.30084228515625
412.55694580078125
410.9053649902344
409.3434143066406
407.8682556152344
406.4425354003906
