0.00851850863546133
0.00955829955637455
0.01049518771469593
0.01002927590161562
0.009800457395613194
0.009561427868902683
0.00928738247603178
0.009101901203393936
0.008964174427092075
0.008853706531226635
0.008760699070990086
0.008678733371198177
0.008606274612247944
0.008539563044905663
0.008478237316012383
0.008422537706792355
0.00837069284170866
0.008322333917021751
0.008276760578155518
0.008234568871557713
0.008197006769478321
0.008163683116436005
0.00813332386314869
0.008104738779366016
0.008076943457126617
0.008049198426306248
0.008020960725843906
0.00798836164176464
0.007951416075229645
0.007913351058959961
0.007874581962823868
0.00783508364111185
0.007796137128025293
0.0008039954118430614
0.0007785990019328892
0.0007585753337480128
0.0007423387723974884
0.0007297353004105389
0.0007181899272836745
0.00866631418466568
0.008666268549859524
0.00858384184539318
0.00844717025756836
0.008252549916505814
0.008093095384538174
0.007866709493100643
0.007709692232310772
0.007595522329211235
0.007510697934776545
0.00744581688195467
0.007393507286906242
0.007348616141825914
0.007307618390768766
0.007268122397363186
0.007228903938084841
0.007189232390373945
0.007148586213588715
0.0071068634279072285
0.007063637021929026
0.00701889069750905
0.006973129231482744
0.006926653441041708
0.006878903601318598
0.006819454953074455
0.0067574880085885525
0.006693331059068441
0.006629954557865858
0.006567968521267176
0.006507811602205038
0.006447966676205397
0.006389635149389505
0.006331747863441706
0.006274271756410599
0.006217107642441988
0.006160179618746042
0.006103450898081064
0.006047156173735857
0.005991298705339432
0.005935889668762684
0.005880931857973337
0.005826433189213276
0.005772297736257315
0.005718586966395378
0.005665353499352932
0.005612624809145927
0.005560359917581081
0.0055085779167711735
0.0054572345688939095
0.005406408105045557
0.005356177221983671
0.0053066685795784
0.005258038640022278
0.005210299510508776
0.005163500551134348
0.005117707885801792
0.005072805564850569
