0.04162801802158356
0.04597514495253563
0.052591897547245026
0.05574961379170418
0.05633120238780975
0.056592218577861786
0.05691641941666603
0.05727967619895935
0.05756509676575661
0.057770952582359314
0.05793074145913124
0.05807040259242058
0.05821448564529419
0.058352481573820114
0.058473534882068634
0.058581557124853134
0.05868791416287422
0.05882449448108673
0.05897459387779236
0.059143323451280594
0.05931703373789787
0.05949076637625694
0.05969575047492981
0.05994692072272301
0.060323067009449005
0.06086110323667526
0.061556585133075714
0.062375228852033615
0.06329372525215149
0.06433387100696564
0.06545969098806381
0.06665689498186111
0.003307961393147707
0.003107051830738783
0.003060288727283478
0.0030417523812502623
0.003034802619367838
0.003031281055882573
0.06103656813502312
0.06520899385213852
0.06750381737947464
0.06943973153829575
0.0712408497929573
0.07297047972679138
0.0746767595410347
0.0763973593711853
0.07818741351366043
0.08001220226287842
0.08191289752721786
0.08384320884943008
0.08583912253379822
0.08789501339197159
0.09005314111709595
0.0922388806939125
0.09389261901378632
0.09545779228210449
0.09723509848117828
0.0990346223115921
0.10086653381586075
0.10357658565044403
0.10652980208396912
0.10915614664554596
0.11156406253576279
0.11391763389110565
0.11616571992635727
0.1182694062590599
0.12034959346055984
0.12246830761432648
0.12468140572309494
0.12699927389621735
0.12936195731163025
0.1292899250984192
0.12484388053417206
0.12098059803247452
0.1174110695719719
0.11404311656951904
0.11082985997200012
0.10772635787725449
0.10470952838659286
0.10177294909954071
0.09890057891607285
0.09612800925970078
0.09343601018190384
0.0908132791519165
0.08826416730880737
0.08578477054834366
0.08338192850351334
0.08106376975774765
0.07882348448038101
0.0766412541270256
0.07452290505170822
0.07246305048465729
