0.037102919071912766
0.03913796320557594
0.04302012547850609
0.04684479162096977
0.04977431148290634
0.051058173179626465
0.05136794224381447
0.05151033774018288
0.05163820832967758
0.051760923117399216
0.051885638386011124
0.05206679925322533
0.052308712154626846
0.052592746913433075
0.05284113436937332
0.05305841937661171
0.053306352347135544
0.05355476588010788
0.053797513246536255
0.05404064059257507
0.05430197715759277
0.05461402237415314
0.0550004318356514
0.05549020692706108
0.056062113493680954
0.05669209361076355
0.05737091973423958
0.058098211884498596
0.05888597294688225
0.05974077433347702
0.06065690889954567
0.06163764372467995
0.0035747347865253687
0.0034370252396911383
0.0034211513120681047
0.003422906156629324
0.0034279613755643368
0.0034328000620007515
0.05856064334511757
0.06020928919315338
0.06145339459180832
0.0627056211233139
0.06407125294208527
0.06559529900550842
0.06724490970373154
0.06899408996105194
0.07080497592687607
0.07264315336942673
0.07449439913034439
0.07637188583612442
0.07829785346984863
0.08033022284507751
0.08198050409555435
0.08345738053321838
0.08492692559957504
0.08641372621059418
0.0879257321357727
0.08917857706546783
0.09038514643907547
0.09156472235918045
0.09270639717578888
0.09376192092895508
0.09470879286527634
0.09556085616350174
0.09634674340486526
0.09711843729019165
0.09785246849060059
0.09886620938777924
0.09994856268167496
0.10101112723350525
0.10213968902826309
0.10334034264087677
0.10458239167928696
0.1057434007525444
0.10681705176830292
0.10796601325273514
0.1091703549027443
0.11079995334148407
0.11260665953159332
0.1145361140370369
0.11655720323324203
0.11872900277376175
0.1210327222943306
0.12320182472467422
0.12521839141845703
0.12614227831363678
0.12344969809055328
0.12110452353954315
0.11890850961208344
0.11680058389902115
0.11476819962263107
0.11273909360170364
