0.0066048214212059975
0.007190179545432329
0.007969886064529419
0.008722192607820034
0.00932783167809248
0.009649369865655899
0.009860871359705925
0.009958606213331223
0.01003271620720625
0.010121100582182407
0.010214162990450859
0.010283015668392181
0.010345413349568844
0.010410159826278687
0.010476354509592056
0.010547864250838757
0.010623655281960964
0.010700748302042484
0.010787572711706161
0.01089144591242075
0.011028983630239964
0.01120983436703682
0.011431015096604824
0.01168645080178976
0.011972279287874699
0.012284427881240845
0.012616338208317757
0.012940892949700356
0.013233604840934277
0.013544495217502117
0.013867846690118313
0.014205288141965866
0.0008739696932025254
0.000843964924570173
0.0008408231660723686
0.0008464754791930318
0.000853816804010421
0.00086154107702896
0.014600689522922039
0.015409880317747593
0.015801556408405304
0.016044309362769127
0.016272900626063347
0.01654134877026081
0.016863711178302765
0.017245251685380936
0.01769302971661091
0.018116775900125504
0.018563779070973396
0.0190094206482172
0.019461940973997116
0.01991802453994751
0.020401572808623314
0.02091304026544094
0.021451294422149658
0.02201211266219616
0.022595003247261047
0.023200329393148422
0.02383062243461609
0.024480663239955902
0.02514345943927765
0.02581200934946537
0.026485783979296684
0.027171775698661804
0.027868524193763733
0.02857859432697296
0.029298311099410057
0.030024521052837372
0.03075612336397171
0.03149548918008804
0.03226207196712494
0.03305061161518097
0.03383529931306839
0.03460419550538063
0.03534804284572601
0.036153171211481094
0.03692687302827835
0.03764818236231804
0.03835609555244446
0.039066657423973083
0.039800386875867844
0.040487270802259445
0.041139401495456696
0.04177754744887352
0.042405255138874054
0.043014805763959885
0.04359566420316696
0.042332254350185394
0.040967438369989395
0.03973495215177536
0.038568250834941864
0.037453070282936096
