0.02421160601079464
0.026226582005620003
0.02987697347998619
0.033198483288288116
0.0338607020676136
0.03407666087150574
0.03437342867255211
0.03461015224456787
0.03475101292133331
0.034917060285806656
0.0350894071161747
0.03524945676326752
0.03542869910597801
0.035631291568279266
0.03584665432572365
0.03605664521455765
0.036254387348890305
0.036436326801776886
0.036617495119571686
0.03680677339434624
0.037025827914476395
0.037308573722839355
0.03767091780900955
0.03811974450945854
0.03865979611873627
0.03926868364214897
0.039924222975969315
0.04063120484352112
0.04138815775513649
0.04219493642449379
0.043041128665208817
0.04392698034644127
0.00248857494443655
0.002349246060475707
0.0023110758047550917
0.0023044899571686983
0.00230897287838161
0.002315942896530032
0.040696028620004654
0.04324357211589813
0.04486039653420448
0.04603490233421326
0.04705027863383293
0.04808042198419571
0.049208447337150574
0.05045789107680321
0.05183403193950653
0.0533326230943203
0.054910436272621155
0.056452568620443344
0.057720307260751724
0.058996036648750305
0.06021358072757721
0.06140389293432236
0.06258750706911087
0.06370725482702255
0.06476261466741562
0.06578098982572556
0.06677679717540741
0.06774377077817917
0.06869389861822128
0.06962200999259949
0.07052530348300934
0.07141021639108658
0.072310671210289
0.07324492186307907
0.07235286384820938
0.06997457146644592
0.0677766427397728
0.06567011773586273
0.06362025439739227
0.061609432101249695
0.059630971401929855
0.057697270065546036
0.055809006094932556
0.053968366235494614
0.05216982215642929
0.05040540173649788
0.04868575558066368
0.047010909765958786
0.045367155224084854
0.04370982199907303
0.04205340892076492
0.04049330949783325
0.03915691003203392
0.037956882268190384
0.03683848679065704
0.035769689828157425
0.03476788476109505
0.03381843864917755
0.03290115296840668
0.03200826048851013
