0.037067387253046036
0.03807834908366203
0.0415891595184803
0.04471995681524277
0.04730403423309326
0.04938765987753868
0.05054374784231186
0.05137273669242859
0.051661089062690735
0.05177682265639305
0.05186218023300171
0.051960039883852005
0.05211464315652847
0.05236193910241127
0.05272534117102623
0.05300704762339592
0.05324236676096916
0.053462058305740356
0.0536690279841423
0.05386354401707649
0.054060690104961395
0.054308533668518066
0.05462484061717987
0.05502598360180855
0.055541668087244034
0.05614768713712692
0.05682581663131714
0.05755649879574776
0.05832722410559654
0.059148192405700684
0.0600237101316452
0.060944270342588425
0.0035827967803925276
0.003407814772799611
0.003367352532222867
0.0033457009121775627
0.003328728722408414
0.0033136617857962847
0.05757654830813408
0.059411030262708664
0.06060324236750603
0.06180360168218613
0.0630972608923912
0.06447304040193558
0.06593964248895645
0.067462258040905
0.06902257353067398
0.07059910148382187
0.07218340784311295
0.07378076761960983
0.07541173696517944
0.07700204104185104
0.07850293070077896
0.0798056423664093
0.0809904932975769
0.08214923739433289
0.0833466574549675
0.08456793427467346
0.08576712012290955
0.08699823170900345
0.08823245763778687
0.08935107290744781
0.09033383429050446
0.09121064841747284
0.09205692261457443
0.09293772280216217
0.0938713476061821
0.09476202726364136
0.09569656848907471
0.09745115041732788
0.09970207512378693
0.1024312898516655
0.10583191365003586
0.10977712273597717
0.1140311062335968
0.11874840408563614
0.12449811398983002
0.131167933344841
0.13783666491508484
0.14454849064350128
0.5709145665168762
1.586083173751831
2.395266532897949
3.017157554626465
3.484588861465454
3.70803165435791
3.8700766563415527
4.011617183685303
4.131951808929443
4.225821495056152
4.293234348297119
4.342519283294678
