0.04131636023521423
0.045234307646751404
0.05109556019306183
0.05519229918718338
0.05607571080327034
0.05625574290752411
0.05648612231016159
0.056782450526952744
0.05704779922962189
0.05729300528764725
0.057480063289403915
0.05762432888150215
0.05775570496916771
0.05788073688745499
0.05799940228462219
0.05812899395823479
0.05824901536107063
0.058357566595077515
0.05845227465033531
0.058543361723423004
0.05863470211625099
0.0587417408823967
0.0588785745203495
0.05902523174881935
0.05918793007731438
0.05935163423418999
0.059511907398700714
0.0596911683678627
0.059896256774663925
0.06015551835298538
0.060535069555044174
0.061016105115413666
0.002900711726397276
0.0028104190714657307
0.0028054355643689632
0.002799425506964326
0.0027883187867701054
0.0027782837860286236
0.0530148521065712
0.05831005051732063
0.06052152439951897
0.06217845529317856
0.06360695511102676
0.06485339999198914
0.06598473340272903
0.06706752628087997
0.0681418627500534
0.06923519819974899
0.07035036385059357
0.07147778570652008
0.07262563705444336
0.07380445301532745
0.07501979917287827
0.07626482844352722
0.07754531502723694
0.07888633757829666
0.08022892475128174
0.08155035972595215
0.0828586220741272
0.08424531668424606
0.0856703519821167
0.08713143318891525
0.08865025639533997
0.09023954719305038
0.09186580777168274
0.09321612864732742
0.0943821370601654
0.09564502537250519
0.09695563465356827
0.09830822050571442
0.0996803268790245
0.10101676732301712
0.10271787643432617
0.10480013489723206
0.10647847503423691
0.10808804631233215
0.10963770002126694
0.11120001971721649
0.11269522458314896
0.1142084002494812
0.11575884371995926
0.11738309264183044
0.11907025426626205
0.120829276740551
0.12268225103616714
0.1245650202035904
0.12642443180084229
0.12623080611228943
0.12269796431064606
0.11959671974182129
0.11669936776161194
0.11393874883651733
