9.221126556396484
13.169301986694336
10.436095237731934
8.550803184509277
7.840668678283691
7.591869354248047
7.5439934730529785
7.571346759796143
7.569780349731445
7.493832588195801
7.403176784515381
7.313497543334961
7.231595039367676
7.159339427947998
7.096220970153809
6.9960551261901855
6.910848617553711
6.856502056121826
6.7946600914001465
6.750690460205078
6.732681751251221
6.739185810089111
6.767394065856934
6.813665390014648
6.874188423156738
6.945686340332031
7.022463321685791
7.098349571228027
7.176405429840088
7.258892059326172
7.350104808807373
7.451782703399658
0.44734618067741394
0.3977375328540802
0.3799097239971161
0.37902387976646423
0.38727325201034546
0.3966574966907501
8.453680038452148
8.704113960266113
8.997410774230957
9.266937255859375
9.613717079162598
10.051678657531738
10.601914405822754
11.279760360717773
12.09057903289795
12.986353874206543
13.933938026428223
14.913591384887695
15.922693252563477
17.000547409057617
18.225914001464844
19.575483322143555
21.05640983581543
22.655466079711914
24.315824508666992
25.968400955200195
27.67276954650879
29.37087631225586
30.986284255981445
32.585506439208984
34.13315200805664
35.61803436279297
37.021385192871094
38.330074310302734
39.5233268737793
40.59244155883789
41.540565490722656
42.385772705078125
43.15473175048828
43.86532211303711
44.53546142578125
45.16920852661133
45.767066955566406
46.33344650268555
46.859901428222656
47.38140869140625
47.83403396606445
48.21088409423828
48.536460876464844
48.82057189941406
49.07541275024414
49.31245422363281
49.546138763427734
49.774024963378906
49.98648452758789
50.16817092895508
50.29335403442383
50.33531951904297
50.307273864746094
50.23463439941406
