7.007076263427734
7.992988109588623
10.10310173034668
12.46161937713623
12.613358497619629
13.106599807739258
13.024887084960938
12.633933067321777
12.64766788482666
12.970720291137695
13.360077857971191
13.8331937789917
14.389179229736328
14.853553771972656
15.205279350280762
15.447447776794434
15.716150283813477
16.080259323120117
16.573760986328125
16.839040756225586
17.082080841064453
17.45220947265625
17.938325881958008
18.552927017211914
19.321256637573242
20.18609619140625
21.11585807800293
22.078340530395508
23.09063720703125
24.176265716552734
25.486846923828125
27.099214553833008
0.3968873918056488
0.2504219114780426
0.2319602072238922
0.2348020225763321
0.24137872457504272
0.24867111444473267
8.327726364135742
21.1641902923584
36.69606018066406
49.7647705078125
54.30238723754883
59.094032287597656
65.8425521850586
73.81224060058594
82.81160736083984
93.22813415527344
105.27147674560547
119.038330078125
133.82461547851562
149.437255859375
166.3402557373047
184.44093322753906
203.82717895507812
224.4085693359375
246.34043884277344
269.1632080078125
292.1222839355469
315.7559814453125
340.3576354980469
358.0912780761719
371.0765380859375
383.95941162109375
396.3670654296875
408.01544189453125
418.6886291503906
427.6231994628906
435.0908508300781
441.26025390625
446.4017028808594
450.8023681640625
454.688232421875
457.9676513671875
460.4442443847656
462.2978820800781
463.658203125
464.39678955078125
464.55023193359375
464.0005798339844
462.97052001953125
461.6287841796875
460.07232666015625
458.45196533203125
456.42608642578125
454.091552734375
451.8467102050781
449.5527648925781
447.2594909667969
444.92584228515625
442.6204833984375
440.3492736816406
