7.0329108238220215
8.091849327087402
10.62617301940918
12.67936897277832
11.125724792480469
11.112786293029785
11.617436408996582
11.9424467086792
12.09355354309082
12.258124351501465
12.577030181884766
13.064458847045898
13.657219886779785
14.050619125366211
14.568455696105957
15.12174129486084
15.687532424926758
16.299129486083984
16.939611434936523
17.64264488220215
18.323745727539062
19.020524978637695
19.84444808959961
20.865734100341797
22.146190643310547
23.68981170654297
25.530315399169922
27.734766006469727
30.501419067382812
34.12114334106445
38.96451950073242
45.20077133178711
1.171498417854309
0.9276913404464722
0.8231755495071411
0.8472167253494263
0.8815209865570068
0.9193294048309326
39.245018005371094
64.983642578125
78.0877456665039
95.54536437988281
111.00664520263672
126.31101989746094
142.40480041503906
159.0120086669922
176.1891326904297
193.4638671875
211.25047302246094
229.72308349609375
248.87384033203125
268.6131286621094
289.53662109375
311.3198547363281
333.74542236328125
356.1464538574219
369.796630859375
381.7143859863281
393.1528625488281
403.90777587890625
414.2165222167969
424.0915832519531
433.4046936035156
441.33343505859375
448.0116271972656
453.3931884765625
457.77691650390625
461.7041931152344
465.41033935546875
468.692138671875
470.9275817871094
472.0207214355469
473.0414123535156
473.9901123046875
474.64410400390625
475.07965087890625
475.2113037109375
475.1940002441406
474.8617248535156
474.3572998046875
473.7009582519531
473.22845458984375
472.6544189453125
471.2256774902344
469.79644775390625
468.3726806640625
466.94085693359375
465.4617004394531
463.98016357421875
462.5242004394531
461.0367736816406
459.5264892578125
457.9969482421875
