3.9968883991241455
4.693826675415039
6.045041561126709
7.399892807006836
7.227883338928223
6.731050491333008
6.566534519195557
6.671894073486328
6.940528392791748
7.271482944488525
7.633997440338135
8.04623031616211
8.545109748840332
8.90126895904541
8.776407241821289
8.586179733276367
8.47177505493164
8.442588806152344
8.4537935256958
8.519432067871094
8.633395195007324
8.784128189086914
8.968450546264648
9.182170867919922
9.411412239074707
9.629293441772461
9.841645240783691
10.058405876159668
10.27672004699707
10.497929573059082
10.734211921691895
10.989442825317383
0.16244107484817505
0.1361042559146881
0.14343151450157166
0.15086449682712555
0.15810342133045197
0.16556696593761444
11.267967224121094
12.742578506469727
13.014847755432129
13.183424949645996
13.372268676757812
13.601452827453613
13.87646770477295
14.1986665725708
14.562395095825195
14.95816421508789
15.365821838378906
15.801595687866211
16.244497299194336
16.692113876342773
17.157611846923828
17.73688316345215
18.342918395996094
18.933996200561523
19.530136108398438
20.130762100219727
20.737075805664062
21.34962272644043
21.96070098876953
22.565799713134766
23.1639461517334
23.753498077392578
24.33321189880371
24.901874542236328
25.461023330688477
26.013212203979492
26.560779571533203
27.113059997558594
27.685100555419922
28.269256591796875
28.863006591796875
29.456968307495117
30.073211669921875
30.694765090942383
31.309751510620117
31.910858154296875
32.491825103759766
33.053138732910156
33.59485626220703
34.16217803955078
34.70639419555664
35.19862747192383
35.649009704589844
36.065155029296875
36.455284118652344
36.820396423339844
37.166255950927734
37.49745178222656
37.81684875488281
38.12419891357422
