0.03790948912501335
0.03960935398936272
0.0427883043885231
0.04619181901216507
0.048975687474012375
0.051416605710983276
0.052451495081186295
0.05276119336485863
0.05290382727980614
0.053011562675237656
0.053186602890491486
0.05349390581250191
0.053769901394844055
0.05403611809015274
0.054263886064291
0.05447331443428993
0.05465283244848251
0.054810818284749985
0.05494985729455948
0.055085211992263794
0.05523858964443207
0.05540217086672783
0.05557716265320778
0.055757567286491394
0.05594993010163307
0.056143756955862045
0.05635031685233116
0.05661233142018318
0.05693874880671501
0.0573405846953392
0.05781383439898491
0.05834371596574783
0.0033306111581623554
0.0030676263850182295
0.0029265047051012516
0.002834404818713665
0.0027736921329051256
0.002730862470343709
0.05100220814347267
0.05513843148946762
0.05764192342758179
0.05936846882104874
0.060657255351543427
0.06171450763940811
0.06266440451145172
0.0635778084397316
0.06452276557683945
0.06551306694746017
0.06653089076280594
0.06757764518260956
0.06865567713975906
0.0697636604309082
0.07090266793966293
0.07206955552101135
0.07325946539640427
0.07446787506341934
0.07569749653339386
0.07700149714946747
0.07836628705263138
0.07966779917478561
0.08092116564512253
0.08223108947277069
0.08354789763689041
0.0848851352930069
0.08626102656126022
0.08772031217813492
0.08925828337669373
0.09087710827589035
0.09230639040470123
0.09364752471446991
0.0950096845626831
0.0967211201786995
0.09829571843147278
0.09984903782606125
0.10134629160165787
0.10293424874544144
0.10478922724723816
0.10650407522916794
0.10816297680139542
0.10975317656993866
0.11126571893692017
0.11269957572221756
0.11406230926513672
0.11536930501461029
0.11670882999897003
0.11801650375127792
0.11918216943740845
0.12025704979896545
0.11861308664083481
0.11564423888921738
0.1129060760140419
0.11029175668954849
