0.02523801103234291
0.029405934736132622
0.032315392047166824
0.033228468149900436
0.03375536575913429
0.03403695300221443
0.034250807017087936
0.034401558339595795
0.03453247994184494
0.034650567919015884
0.03481580317020416
0.03501786291599274
0.03521862253546715
0.035393379628658295
0.03557152301073074
0.03578409552574158
0.03600683435797691
0.03623010963201523
0.03645965829491615
0.03671395406126976
0.03700355067849159
0.0373462438583374
0.03774800896644592
0.038199532777071
0.0386996828019619
0.03924429789185524
0.039828523993492126
0.040453847497701645
0.04112592712044716
0.041837140917778015
0.04258153587579727
0.04334693402051926
0.0024822778068482876
0.002430352848023176
0.0023953362833708525
0.0023734671995043755
0.0023593108635395765
0.0023514595814049244
0.04015278071165085
0.04128469154238701
0.04210178181529045
0.04332152381539345
0.044403765350580215
0.04545198380947113
0.0465172603726387
0.04762578010559082
0.04878922551870346
0.05000815913081169
0.05128217488527298
0.052627816796302795
0.05406421795487404
0.05556461215019226
0.05681050941348076
0.05793271213769913
0.059034306555986404
0.06010933220386505
0.061176881194114685
0.062239158898591995
0.06325212121009827
0.0642160177230835
0.06513280421495438
0.06600753962993622
0.06685181707143784
0.06766685843467712
0.06845126301050186
0.06922221928834915
0.06993464380502701
0.07064522057771683
0.07138030230998993
0.07082574814558029
0.0684850886464119
0.06626185029745102
0.06409605592489243
0.06204631179571152
0.06006608530879021
0.05812305584549904
0.056184086948633194
0.05423906818032265
0.05234444513916969
0.050482261925935745
0.048633743077516556
0.04770596697926521
0.04680376127362251
0.04535854980349541
0.044071014970541
0.042868372052907944
0.04172012582421303
0.040666114538908005
0.03984485939145088
0.039099957793951035
0.03829089179635048
0.03741586580872536
0.036556173115968704
0.0357375405728817
