1499.9998779296875
1500.0
1500.0
1500.0
1500.0050048828125
1500.0
1500.0
1500.0
1500.0
1500.0
1500.0
1499.902587890625
1500.0
1500.0
1500.0
1500.0
1500.0
1500.0
1500.0
1500.0
1500.0
1500.0
1500.0
1500.0
1500.0
1500.0
1500.0
1500.0
1500.0
1500.0
1500.0
1500.0
100.0
100.0
100.0
100.0
100.0
100.0
1499.9989013671875
1500.0
1500.0
1500.0
1500.0
1500.0
1500.0
1500.0
1500.0
1500.0
1500.0
1500.0
1500.0
1500.0
1500.0
1500.0
1500.0
1500.0
1500.0
1500.0
1500.0
1500.0
1500.0
1500.0
1500.0
1500.0
1500.0
1447.0587158203125
1388.0784912109375
1331.664794921875
1276.7115478515625
1223.1507568359375
1171.0919189453125
1120.63671875
1071.8355712890625
1024.7147216796875
979.280029296875
935.4070434570312
893.3696899414062
853.1060180664062
814.3939208984375
777.2604370117188
741.7378540039062
707.508056640625
675.3271484375
644.6868896484375
615.449951171875
587.759521484375
561.4600830078125
535.8833618164062
510.8714294433594
488.92425537109375
467.7994689941406
447.5835266113281
