1500.0
1500.0
1500.0
1500.0
1500.0001220703125
1500.0
1500.0
1500.0
1500.0
1500.0
1500.0
1500.0
1500.0
1500.0
1500.0
1500.0
1500.0
1500.0
1500.0
1500.0
1500.0
1500.0
1500.0
1500.0
1500.0
1500.0
1500.0
1500.0
1500.0
1500.0
1500.0
1500.0
100.0
100.0
100.0
100.0
100.0
100.0
1500.0
1500.0
1500.0
1500.0
1500.0
1500.0
1500.0
1500.0
1500.0
1500.0
1500.0
1500.0
1474.0634765625
1406.1153564453125
1342.45556640625
1281.4854736328125
1223.0203857421875
1167.0279541015625
1113.21044921875
1062.0172119140625
1013.4007568359375
966.9299926757812
922.3403930664062
879.5921630859375
838.461669921875
818.3617553710938
798.6475830078125
760.91259765625
725.2689208984375
691.6986694335938
660.0673828125
630.6038818359375
603.5119018554688
578.69921875
555.8860473632812
534.7769775390625
515.1920776367188
496.9927062988281
479.67913818359375
464.2160339355469
450.1741638183594
437.29119873046875
425.4740905761719
414.6107177734375
404.6127624511719
395.4014587402344
386.88824462890625
379.0215148925781
371.7474670410156
365.0220031738281
358.7929992675781
353.0259704589844
347.70166015625
342.7833251953125
338.2094421386719
333.8529052734375
