2033.1622314453125
2024.2681884765625
2062.3134765625
2040.283447265625
2025.701904296875
2018.9755859375
2028.2666015625
2033.8621826171875
2044.7747802734375
2058.93017578125
2074.2861328125
2112.19921875
2157.0048828125
2240.7265625
2382.547607421875
2580.434814453125
2823.985107421875
3110.45263671875
3435.074462890625
3789.619873046875
4170.62548828125
4571.8681640625
4989.0029296875
5424.96240234375
5879.17724609375
6347.13037109375
6839.6328125
7341.72705078125
7900.396484375
8493.5341796875
9123.7275390625
9803.375
491.53521728515625
526.9866333007812
546.2316284179688
568.1265258789062
592.4906005859375
617.5377807617188
13535.9833984375
14194.4345703125
14457.970703125
14662.9111328125
14905.0595703125
15241.9111328125
15071.0400390625
14859.6669921875
14679.4970703125
14512.69921875
14351.5048828125
14184.1484375
14002.22265625
13799.703125
13572.4609375
13319.0361328125
13041.2490234375
12742.7861328125
12426.78515625
12094.728515625
11749.619140625
11396.8984375
11254.09375
11147.8056640625
11040.365234375
10859.6005859375
10680.1005859375
10328.1796875
9976.3212890625
9622.0458984375
9285.87109375
9119.7587890625
8955.998046875
8640.158203125
8335.205078125
8041.14306640625
7761.36328125
7497.025390625
7246.11376953125
7008.2783203125
6783.36279296875
6574.8125
6374.48974609375
6182.58642578125
5998.34375
5821.64208984375
5652.27099609375
5489.78076171875
5335.03125
5186.34033203125
5043.12060546875
4905.15478515625
4772.42041015625
4644.953125
4522.03125
4403.34814453125
4288.8984375
4178.55322265625
4071.945068359375
