2085.15087890625
2070.39111328125
2040.3729248046875
2016.831298828125
2025.8685302734375
2026.3123779296875
2036.6456298828125
2042.0052490234375
2053.60693359375
2057.771484375
2059.263916015625
2059.304443359375
2061.15234375
2061.2724609375
2060.172119140625
2067.61083984375
2073.793212890625
2083.160400390625
2090.9267578125
2097.6318359375
2104.96826171875
2112.82373046875
2125.19091796875
2139.3447265625
2163.19482421875
2183.013671875
2200.2890625
2219.67529296875
2235.73974609375
2253.855224609375
2278.125732421875
2303.8994140625
126.07627868652344
127.39765930175781
128.05548095703125
128.4772186279297
128.78578186035156
129.02645874023438
1878.8189697265625
2063.677734375
2238.242919921875
2373.1484375
2479.426025390625
2573.50732421875
2663.3232421875
2755.0361328125
2854.944091796875
2963.91845703125
3087.467041015625
3227.28955078125
3380.944580078125
3547.408935546875
3723.305419921875
3908.168212890625
4099.15234375
4292.78955078125
4484.83837890625
4670.4111328125
4848.10693359375
5021.18310546875
5193.7548828125
5371.26904296875
5560.0400390625
5761.052734375
5960.79736328125
6175.42041015625
6398.44287109375
6617.34326171875
6829.97314453125
7032.54833984375
7230.3193359375
7428.03076171875
7613.57470703125
7793.07373046875
7975.1953125
8153.28857421875
8323.5263671875
8471.0458984375
8605.4375
8709.951171875
8778.7060546875
8828.7216796875
8851.7978515625
8878.603515625
8896.6982421875
8902.615234375
8885.5419921875
8878.158203125
8884.8095703125
8907.8955078125
8914.5048828125
8967.70703125
