1500.0
1500.0
1500.0
1500.0
1500.0
1500.0
1500.0
1500.0
1500.0
1500.0
1500.0
1500.0
1500.0
1500.0
1500.0
1500.0
1500.0
1500.0
1500.0
1500.0
1500.0
1500.0
1500.0
1500.0
1500.0
1500.0
1500.0
1500.0
1500.0
1500.0
1500.0
1500.0
100.0
100.0
100.0
100.0
100.0
100.0
1500.0
1500.0
1500.0
1500.0
1500.0
1500.0
1500.0
1500.0
1500.0
1500.0
1500.0
1500.0
1500.0
1500.0
1500.0
1500.0
1500.0
1495.6944580078125
1433.45263671875
1373.2467041015625
1313.398193359375
1255.3736572265625
1198.733154296875
1142.5404052734375
1087.333984375
1033.644287109375
981.568115234375
933.2728881835938
888.3110961914062
846.0390014648438
805.3175659179688
766.4628295898438
728.1767578125
691.6112670898438
656.7626953125
624.4486694335938
594.0618286132812
565.6737060546875
541.3222045898438
518.3203735351562
496.2508239746094
475.0520324707031
454.55963134765625
434.12188720703125
414.13055419921875
393.83648681640625
374.6206359863281
356.5271911621094
338.74896240234375
320.505859375
303.64703369140625
288.0580749511719
273.6021423339844
259.7607421875
