0.007935352623462677
0.008816485293209553
0.009787227027118206
0.01086921151727438
0.011449546553194523
0.011579879559576511
0.011674575507640839
0.011756649240851402
0.011850583367049694
0.011930863372981548
0.0120142986997962
0.012146331369876862
0.012283352203667164
0.012425478547811508
0.012571359984576702
0.01274495292454958
0.01299889013171196
0.013304311782121658
0.013650774955749512
0.014027690514922142
0.014424922876060009
0.014812975190579891
0.015166730619966984
0.015542769804596901
0.0159368384629488
0.016350077465176582
0.01678602024912834
0.017246536910533905
0.01772933080792427
0.018234699964523315
0.01875993236899376
0.019314615055918694
0.0010915130842477083
0.0010922977235168219
0.0011075327638536692
0.001119612599723041
0.0011262069456279278
0.0011269592214375734
0.01924394629895687
0.019493233412504196
0.01958560012280941
0.01994648203253746
0.02040061727166176
0.020929638296365738
0.021523689851164818
0.022016150876879692
0.022521749138832092
0.023075157776474953
0.02365778386592865
0.024264302104711533
0.024882299825549126
0.025500494986772537
0.026096055284142494
0.026678496971726418
0.027250349521636963
0.02753468044102192
0.02781466580927372
0.02835182659327984
0.028866784647107124
0.029359309002757072
0.029828598722815514
0.030290018767118454
0.030756719410419464
0.030986573547124863
0.031215481460094452
0.03166494518518448
0.03211424872279167
0.032524123787879944
0.03290420025587082
0.033087629824876785
0.03326161950826645
0.033441852778196335
0.03220547363162041
0.031112926080822945
0.03010455332696438
0.02915821596980095
0.028263503685593605
0.027412712574005127
0.026601722463965416
0.02582833357155323
0.025092199444770813
0.024391867220401764
0.02372507005929947
0.023086342960596085
0.022474126890301704
0.02188817411661148
0.02132926695048809
0.020793424919247627
0.0202761460095644
0.019776228815317154
0.01929568313062191
0.01883864402770996
0.01839953102171421
0.017977453768253326
0.01756940595805645
0.017175476998090744
