0.09428296983242035
0.10522516816854477
0.12077534198760986
0.12948361039161682
0.13477596640586853
0.13920016586780548
0.14275743067264557
0.14415769279003143
0.1450173258781433
0.14591677486896515
0.14672814309597015
0.14738887548446655
0.14795051515102386
0.14844240248203278
0.14893610775470734
0.1494128704071045
0.14992563426494598
0.15045954287052155
0.15096032619476318
0.15145431458950043
0.15190958976745605
0.15235674381256104
0.15287519991397858
0.1533801406621933
0.15384739637374878
0.1542707234621048
0.15467263758182526
0.1551411896944046
0.15561681985855103
0.1562056988477707
0.15683665871620178
0.1575329750776291
0.019443349912762642
0.010800412856042385
0.008908454328775406
0.008190585300326347
0.0079417759552598
0.007793669123202562
0.12403661757707596
0.1399490237236023
0.14848889410495758
0.1547887623310089
0.15960906445980072
0.16435188055038452
0.1686902642250061
0.17267988622188568
0.17647884786128998
0.18025216460227966
0.1841847002506256
0.18835198879241943
0.1926545351743698
0.1970410943031311
0.20151597261428833
0.20618143677711487
0.2109440267086029
0.21586492657661438
0.22095032036304474
0.22618535161018372
0.23142287135124207
0.23672285676002502
0.24238787591457367
0.25221553444862366
0.2630167603492737
0.274677574634552
0.28640633821487427
0.29895615577697754
0.31334948539733887
0.3292244076728821
0.3462488055229187
0.3643300235271454
0.38350215554237366
0.3956073224544525
0.39179494976997375
0.38990768790245056
0.3889993131160736
0.3888302147388458
0.388525128364563
0.38776811957359314
0.3871647119522095
0.38693365454673767
0.3870311677455902
0.3874518573284149
0.38816317915916443
0.3890233635902405
0.3898802697658539
0.3908500075340271
0.45039820671081543
2.9814541339874268
4.994661331176758
6.598304271697998
7.877531051635742
8.917243003845215
