1499.1695556640625
1500.0
1500.0
1500.0
1500.0
1500.0
1500.0
1500.0
1500.0
1500.0
1500.0
1500.0
1500.0
1500.0
1500.0
1500.0
1500.0
1500.0
1500.0
1500.0
1500.0
1500.0
1500.0
1500.0
1500.0
1500.0
1500.0
1500.0
1500.0
1500.0
1500.0
1500.0
1500.0
100.0
100.0
100.0
100.0
100.0
100.0
100.0
1500.0
1500.0
1500.0
1500.0
1500.0
1500.0
1500.0
1492.264404296875
1413.8463134765625
1340.060791015625
1269.59619140625
1203.106689453125
1141.5867919921875
1084.2596435546875
1030.5146484375
979.8181762695312
931.10302734375
911.9712524414062
901.1987915039062
886.6610717773438
847.400634765625
811.0162963867188
776.4680786132812
744.3233642578125
715.1342163085938
688.9200439453125
665.2522583007812
643.4409790039062
623.2041625976562
603.3184814453125
593.83544921875
583.303955078125
563.7371215820312
544.6900024414062
525.72021484375
505.8984680175781
487.6626892089844
473.4503173828125
461.2836608886719
450.0088806152344
439.5369567871094
429.23052978515625
418.88916015625
408.4826965332031
397.9800109863281
387.21875
376.0049133300781
365.98504638671875
357.0771484375
347.8110046386719
339.47845458984375
331.7386474609375
324.48773193359375
317.552490234375
310.9060974121094
304.55792236328125
298.5022888183594
292.7672119140625
