1500.0
1500.0
1500.0
1500.0
1499.9998779296875
1500.0
1500.0
1500.0
1499.9998779296875
1500.0
1500.0
1500.0
1500.0
1500.0
1500.0
1500.0
1500.0
1500.0
1500.0
1500.0
1500.0
1500.0
1500.0
1500.0
1500.0
1500.0
1500.0
1500.0
1500.0
1500.0
1500.0
1500.0
1500.0
99.99996185302734
100.0
100.0
100.0
100.0
100.0
1499.9998779296875
1500.0
1500.0
1500.0
1500.0
1500.0
1500.0
1500.0
1500.0
1500.0
1500.0
1500.0
1500.0
1500.0
1500.0
1500.0
1500.0
1500.0
1500.0
1500.0
1461.1517333984375
1401.497802734375
1353.37744140625
1307.4873046875
1262.18115234375
1217.725830078125
1174.64453125
1131.502197265625
1088.383056640625
1045.036376953125
1000.4405517578125
955.2174072265625
916.9825439453125
886.942626953125
858.34326171875
829.62939453125
799.904296875
768.9725341796875
741.3699951171875
728.161865234375
715.4788818359375
690.6564331054688
666.3724365234375
648.8344116210938
627.5393676757812
590.0762329101562
541.2913818359375
484.70477294921875
464.22454833984375
450.3858642578125
437.1153564453125
423.4151306152344
409.287353515625
395.5513000488281
381.983642578125
369.2362060546875
356.7431945800781
