473.1903076171875
436.0669860839844
377.07501220703125
336.9167175292969
300.76995849609375
276.98590087890625
248.0841522216797
227.5382537841797
210.70480346679688
196.39125061035156
182.831787109375
169.7573699951172
157.1807861328125
144.953369140625
133.23226928710938
122.88299560546875
113.96514892578125
106.2024154663086
101.1742172241211
99.51620483398438
97.89291381835938
96.18157196044922
94.3560562133789
92.38533020019531
90.20230865478516
87.90986633300781
85.70767974853516
83.64924621582031
81.47737884521484
79.1091079711914
76.54100036621094
74.23407745361328
72.46892547607422
70.66716003417969
69.78043365478516
68.86346435546875
67.05648040771484
65.38336181640625
63.90678024291992
62.60185623168945
61.428279876708984
60.351261138916016
59.847129821777344
59.35906219482422
58.42066955566406
57.46327590942383
56.49004364013672
55.519248962402344
54.50630569458008
53.45924377441406
52.35643005371094
51.20735549926758
50.027706146240234
48.84541702270508
47.6672248840332
46.51402282714844
45.39194869995117
44.30490493774414
43.257591247558594
42.25172424316406
41.287017822265625
40.37343215942383
39.5068473815918
38.679054260253906
37.88661193847656
37.12423324584961
36.38813400268555
35.677791595458984
35.00057601928711
34.340694427490234
33.71477508544922
33.1120491027832
32.55992889404297
32.02396011352539
31.504779815673828
31.002151489257812
30.515016555786133
30.042329788208008
29.5836124420166
29.13784408569336
28.704322814941406
28.282554626464844
27.872100830078125
27.472002029418945
27.22539710998535
27.073083877563477
26.70017433166504
26.32827377319336
25.965864181518555
25.612607955932617
25.26825523376465
24.932205200195312
24.603940963745117
24.282833099365234
23.96890640258789
23.664304733276367
23.36802101135254
