1500.0
1288.76123046875
1120.7398681640625
1054.6016845703125
1023.8218994140625
1004.6919555664062
990.8007202148438
978.8233642578125
968.236083984375
957.2822875976562
944.7945556640625
932.764892578125
921.7960815429688
911.3870849609375
902.1835327148438
893.5194091796875
885.1572875976562
876.9741821289062
868.9072265625
861.0198364257812
852.8416748046875
843.94677734375
833.8939208984375
822.3141479492188
809.060302734375
794.2975463867188
778.23291015625
761.1504516601562
743.2548828125
725.4500732421875
708.887939453125
692.2474365234375
100.0
100.0
100.0
100.0
100.0
100.0
715.2255249023438
663.833251953125
629.0603637695312
606.61328125
590.0536499023438
576.0218505859375
562.7841186523438
549.5216064453125
535.9185180664062
521.8956909179688
507.4505310058594
492.51434326171875
477.46142578125
462.79559326171875
448.1258544921875
433.5124206542969
418.9806213378906
404.4652404785156
390.2624816894531
376.40985107421875
362.8170166015625
349.4657897949219
336.36761474609375
323.5010986328125
310.8954162597656
298.5285339355469
286.5054931640625
274.8830871582031
263.674072265625
252.98023986816406
242.8177032470703
233.02061462402344
223.56661987304688
214.4506378173828
205.6472625732422
197.15786743164062
189.0164031982422
181.2156982421875
173.7493438720703
166.62171936035156
159.77333068847656
152.9961395263672
146.6784210205078
140.68487548828125
135.0028076171875
132.2522735595703
129.56881713867188
124.42780303955078
119.46903991699219
114.24248504638672
109.54253387451172
105.14614868164062
100.91620635986328
96.86512756347656
93.00678253173828
