1500.0
1500.0
1500.0
1500.0260009765625
1500.0
1500.0
1500.0
1500.0
1500.0
1500.0
1500.0
1500.0
1500.0
1500.0
1500.0
1500.0
1500.0
1500.0
1500.0
1500.0
1500.0
1500.0
1500.0
1500.0
1500.0
1500.0
1500.0
1500.0
1500.0
1500.0
1500.0
1500.0
100.0
100.0
100.0
100.0
100.0
100.0
1500.0
1500.0
1500.0
1500.0
1500.0
1500.0
1500.0
1500.0
1500.0
1500.0
1500.0
1500.0
1500.0
1500.0
1500.0
1500.0
1500.0
1500.0
1500.0
1500.0
1500.0
1500.0
1500.0
1500.0
1500.0
1454.0858154296875
1400.9610595703125
1349.03369140625
1297.92431640625
1247.7520751953125
1198.999267578125
1151.8282470703125
1106.1964111328125
1062.1209716796875
1019.5679321289062
978.5477905273438
939.026611328125
900.9722290039062
864.3750610351562
829.2276611328125
795.4771728515625
763.1069946289062
732.1002197265625
702.4126586914062
673.8722534179688
646.47314453125
620.0531005859375
595.0853271484375
571.2766723632812
548.44091796875
526.37939453125
503.65753173828125
484.054443359375
465.2107238769531
