1500.0
1500.0
1500.0
1500.0
1500.0
1500.0
1499.9998779296875
1500.0
1500.0
1500.0
1500.0
1500.0
1500.0
1500.0
1500.0
1500.0
1500.0
1500.0
1500.0
1500.0
1500.0
1500.0
1500.0
1500.0
1500.0
1500.0
1500.0
1500.0
1500.0
1500.0
1500.0
1500.0
1500.0
99.99358367919922
100.0
100.0
100.0
100.0
100.0
1499.995361328125
1500.0
1500.0
1500.0003662109375
1500.0
1500.0001220703125
1499.9993896484375
1500.0
1500.0
1500.0
1500.0
1500.0
1500.0
1500.0
1500.0
1500.0
1500.0
1500.0
1500.0
1500.0
1500.0
1500.0
1500.0
1500.0
1500.0
1500.0
1500.0
1499.9993896484375
1466.9998779296875
1411.330322265625
1365.141845703125
1324.7249755859375
1289.292236328125
1255.9068603515625
1222.9549560546875
1189.854248046875
1173.2635498046875
1158.2315673828125
1131.0166015625
1103.9947509765625
1075.825439453125
1047.4251708984375
1017.9669799804688
990.3295288085938
963.514892578125
936.92626953125
908.6091918945312
880.5017700195312
854.2516479492188
831.4403686523438
811.03759765625
792.0316772460938
773.89697265625
756.4429931640625
740.947265625
727.919677734375
715.1068115234375
