1500.0
1500.0
1500.0
1499.9998779296875
1500.0
1500.0
1500.0
1499.9998779296875
1500.0
1500.0
1500.0
1500.0
1500.0
1473.6051025390625
1433.1231689453125
1388.385986328125
1345.861083984375
1314.374267578125
1289.400146484375
1265.45703125
1241.036376953125
1214.368896484375
1185.9669189453125
1156.7916259765625
1126.513671875
1096.7916259765625
1066.066162109375
1035.2159423828125
1004.2188720703125
972.7907104492188
938.3374633789062
901.08447265625
100.0
100.0
100.0
100.0
100.0
100.0
1364.475341796875
1032.955078125
893.6033935546875
790.620849609375
745.2943725585938
723.7583618164062
705.6995849609375
687.8052368164062
669.9379272460938
651.9786376953125
633.5776977539062
615.266845703125
597.960205078125
581.3242797851562
565.21875
549.46875
533.9598999023438
518.6710205078125
503.6058654785156
488.8497314453125
474.4725646972656
460.4037170410156
446.653564453125
433.2453918457031
420.18438720703125
407.50286865234375
395.2534484863281
383.4446105957031
372.0971984863281
361.19732666015625
350.732177734375
340.6562805175781
331.0218811035156
321.8491516113281
313.2253112792969
304.96368408203125
296.9957275390625
289.2328796386719
281.6824645996094
274.3544006347656
267.2559814453125
260.3894348144531
253.7718048095703
247.39039611816406
241.25997924804688
235.3734588623047
229.7234649658203
224.2967071533203
219.08798217773438
214.09521484375
209.31517028808594
204.74949645996094
200.3653564453125
196.1547088623047
192.11326599121094
