1500.0
1500.0726318359375
1500.0
1500.0
1500.0
1500.0
1500.0
1500.0
1500.0
1500.0
1500.0
1500.0
1500.0
1500.0
1500.0
1500.0
1500.0
1500.0
1500.0
1500.0
1500.0
1488.0205078125
1393.419677734375
1304.891357421875
1219.4197998046875
1136.3359375
1055.814453125
979.0537719726562
907.27294921875
841.3419799804688
780.65869140625
724.9113159179688
674.1160278320312
627.4646606445312
99.99999237060547
100.0
100.0
100.0
100.0
100.0
660.8201904296875
622.8165893554688
603.1820068359375
561.099853515625
519.1465454101562
488.41748046875
459.2405700683594
440.4656066894531
431.2899169921875
404.246337890625
378.6225891113281
354.9417419433594
333.4063720703125
314.9902648925781
298.3138122558594
282.22821044921875
266.9285888671875
253.275634765625
238.4495086669922
223.40602111816406
210.54360961914062
201.7287139892578
193.67083740234375
187.16085815429688
181.018310546875
175.04876708984375
169.2734375
163.92745971679688
156.59890747070312
149.57933044433594
143.6453399658203
138.4509735107422
133.82351684570312
129.67808532714844
125.96448516845703
122.59255981445312
119.4544448852539
116.59043884277344
114.06298828125
111.78057098388672
109.66973876953125
107.6664810180664
105.74537658691406
103.91578674316406
102.17755889892578
100.54108428955078
98.9978256225586
97.56092071533203
96.21857452392578
94.9294662475586
93.65730285644531
92.42166137695312
91.25883483886719
90.10462188720703
88.92859649658203
87.71875762939453
