1499.9993896484375
1499.9998779296875
1500.0
1500.0
1500.0
1500.0
1499.9998779296875
1500.0
1500.0
1500.0
1500.0
1500.0
1500.0
1500.0
1500.0
1500.0
1500.0
1500.0
1500.0
1500.0
1500.0
1500.0
1500.0
1500.0
1500.0
1500.0
1500.0
1500.0
1500.0
1500.0
1500.0
1500.0
1500.0
99.99995422363281
100.0
100.0
100.0
100.0
100.0
1499.9998779296875
1500.0
1500.0
1499.9998779296875
1500.0
1499.9981689453125
1499.9981689453125
1500.0
1500.0
1500.0
1500.0
1500.0
1500.0
1500.0
1500.0
1500.0
1500.0
1500.0
1462.181640625
1393.2950439453125
1331.351318359375
1272.836669921875
1216.5360107421875
1162.360107421875
1110.239013671875
1060.049560546875
1011.7435302734375
965.4822387695312
922.1710205078125
882.2022094726562
850.2015380859375
823.1035766601562
799.1041870117188
777.131103515625
756.4964599609375
746.4174194335938
736.6024780273438
717.7323608398438
699.4940795898438
681.7294311523438
664.7460327148438
648.6097412109375
633.1669921875
618.2731323242188
603.7149047851562
589.3878173828125
574.6492919921875
559.8765869140625
545.7506713867188
532.1783447265625
519.1180419921875
506.89874267578125
495.21099853515625
484.4705505371094
475.42657470703125
467.5429992675781
459.82244873046875
