1500.0
1500.0
1500.0
1500.0
1499.9947509765625
1500.0
1500.0
1500.0
1500.0
1500.0
1500.0
1500.0
1500.0
1500.0
1500.0
1500.0
1500.0
1500.0
1500.0
1500.0
1500.0
1500.0
1500.0
1500.0
1500.0
1500.0
1500.0
1500.0
1500.0
1500.0
1500.0
1474.897705078125
1388.548095703125
1312.6566162109375
100.0
100.0
100.0
100.0
100.0
100.0
1500.0
1500.0
1500.0
1500.0
1454.8814697265625
1337.8134765625
1239.9432373046875
1154.376708984375
1079.47314453125
1013.8275146484375
956.2066650390625
905.802001953125
861.551513671875
822.4775390625
788.3104248046875
758.1092529296875
732.0330200195312
709.1011352539062
688.1502685546875
668.5353393554688
650.4425659179688
633.49365234375
617.411376953125
602.041015625
587.3032836914062
572.969482421875
558.8497924804688
545.2301025390625
532.3490600585938
520.2706909179688
508.2403564453125
496.41943359375
485.5613098144531
476.1645812988281
466.77581787109375
455.482666015625
444.3363342285156
434.09625244140625
424.18011474609375
414.5972595214844
405.528564453125
396.8564453125
388.5732116699219
380.6825866699219
373.0067138671875
365.4622497558594
358.0162048339844
350.7843933105469
343.4421691894531
336.6585998535156
330.3236389160156
324.4947204589844
318.78106689453125
313.0130310058594
307.0238952636719
