1500.0
1499.9998779296875
1500.0
1500.0
1500.0
1500.0
1500.0
1500.0
1500.0
1500.0
1500.0
1500.0
1500.0
1500.0
1500.0
1500.0
1500.0
1500.0
1500.0
1500.0
1500.0
1500.0
1500.0
1500.0
1500.0
1500.0
1500.0
1500.0
1500.0
1500.0
1500.0
1500.0
100.0
100.0
100.0
100.0
100.0
100.0
1500.0
1500.0
1500.0
1500.0
1500.0
1500.0
1500.0
1500.0
1500.0
1500.0
1500.0
1500.0
1500.0
1500.0
1500.0
1500.0
1500.0
1500.0
1500.0
1500.0
1500.0
1500.0
1500.0
1500.0
1500.0
1500.0
1481.830078125
1428.7137451171875
1377.6815185546875
1327.376953125
1277.8720703125
1229.4676513671875
1182.4805908203125
1136.8878173828125
1092.68896484375
1049.8865966796875
1008.4864501953125
968.5020141601562
929.9349975585938
892.7943725585938
857.0446166992188
822.7008056640625
789.7041015625
758.0322875976562
727.6763305664062
698.5447387695312
670.5405883789062
643.4401245117188
617.7042236328125
593.1862182617188
569.70947265625
547.206787109375
524.7836303710938
503.0865173339844
