1499.9993896484375
1500.0
1500.0
1500.0
1500.0
1500.0
1500.0
1500.0
1500.0
1500.0
1500.0
1500.0
1499.9998779296875
1500.0
1500.0
1500.0
1500.0
1500.0
1500.0
1500.0
1500.0
1500.0
1500.0
1500.0
1500.0
1500.0
1500.0
1500.0
1500.0
1500.0
1500.0
1500.0
100.0
100.0
100.0
100.0
100.0
100.0
100.0
1500.0
1500.0
1500.0
1500.0
1500.0
1500.0
1500.0
1500.0
1500.0
1500.0
1500.0
1500.0
1500.0
1411.20166015625
1317.69287109375
1232.2833251953125
1191.87744140625
1170.9508056640625
1153.093505859375
1116.762939453125
1082.047119140625
1017.739990234375
964.5220336914062
919.4752197265625
878.2345581054688
840.6156616210938
806.2970581054688
775.862548828125
748.6160278320312
723.45263671875
699.771484375
677.0032348632812
655.8614501953125
636.360595703125
616.468017578125
596.9846801757812
578.5932006835938
561.1102905273438
544.30029296875
528.0975341796875
512.7683715820312
495.639404296875
481.79791259765625
471.77587890625
462.0777893066406
451.5631408691406
441.013916015625
431.2503967285156
422.47344970703125
414.5168762207031
406.3087158203125
397.9825439453125
389.7388000488281
381.7011413574219
373.898681640625
366.5437316894531
359.5601501464844
352.71429443359375
345.5985107421875
