1500.0
1500.0
1500.0
1499.9998779296875
1500.0
1500.0147705078125
1500.0081787109375
1500.0
1500.0
1500.0
1500.0
1500.0
1500.0
1500.0
1500.0
1500.0
1500.0
1480.5927734375
1448.7606201171875
1413.81298828125
1377.7093505859375
1347.1380615234375
1323.3070068359375
1302.881591796875
1283.1192626953125
1264.135986328125
1245.1368408203125
1223.4974365234375
1199.9593505859375
1175.1148681640625
1148.3367919921875
1122.581298828125
100.0
100.0
100.0
100.0
100.0
100.0
1500.0
1229.5643310546875
1055.20849609375
1002.9251098632812
977.909912109375
956.4810791015625
931.0460205078125
901.6306762695312
870.8789672851562
838.7946166992188
807.4381103515625
776.8720092773438
747.1670532226562
726.2801513671875
709.7596435546875
693.435791015625
676.9617309570312
660.9055786132812
645.5414428710938
630.8289794921875
616.529296875
602.5147094726562
588.6704711914062
574.9644775390625
561.3705444335938
547.8659057617188
534.4839477539062
521.2950439453125
508.2962951660156
495.4507751464844
482.75079345703125
470.2529296875
457.99456787109375
446.01080322265625
434.3143615722656
422.9065246582031
411.80438232421875
401.0285949707031
390.5874328613281
380.4895324707031
370.7323913574219
361.312255859375
352.1693115234375
343.2828063964844
334.66796875
326.3421325683594
318.4525451660156
310.92047119140625
303.50677490234375
296.20440673828125
289.04779052734375
282.0509948730469
275.2186279296875
268.5649108886719
