1499.9996337890625
1500.0
1500.0
1500.0
1500.0
1500.0
1500.0
1500.0
1500.0
1500.0
1500.0
1500.0
1500.0
1500.0
1500.0
1500.0
1500.0
1500.0
1500.0
1500.0
1500.0
1500.0
1500.0
1500.0
1500.0
1500.0
1500.0
1500.0
1500.0
1500.0
1500.0
1500.0
100.0
100.0
100.0
100.0
100.0
99.99994659423828
1500.0
1500.0
1500.0
1500.0
1500.0
1500.0
1500.0
1500.0
1500.0
1500.0
1500.0
1500.0
1500.0
1500.0
1500.0
1500.0
1500.0
1500.0
1500.0
1500.0
1500.0
1500.0
1500.0
1500.0
1500.0
1500.0
1500.0
1500.0
1500.0
1500.0
1500.0
1500.0
1437.1756591796875
1379.8671875
1325.900634765625
1276.5667724609375
1229.4267578125
1183.1273193359375
1136.4556884765625
1092.05859375
1050.2333984375
1009.8113403320312
970.7107543945312
933.7799682617188
898.2106323242188
863.0946655273438
828.8961181640625
797.1390380859375
765.5187377929688
733.607421875
701.80322265625
671.6290893554688
645.0221557617188
621.3042602539062
