1500.0
1500.0
1500.0
1500.0
1500.033203125
1500.0
1500.0
1500.0
1500.0
1500.0
1499.9876708984375
1500.0
1500.0
1500.0
1500.0
1500.0
1500.0
1500.0
1499.9993896484375
1500.0
1500.0
1500.0
1500.0
1500.0
1500.0
1500.0
1500.0
1500.0
1500.0
1500.0
1500.0
1500.0
100.0
100.0
100.0
100.0
100.0
100.0
1499.9998779296875
1500.0
1500.0
1500.0
1500.0
1500.0
1500.0
1500.0
1500.0
1500.0
1500.0
1500.0
1500.0
1500.0
1500.0
1500.0
1500.0
1500.0
1500.0
1500.0
1500.0
1500.0
1500.0
1500.0
1500.0
1500.0
1500.0
1500.0
1500.0
1500.0
1497.4501953125
1449.169189453125
1403.5233154296875
1359.1756591796875
1315.7510986328125
1273.4688720703125
1232.3804931640625
1192.5103759765625
1153.59423828125
1115.771484375
1078.833740234375
1042.8155517578125
1008.0135498046875
974.5098876953125
941.0400390625
908.956298828125
878.1053466796875
848.2890625
819.4808959960938
791.7299194335938
764.9988403320312
739.187744140625
714.1649169921875
690.0668334960938
