1500.0
1500.0
1500.0
1500.0001220703125
1500.0
1500.0
1500.0
1500.0
1500.0
1500.0
1500.0
1500.0
1500.0
1500.0
1500.0
1500.0
1500.0
1500.0
1500.0
1500.0
1500.0
1500.0
1500.0
1500.0
1500.0
1500.0
1500.0
1500.0
1500.0
1500.0
1500.0
1500.0
100.0
100.0
100.0
100.0
100.0
100.0
1500.0
1500.0
1500.0
1500.0
1500.0
1500.0
1500.0
1500.0
1500.0
1500.0
1500.0
1500.0
1500.0
1500.0
1500.0
1500.0
1456.76953125
1395.503662109375
1333.7222900390625
1272.45361328125
1212.6695556640625
1154.30322265625
1097.6627197265625
1043.7625732421875
992.47900390625
944.6710815429688
898.8678588867188
855.910888671875
814.2133178710938
772.6326293945312
735.4198608398438
698.1670532226562
661.2526245117188
626.4732055664062
594.5396728515625
557.7742919921875
519.0120239257812
493.7645263671875
467.5910339355469
439.97796630859375
413.8282470703125
391.2146301269531
370.1150207519531
349.4095458984375
329.1754150390625
310.48980712890625
292.77838134765625
276.0001525878906
261.2549133300781
248.2462158203125
235.885498046875
223.97119140625
212.2220458984375
200.57852172851562
