1500.0
1500.0
1500.0
1500.0
1500.0
1500.0040283203125
1500.0
1500.0
1499.9998779296875
1500.0
1500.0
1499.9998779296875
1499.9998779296875
1499.9984130859375
1500.0
1500.0
1499.9998779296875
1499.997802734375
1499.9998779296875
1499.999755859375
1499.9998779296875
1499.9998779296875
1499.999755859375
1499.999755859375
1499.999755859375
1500.0
1500.0
1500.0
1499.9991455078125
1499.9993896484375
1499.9996337890625
1499.999267578125
99.99128723144531
100.0
100.0
100.0
100.0
100.0
1500.0
1499.9998779296875
1500.0
1500.0
1500.0
1500.0
1500.0
1500.0
1500.0
1500.0
1500.0
1500.0
1500.0
1500.0
1500.0
1500.0
1500.0
1500.0
1500.0
1500.0
1500.0
1500.0
1500.0
1500.0
1500.0
1500.0
1469.8463134765625
1439.785400390625
1411.68896484375
1383.8917236328125
1356.0386962890625
1328.510009765625
1300.97216796875
1273.597412109375
1246.548095703125
1219.441162109375
1192.1962890625
1164.5240478515625
1136.148193359375
1107.607177734375
1079.46728515625
1051.8560791015625
1025.0772705078125
999.043212890625
973.592041015625
948.8385009765625
925.2257080078125
902.3692016601562
880.29638671875
858.8343505859375
837.6207885742188
816.7410888671875
796.1940307617188
776.0873413085938
