1499.9996337890625
1499.9998779296875
1175.5487060546875
990.1310424804688
944.8973388671875
919.129150390625
895.9765625
873.968017578125
854.2927856445312
837.0048828125
818.1482543945312
801.0184326171875
785.6234741210938
770.7400512695312
755.8592529296875
741.2186889648438
726.2653198242188
710.7001953125
695.4065551757812
682.2381591796875
670.399658203125
658.721435546875
646.8359985351562
634.6339111328125
622.0985717773438
609.09765625
597.7669067382812
587.6192016601562
577.7891235351562
567.5294189453125
556.43505859375
545.3618774414062
100.0
100.0
100.0
100.0
100.0
100.0
884.0465087890625
633.738037109375
541.1925048828125
490.6163635253906
462.2110900878906
443.75665283203125
431.1029357910156
419.2640075683594
407.7219543457031
397.3739013671875
387.3993225097656
379.6323547363281
373.3791198730469
366.7506408691406
360.146484375
353.9020690917969
348.0048828125
342.23602294921875
336.5706481933594
330.83197021484375
325.39874267578125
319.9425964355469
314.3673095703125
308.6936950683594
303.03851318359375
297.4549255371094
291.9294738769531
286.4087829589844
280.9327087402344
275.4834289550781
270.0301818847656
264.5620422363281
259.0686950683594
253.54200744628906
247.99717712402344
242.4528350830078
236.92747497558594
231.47608947753906
226.07376098632812
220.7264862060547
215.46331787109375
210.29881286621094
205.23171997070312
200.26287841796875
195.4414825439453
190.86865234375
186.34230041503906
181.88214111328125
177.50144958496094
173.23184204101562
169.05128479003906
164.9801025390625
161.02769470214844
157.17742919921875
