1500.024169921875
1500.0
1500.0
1499.9991455078125
1500.0
1500.0
1500.0
1500.0
1500.0
1500.0
1500.0
1500.0
1500.0
1500.0
1500.0
1500.0
1500.0
1500.0
1500.0
1500.0
1500.0
1500.0
1500.0
1500.0
1500.0
1483.679931640625
1418.1239013671875
1361.2216796875
1303.421875
1246.8800048828125
1188.76025390625
1131.656494140625
1075.9400634765625
100.0
100.0
100.0
100.0
100.0
100.0
100.0
984.6900634765625
922.76318359375
881.53369140625
831.5494995117188
789.2015991210938
749.1563720703125
723.142822265625
710.3271484375
672.4757080078125
636.1646118164062
601.6326904296875
568.9608764648438
537.8869018554688
508.18780517578125
479.8936767578125
466.2333068847656
452.9328308105469
427.4889831542969
415.2272644042969
403.2843017578125
380.5605163574219
359.19647216796875
339.1417236328125
320.05780029296875
302.0052185058594
293.35137939453125
285.0697326660156
268.8669738769531
254.15892028808594
240.4286346435547
227.4512176513672
215.35032653808594
204.08001708984375
193.5020294189453
183.60540771484375
174.3640594482422
165.79229736328125
157.81353759765625
150.37506103515625
143.4367218017578
136.94058227539062
130.8556365966797
125.15070343017578
119.78863525390625
114.73172760009766
109.93538665771484
105.40839385986328
101.14788818359375
97.12616729736328
93.33475494384766
89.76039123535156
86.38655853271484
83.19390106201172
80.17025756835938
77.30182647705078
74.57244873046875
71.97684478759766
69.50421142578125
67.13910675048828
