1500.0
1500.0
1500.0
1500.0
1500.0
1500.0
1500.0
1500.007568359375
1500.0
1500.0
1500.0
1499.9996337890625
1499.9998779296875
1499.9998779296875
1499.999755859375
1500.0
1499.9990234375
1499.999755859375
1500.0
1499.99951171875
1499.99951171875
1499.99951171875
1500.0
1499.9996337890625
1500.0
1499.999755859375
1500.0
1499.9996337890625
1500.0
1500.0
1499.99560546875
1499.9976806640625
99.95784759521484
100.0
100.0
100.0
100.0
100.0
1500.0
1500.0
1500.0
1500.0
1500.0
1500.0
1500.0
1500.0
1500.0
1500.0
1500.0
1500.0
1500.0
1500.0
1500.0
1500.0
1500.0
1499.9998779296875
1483.1923828125
1446.5958251953125
1413.09033203125
1379.81689453125
1345.8238525390625
1309.9119873046875
1273.830810546875
1238.0269775390625
1203.0809326171875
1168.7662353515625
1134.6427001953125
1100.8468017578125
1067.860595703125
1035.836181640625
1004.9745483398438
975.043212890625
945.9493408203125
918.1068725585938
891.13720703125
864.826416015625
838.9998168945312
813.835205078125
789.8478393554688
766.9940185546875
744.4724731445312
722.4161376953125
701.1686401367188
680.8582153320312
661.1448364257812
642.1165771484375
624.0006713867188
606.7529907226562
590.169921875
574.2252807617188
558.9199829101562
544.1928100585938
