1499.99951171875
1500.0
1500.0
1500.0
1500.0
1500.0
1500.0
1500.0
1500.0
1500.0
1500.0
1500.0
1500.0
1500.0
1500.0
1500.0
1500.0
1500.0
1500.0
1500.0
1500.0
1500.0
1500.0
1500.0
1500.0
1500.0
1500.0
1500.0
1500.0
1500.0
1500.0
1486.590576171875
100.00102233886719
100.0
100.0
100.0
100.0
100.0
1500.0
1429.5001220703125
1286.532958984375
1210.3980712890625
1159.4083251953125
1117.9229736328125
1080.03564453125
1043.325439453125
1007.2799682617188
971.6185913085938
936.160400390625
900.9699096679688
866.0640869140625
831.4899291992188
797.3008422851562
763.6859741210938
730.7561645507812
698.620849609375
667.4515380859375
637.3344116210938
608.4806518554688
580.958740234375
554.6467895507812
529.4586791992188
505.36419677734375
482.1635437011719
460.0213928222656
438.9026794433594
426.3442687988281
418.6305236816406
399.3199157714844
380.92474365234375
363.52001953125
347.0471496582031
331.461669921875
316.4104919433594
301.9668884277344
288.1566467285156
275.6957702636719
263.73760986328125
252.31822204589844
241.38478088378906
231.1624755859375
221.42124938964844
212.2604522705078
203.60267639160156
195.3625030517578
187.49649047851562
180.1078338623047
173.14060974121094
166.56243896484375
160.35238647460938
154.48977661132812
148.92909240722656
143.6515655517578
