2085.0
2061.14013671875
2027.3841552734375
2016.1910400390625
2091.210205078125
2073.702880859375
2064.5615234375
2058.318603515625
2054.330078125
2054.076416015625
2053.66357421875
2070.626953125
2080.46044921875
2020.0150146484375
1983.9571533203125
1961.959228515625
1936.7137451171875
1912.2242431640625
1887.8477783203125
1864.1221923828125
1837.601318359375
1809.254638671875
1779.93701171875
1756.87939453125
1743.4715576171875
1729.526123046875
1716.9888916015625
1705.722412109375
1696.36572265625
1688.3209228515625
1677.881103515625
1668.711181640625
117.18647003173828
117.8664779663086
118.54010772705078
118.98993682861328
119.42577362060547
119.84896850585938
1582.2139892578125
1633.1009521484375
1693.5548095703125
1700.728759765625
1695.42236328125
1690.8165283203125
1691.285888671875
1702.7191162109375
1724.508056640625
1744.727783203125
1763.2921142578125
1814.718994140625
1881.1004638671875
1943.966796875
2001.296875
2055.486083984375
2107.035888671875
2155.553466796875
2202.1279296875
2247.495361328125
2291.637939453125
2334.46142578125
2374.859619140625
2410.524658203125
2441.642333984375
2470.019287109375
2496.19140625
2519.629150390625
2539.6904296875
2555.801513671875
2567.519775390625
2574.330810546875
2576.257080078125
2573.977294921875
2568.1669921875
2559.5849609375
2549.137451171875
2537.1923828125
2524.432373046875
2510.891357421875
2495.75732421875
2479.41748046875
2462.7216796875
2444.23583984375
2423.879150390625
2401.680419921875
2377.568359375
2351.650634765625
2323.990966796875
2294.83642578125
2264.444580078125
2233.088623046875
2200.7958984375
2167.740234375
