2080.51513671875
2048.933837890625
2009.528564453125
2023.6478271484375
2043.045166015625
2073.09814453125
2076.622802734375
2087.96337890625
2126.59130859375
2144.7841796875
2140.939453125
2146.5888671875
2164.996337890625
2195.057373046875
2215.181640625
2217.11669921875
2225.527587890625
2232.83154296875
2244.37158203125
2269.078125
2310.81103515625
2355.73876953125
2409.107177734375
2473.68212890625
2545.142822265625
2625.34765625
2759.869384765625
2940.1630859375
3090.618408203125
3139.6806640625
3204.126220703125
3261.935791015625
80.5245132446289
77.72743225097656
79.73519134521484
80.5926742553711
81.33838653564453
82.09051513671875
1364.2628173828125
1423.185302734375
1466.3984375
1634.2568359375
4827.6630859375
5760.2607421875
5191.3291015625
4755.34033203125
4545.80419921875
4436.06396484375
4379.41796875
4360.00634765625
4369.052734375
4395.99072265625
4430.72265625
4469.25
4513.484375
4563.25341796875
4611.43017578125
4654.79736328125
4689.0
4712.04931640625
4725.15673828125
4730.8818359375
4732.98046875
4737.34912109375
4744.69921875
4750.388671875
4751.1923828125
4744.4169921875
4729.689453125
4705.0966796875
4670.67333984375
4627.5322265625
4576.29736328125
4518.24755859375
4454.34130859375
4385.62060546875
4312.79736328125
4236.69140625
4158.28271484375
4078.16796875
3996.822998046875
3913.983642578125
3830.694580078125
3747.72900390625
3665.1826171875
3583.540771484375
3503.120361328125
3424.0556640625
3346.449462890625
3270.326416015625
3195.736572265625
3122.76220703125
3051.527099609375
2982.270751953125
