2074.3173828125
2041.3597412109375
2003.7584228515625
2007.5009765625
2051.670654296875
2051.907470703125
2084.37646484375
2107.049072265625
2110.73486328125
2105.56298828125
2109.835693359375
2134.14111328125
2164.513671875
2185.3310546875
2196.553466796875
2209.630126953125
2224.844970703125
2238.510009765625
2250.05908203125
2265.525634765625
2289.265625
2327.34619140625
2384.478759765625
2461.65380859375
2551.648193359375
2648.14404296875
2750.947021484375
2863.814453125
2987.03857421875
3116.794921875
3252.92626953125
3397.40087890625
119.00879669189453
120.8690185546875
122.10145568847656
122.61436462402344
122.70242309570312
122.78318786621094
2396.448486328125
3186.51025390625
3431.627685546875
3574.146484375
3732.780517578125
3933.742919921875
4173.9541015625
4439.68603515625
4717.22998046875
4996.623046875
5267.283203125
5511.33544921875
5729.11572265625
5935.005859375
6126.3173828125
6327.56494140625
6523.185546875
6707.6396484375
6890.27392578125
7086.3212890625
7283.30322265625
7480.08544921875
7673.73583984375
7844.03125
7993.357421875
8119.8212890625
8219.35546875
8291.591796875
8359.65625
8421.9541015625
8480.060546875
8533.138671875
8584.529296875
8624.73046875
8652.560546875
8677.77734375
8689.30859375
8681.2119140625
8661.0146484375
8634.189453125
8622.8837890625
8637.970703125
8675.5791015625
8645.1591796875
8302.69921875
8024.26318359375
7765.95947265625
7512.26953125
7262.4130859375
7022.17333984375
6796.85888671875
6588.56884765625
6394.83056640625
6211.662109375
