2061.454833984375
2040.4410400390625
2020.5870361328125
2021.090576171875
2033.38623046875
2021.492919921875
2019.31640625
2045.26123046875
2051.26416015625
2050.127197265625
2066.011962890625
2089.7294921875
2123.396484375
2165.18505859375
2223.02294921875
2284.759765625
2354.496337890625
2445.962890625
2562.44873046875
2699.13720703125
2852.18701171875
3020.282958984375
3200.96435546875
3394.60595703125
3600.979248046875
3819.556640625
4049.696533203125
4290.10498046875
4539.28369140625
4795.5849609375
5059.2021484375
5328.57470703125
233.1720733642578
225.59130859375
225.07928466796875
226.22146606445312
228.1859588623047
230.91650390625
5952.59912109375
6790.1416015625
7129.58935546875
7290.3603515625
7458.64013671875
7683.40625
7969.97705078125
8309.162109375
8680.7529296875
9070.845703125
9487.3876953125
9935.146484375
10392.203125
10871.205078125
11375.337890625
11898.7080078125
12438.302734375
12995.8359375
13564.92578125
14143.9365234375
14727.2744140625
15311.775390625
15890.806640625
16455.734375
17001.587890625
17530.55859375
17313.98046875
17042.236328125
16793.9140625
16553.1171875
16312.1416015625
16066.6328125
15814.6572265625
15555.3662109375
15289.013671875
15013.49609375
14729.6142578125
14585.013671875
14438.296875
14141.4951171875
13840.3408203125
13537.0556640625
13229.845703125
12925.0947265625
12623.7255859375
12322.8349609375
12021.76171875
11720.8603515625
11422.88671875
11128.8935546875
10828.5595703125
10539.0888671875
10257.9404296875
9982.580078125
9714.5927734375
