1500.0
1500.0
1500.0
1499.5606689453125
1500.0
1500.0
1500.0
1500.0
1500.0
1500.0
1500.0
1500.0
1500.0
1500.0
1500.0
1499.927734375
1500.0
1500.0
1500.0
1500.0
1500.0
1500.0
1500.0
1500.0
1500.0
1500.0
1500.0
1500.0
1500.0
1500.0
1500.0
1500.0
100.0
100.0
100.0
100.0
100.0
100.0
1500.0
1500.0
1500.0
1500.0
1500.0
1500.0
1500.0
1500.0
1476.7960205078125
1360.527587890625
1251.679443359375
1151.4111328125
1062.9805908203125
978.8827514648438
900.3046264648438
829.6422119140625
770.6614379882812
718.91357421875
675.274658203125
631.7550048828125
591.3336791992188
551.4478759765625
513.2640991210938
477.09271240234375
440.15521240234375
404.2264404296875
386.9065246582031
370.0778503417969
338.8448791503906
311.281005859375
287.5833740234375
266.5517272949219
247.7435760498047
231.14781188964844
222.9020538330078
215.03118896484375
208.55429077148438
203.10263061523438
198.0929718017578
193.1450958251953
188.193603515625
183.26901245117188
178.4375
173.5423126220703
168.60919189453125
163.7394256591797
158.41590881347656
152.768798828125
147.25372314453125
142.4720916748047
138.17254638671875
134.18399047851562
130.52125549316406
127.18621063232422
124.14302825927734
121.33564758300781
