1500.0
1500.0
1500.0
1500.0
1500.0
1500.0
1500.0
1500.0
1500.0
1500.0
1500.0
1500.0
1500.0
1500.0
1500.0
1500.0001220703125
1500.0
1500.0
1500.0
1500.0
1500.0
1500.0
1500.0
1500.0
1500.0
1500.0
1500.0
1500.0
1500.0
1500.0
1500.0
1500.0
100.0
100.0
100.0
100.0
100.0
100.0
1500.0
1500.0
1500.0
1500.0
1500.0
1500.0
1500.0
1500.0
1500.0
1500.0
1500.0
1500.0
1500.0
1500.0
1500.0
1500.0
1500.0
1456.078369140625
1389.3726806640625
1326.223876953125
1265.0963134765625
1205.8218994140625
1148.3944091796875
1093.0572509765625
1039.9022216796875
989.0042114257812
964.318359375
940.2274780273438
894.0804443359375
849.7470092773438
807.6720581054688
767.7250366210938
729.9923095703125
694.5428466796875
660.822998046875
627.7000732421875
598.4267578125
571.0119018554688
544.999267578125
520.4231567382812
497.2173156738281
475.3480224609375
454.7596435546875
435.30596923828125
416.8961486816406
399.50311279296875
382.8298645019531
367.162109375
352.5202941894531
338.6188049316406
325.4563293457031
312.9895935058594
301.16845703125
289.9458312988281
279.23345947265625
268.98431396484375
