0.04186375066637993
0.04662016034126282
0.05352373048663139
0.055897120386362076
0.056212909519672394
0.05642935261130333
0.0566101036965847
0.0568128302693367
0.05708909407258034
0.05730129033327103
0.05751655995845795
0.05765743553638458
0.057769715785980225
0.05791471153497696
0.05806907266378403
0.05820554494857788
0.05833517014980316
0.058465585112571716
0.05860494077205658
0.058750707656145096
0.058952588587999344
0.05917920544743538
0.05940943583846092
0.05963019281625748
0.05987294018268585
0.06015736237168312
0.06052675098180771
0.06100950390100479
0.06157375127077103
0.06220703199505806
0.06292261928319931
0.06370934844017029
0.002867622533813119
0.002798906061798334
0.0027836188673973083
0.002773120766505599
0.0027678883634507656
0.0027663533110171556
0.057258088141679764
0.06183405965566635
0.06394422799348831
0.06545975804328918
0.06680251657962799
0.0681186318397522
0.06943947076797485
0.07076498866081238
0.07208334654569626
0.07339031994342804
0.07468798756599426
0.07599318027496338
0.07731534540653229
0.07863153517246246
0.07997434586286545
0.0813417062163353
0.0827554315328598
0.08415721356868744
0.08558958023786545
0.08708494156599045
0.08866754174232483
0.09032411873340607
0.09206679463386536
0.09340257942676544
0.09464026987552643
0.09592179954051971
0.09726427495479584
0.09868577122688293
0.10028628259897232
0.10221701115369797
0.10456934571266174
0.1066657155752182
0.10876034945249557
0.11084607243537903
0.11286656558513641
0.11487732082605362
0.11686442047357559
0.11871323734521866
0.12046249955892563
0.12212549895048141
0.1237412691116333
0.1253577619791031
0.12482161819934845
0.12132546305656433
0.1181880310177803
0.11518706381320953
0.1122751235961914
0.10945427417755127
0.1066969558596611
0.10399179905653
0.10134762525558472
0.09883823245763779
0.09640592336654663
0.09405580908060074
