1499.999267578125
1499.9998779296875
1500.0
1500.0
1500.0
1500.0
1500.0
1500.0
1500.0
1500.0
1500.0
1500.0
1500.0
1500.0
1500.0
1500.0
1500.0
1500.0
1500.0
1500.0
1500.0
1500.0
1500.0
1500.0
1500.0
1500.0
1500.0
1500.0
1500.0
1500.0
1500.0
1500.0
100.0
100.0
100.0
100.0
100.0
100.0
1500.0
1500.0
1500.002197265625
1500.0
1500.0
1500.0
1500.0
1500.0
1500.0
1500.0
1500.0
1500.0
1500.0
1500.0
1500.0
1500.0
1500.0
1500.0
1500.0
1500.0
1500.0
1500.0
1500.0
1500.0
1500.0
1500.0
1500.0
1500.0
1500.0
1500.0
1500.0
1500.0
1499.9998779296875
1500.0
1499.9993896484375
1500.0
1500.0
1500.0
1499.99853515625
1499.9854736328125
1499.9984130859375
1499.992431640625
1500.0
1489.7694091796875
1432.2965087890625
1390.790771484375
1352.4967041015625
1310.0302734375
1264.079833984375
1214.501953125
1166.609619140625
1119.3790283203125
1071.5574951171875
1027.0404052734375
986.2996826171875
