1419.2381591796875
1064.2410888671875
827.310791015625
703.1563110351562
642.0870361328125
614.4635009765625
597.6624145507812
583.272216796875
569.14013671875
554.424072265625
538.4299926757812
521.7181396484375
504.9039001464844
488.5334167480469
472.2076721191406
456.3726501464844
440.51678466796875
424.2564392089844
407.94866943359375
391.25921630859375
374.3809509277344
357.5151062011719
341.4217224121094
328.4654541015625
315.5968933105469
303.3235778808594
293.0970764160156
284.219970703125
279.29144287109375
274.1698913574219
268.87713623046875
263.5238952636719
100.0
100.0
100.0
100.0
100.0
100.0
336.3768005371094
283.2573547363281
257.0589904785156
242.04161071777344
235.9682159423828
232.62533569335938
230.04393005371094
227.50430297851562
224.8606719970703
222.09153747558594
219.20143127441406
216.1953582763672
213.02989196777344
209.68170166015625
206.15484619140625
202.44552612304688
198.71495056152344
194.90870666503906
191.123046875
187.37071228027344
183.64706420898438
179.93280029296875
176.2347869873047
172.52822875976562
168.69798278808594
164.67080688476562
160.47445678710938
156.19578552246094
151.8800811767578
147.6766357421875
143.7451629638672
139.86143493652344
136.04986572265625
132.30528259277344
128.65647888183594
125.09688568115234
121.60263061523438
118.176513671875
114.84282684326172
111.6171646118164
108.4893798828125
105.45867156982422
102.52891540527344
99.70648956298828
96.99281311035156
94.39132690429688
91.90846252441406
89.60530853271484
87.39292907714844
85.2748031616211
83.23822021484375
81.29004669189453
79.43844604492188
77.6590347290039
75.94798278808594
