1500.0
1500.0
1500.0010986328125
1500.0
1500.0
1500.0
1500.0
1499.9925537109375
1500.0
1500.0
1500.0
1500.0
1500.0
1500.0
1500.0
1500.0
1500.0
1500.0
1500.0
1500.0
1500.0
1500.0
1500.0
1500.0
1500.0
1500.0
1500.0
1500.0
1500.0
1500.0
1500.0
1500.0
100.0
100.0
100.0
100.0
100.0
100.0
1500.0
1500.0
1500.0
1500.0
1500.0
1500.0
1500.0
1500.0
1500.0
1500.0
1500.0
1500.0
1477.6390380859375
1393.8114013671875
1317.649169921875
1247.7840576171875
1183.1278076171875
1122.3365478515625
1065.1259765625
1011.6220092773438
961.5731811523438
914.253662109375
869.7833862304688
829.23046875
790.965087890625
754.6356201171875
719.9249877929688
686.6779174804688
655.1744384765625
625.4181518554688
597.9710083007812
572.4755249023438
548.4938354492188
525.8499755859375
504.2912902832031
483.4518127441406
463.2809753417969
443.732666015625
424.7175598144531
406.9651184082031
390.07989501953125
373.201416015625
356.2763366699219
339.8764343261719
326.9470520019531
315.9797668457031
306.0152282714844
296.7382507324219
287.89678955078125
279.4291076660156
271.3598937988281
263.53363037109375
256.10845947265625
249.07960510253906
