1499.9898681640625
1500.0
1498.90185546875
1500.0
1500.0
1500.0
1500.0
1500.0
1500.0
1500.0
1500.0
1500.0
1500.0
1500.0
1500.0
1500.0
1500.0
1499.99072265625
1499.9998779296875
1500.0
1500.0
1500.0
1500.0
1499.999755859375
1499.999755859375
1499.9996337890625
1500.0
1500.0
1500.0
1500.0
1500.0
1500.0
99.99932861328125
100.0
100.0
100.0
100.0
100.0
1499.9998779296875
1499.823486328125
1499.999755859375
1500.0
1500.0
1500.0
1500.0
1500.0
1500.0
1500.0
1500.0
1500.0
1500.0
1500.0
1500.0
1500.0
1500.0
1500.0
1500.0
1479.7841796875
1442.3204345703125
1407.4281005859375
1373.566162109375
1340.2855224609375
1307.7000732421875
1276.291748046875
1245.5697021484375
1215.600341796875
1185.354736328125
1154.85595703125
1124.45947265625
1094.588134765625
1065.5101318359375
1037.2408447265625
1009.8269653320312
983.2868041992188
957.614990234375
932.7412109375
908.56689453125
884.9471435546875
861.983154296875
839.5587158203125
817.7391357421875
796.5706787109375
775.9972534179688
756.0781860351562
736.9454345703125
718.4368896484375
700.5065307617188
683.17431640625
666.5895385742188
650.6392822265625
635.2733764648438
620.4130249023438
606.052734375
