1500.0892333984375
1499.9998779296875
1499.9998779296875
1500.0
1500.0
1500.0
1500.0
1500.0
1500.0
1500.0
1500.0
1500.0
1500.0
1500.0
1500.0
1500.0
1500.0
1500.0
1500.0
1500.0
1500.0
1500.0
1500.0
1500.0
1500.0
1500.0
1500.0
1500.0
1500.0
1500.0
1500.0
1500.0
99.99968719482422
100.0
100.0
100.0
100.0
100.0
1500.0
1500.0
1500.0
1462.7119140625
1421.6646728515625
1383.896240234375
1345.694091796875
1305.9619140625
1265.3648681640625
1224.160888671875
1185.1129150390625
1145.9036865234375
1106.8951416015625
1068.636962890625
1031.22216796875
994.685302734375
959.99951171875
926.26171875
892.7947998046875
860.4402465820312
828.7830200195312
797.7501220703125
767.397216796875
737.8330078125
709.21484375
681.5275268554688
654.840576171875
629.481689453125
605.5307006835938
582.8491821289062
561.193359375
540.45849609375
520.530517578125
501.4162292480469
483.1263427734375
465.5706481933594
448.71649169921875
432.566162109375
417.1295471191406
402.2970275878906
388.0045471191406
374.1617736816406
360.71588134765625
347.5663146972656
334.9648132324219
323.4407958984375
312.88360595703125
303.17132568359375
294.09881591796875
285.6687316894531
277.7039794921875
270.0553894042969
262.69775390625
255.73158264160156
