1499.9996337890625
1500.1290283203125
1499.9998779296875
1500.0
1500.0
1500.0
1500.0
1500.0
1500.0
1500.0
1500.0
1500.0
1500.0
1500.0
1500.0
1500.0
1500.0
1500.0
1500.0
1500.0
1500.0
1500.0
1500.0
1500.0
1500.0
1500.0
1500.0
1500.0
1500.0
1500.0
1500.0
1500.0
99.99954223632812
100.0
100.0
100.0
100.0
100.0
1500.0
1500.0
1500.0
1500.0
1500.0
1500.0
1500.0
1479.796142578125
1445.565185546875
1411.1162109375
1375.6339111328125
1339.34423828125
1302.3150634765625
1264.6624755859375
1227.0177001953125
1189.7281494140625
1154.325439453125
1119.7589111328125
1085.181884765625
1050.6224365234375
1016.986328125
984.4649658203125
952.9971923828125
922.3362426757812
892.3781127929688
862.814208984375
833.7399291992188
805.2066040039062
777.1741333007812
749.8535766601562
723.3768920898438
697.766357421875
673.0194702148438
649.2642822265625
626.5372924804688
604.8501586914062
584.1237182617188
564.2205810546875
545.0426025390625
526.5037841796875
508.4911804199219
490.62847900390625
473.44903564453125
457.1192932128906
441.4773254394531
426.5091857910156
411.8409729003906
397.7466735839844
384.6181335449219
372.2799987792969
360.3776550292969
348.88665771484375
337.74786376953125
327.1146545410156
