1500.0
1500.0
1500.0
1500.0
1500.0
1500.0
1500.0
1500.0
1500.0
1500.0
1500.0
1500.0
1499.9998779296875
1500.0
1499.999755859375
1500.0
1500.0
1499.9998779296875
1499.9998779296875
1500.0
1499.9998779296875
1500.0
1499.9998779296875
1499.9998779296875
1499.999755859375
1500.0
1499.9998779296875
1499.9998779296875
1500.0
1499.9998779296875
1500.0
1499.999755859375
99.67091369628906
100.0
100.0
100.0
100.0
100.0
1500.0
1492.8878173828125
1499.9996337890625
1500.0
1499.999755859375
1500.0
1500.0
1500.0
1500.0
1500.0
1500.0
1500.0
1500.0
1500.0
1500.0
1500.0
1500.0
1500.0
1500.0
1500.0
1500.0
1500.0
1500.0
1500.0
1500.0
1469.1060791015625
1433.90234375
1401.5029296875
1370.6531982421875
1340.253662109375
1309.734375
1278.95751953125
1247.890380859375
1216.5360107421875
1185.0032958984375
1153.7291259765625
1122.663330078125
1092.13330078125
1062.327392578125
1033.2222900390625
1005.0792236328125
978.0408935546875
951.866455078125
926.595703125
901.7662353515625
877.7328491210938
854.0302734375
830.7315063476562
807.9479370117188
785.7562866210938
764.23779296875
743.4070434570312
723.3077392578125
703.92578125
