1499.9996337890625
1500.0
1500.0
1500.0
1500.0
1500.0
1500.0
1500.0
1500.0
1500.0
1500.0
1500.0
1500.0
1500.0
1500.0
1500.0
1500.0
1500.0
1500.0
1500.0
1500.0
1500.0
1500.0
1500.0
1500.0
1500.0
1500.0
1500.0
1500.0
1500.0
1500.0
1500.0
100.0
100.0
100.0
100.0
100.0
100.0
1500.0
1500.0
1500.0
1500.0
1500.0
1500.0
1500.0
1500.0
1500.0
1500.0
1500.0
1500.0
1500.0
1469.6214599609375
1395.8072509765625
1327.1751708984375
1261.8546142578125
1199.3048095703125
1139.2576904296875
1081.6915283203125
1026.51171875
973.7831420898438
923.4656982421875
875.3472900390625
829.5696411132812
786.327392578125
745.2335815429688
705.9357299804688
668.9353637695312
633.8433837890625
616.9154663085938
600.4821166992188
569.2632446289062
538.955078125
511.04119873046875
485.2496337890625
460.68597412109375
437.3181457519531
415.7450866699219
395.6474609375
376.6280822753906
358.97509765625
342.435546875
326.8236083984375
312.1131286621094
298.25213623046875
285.14031982421875
272.71771240234375
261.04144287109375
250.08407592773438
239.7354736328125
229.9613037109375
220.70730590820312
211.9278106689453
203.5901641845703
195.65969848632812
