1499.999755859375
1500.0010986328125
1500.0
1500.0
1500.0
1500.0
1500.0
1500.0
1500.0
1500.0
1500.0
1500.0
1500.0
1500.0
1500.0
1500.0
1500.0
1500.0
1500.0
1500.0
1500.0
1500.0
1500.0
1500.0
1500.0
1500.0
1500.0
1500.0
1500.0
1462.1480712890625
1410.0911865234375
1361.5416259765625
99.9997787475586
100.0
100.0
100.0
100.0
100.0
1403.9320068359375
1259.7703857421875
1188.5430908203125
1119.8424072265625
1072.705810546875
1032.3560791015625
994.4197387695312
957.3388671875
920.6433715820312
884.1251220703125
847.6513671875
811.4365234375
775.7033081054688
740.5557861328125
706.0474853515625
672.3887329101562
639.739501953125
608.3290405273438
578.3539428710938
563.8717041015625
549.7315063476562
522.3735961914062
496.15399169921875
471.0677490234375
447.1200866699219
424.3240966796875
402.66046142578125
382.100341796875
362.6281433105469
344.24627685546875
326.7803039550781
318.4073486328125
310.2845458984375
294.8684997558594
280.1885070800781
265.6502685546875
252.65574645996094
240.4477996826172
228.95262145996094
217.88661193847656
207.71743774414062
198.13241577148438
189.0476837158203
180.6158905029297
172.7075653076172
165.24415588378906
158.20350646972656
151.5689239501953
145.30642700195312
139.3857879638672
133.78414916992188
128.485595703125
123.46095275878906
118.69112396240234
114.16574096679688
109.87513732910156
105.80611419677734
