1500.0
1500.0
1500.0
1500.0
1500.0
1500.0
1500.0
1500.0
1500.0
1500.0
1500.0
1500.0
1500.0
1500.0
1500.0
1500.0
1500.0
1500.0
1500.0
1500.0
1500.0
1500.0
1500.0
1500.0
1500.0
1500.0
1500.0
1500.0
1500.0
1500.0
1500.0
1500.0
100.06804656982422
100.0
100.0
100.0
100.0
100.0
1500.0
1500.0
1500.0
1500.0
1500.0
1500.0
1500.0
1500.0
1500.0
1500.0
1500.0
1500.0
1500.0
1500.0
1500.0
1500.0
1500.0
1500.0
1500.0
1500.0
1500.0
1500.0
1500.0
1500.0
1500.0
1500.0
1500.0
1500.0
1500.0
1500.0
1500.0
1500.0
1446.1126708984375
1392.24755859375
1340.0863037109375
1289.143310546875
1239.3760986328125
1190.8095703125
1143.4739990234375
1097.4053955078125
1052.5787353515625
1009.0177001953125
967.1329956054688
926.9115600585938
888.2659301757812
851.1859130859375
815.5242919921875
781.0331420898438
748.2537231445312
716.3218383789062
684.200439453125
655.6677856445312
628.4368896484375
602.274658203125
