1500.0
1499.9998779296875
1500.0
1500.0
1500.0
1500.0
1500.0
1500.0
1500.0
1500.0
1500.0
1500.0
1500.0
1500.0
1500.0
1500.0
1500.0
1500.0
1500.0
1500.0
1500.0
1500.0
1500.0
1500.0
1500.0
1500.0
1500.0
1500.0
1500.0
1500.0
1500.0
1500.0
100.0
100.0
100.0
100.0
100.0
100.0
1500.0
1500.0
1500.0
1500.0
1500.0
1500.0
1500.0
1500.0
1500.0
1500.0
1500.0
1500.0
1500.0
1500.0
1500.0
1500.0
1500.0
1500.0
1500.0
1500.0
1500.0
1500.0
1500.0
1477.28662109375
1421.70263671875
1368.791015625
1317.7471923828125
1268.4354248046875
1220.963134765625
1175.1962890625
1131.1749267578125
1088.8450927734375
1048.012939453125
1008.9500122070312
971.5709838867188
935.7643432617188
901.5253295898438
867.3944702148438
835.6376953125
805.21240234375
775.7774047851562
747.3118896484375
719.9589233398438
693.565673828125
668.2237548828125
644.2135620117188
621.3997192382812
599.5874633789062
578.585205078125
558.3695068359375
539.025146484375
520.537841796875
502.8736572265625
485.97344970703125
469.79595947265625
