1499.999755859375
1500.0001220703125
1500.0
1500.0
1500.0
1500.0
1500.0
1500.0
1500.0
1500.0
1500.0
1500.0
1500.0
1500.0
1500.0
1500.0
1500.0
1500.0
1500.0
1500.0
1500.0
1500.0
1485.900390625
1435.7091064453125
1392.296142578125
1350.9671630859375
1311.6788330078125
1272.9427490234375
1234.4117431640625
1196.89794921875
1160.775634765625
1125.043701171875
100.0
100.0
100.0
100.0
100.0
100.0
1292.9970703125
1142.3704833984375
1070.7476806640625
1001.47314453125
960.0773315429688
929.4966430664062
903.4634399414062
879.3767700195312
855.7772827148438
832.0444946289062
807.9497680664062
783.3702392578125
758.4619750976562
733.5791625976562
708.8818359375
684.5235595703125
660.5467529296875
637.0087280273438
613.958251953125
591.528076171875
569.894287109375
548.9976196289062
528.7483520507812
509.1246032714844
490.1300354003906
471.731689453125
453.9101867675781
436.6539001464844
419.9861755371094
403.9152526855469
388.4447021484375
373.58050537109375
359.3029479980469
352.35125732421875
345.53131103515625
332.3740234375
319.79296875
307.7701721191406
296.194091796875
284.752685546875
274.1614990234375
264.0783996582031
254.43106079101562
244.98947143554688
235.50067138671875
227.2526092529297
219.20816040039062
211.44801330566406
204.0224609375
196.89315795898438
189.95252990722656
183.45834350585938
177.26947021484375
171.36648559570312
165.75584411621094
160.41883850097656
