1499.99853515625
1500.0
1500.0
1500.0
1500.0
1500.0
1500.0
1500.0
1500.0
1500.0
1500.0
1500.0
1500.0
1500.0
1500.0
1500.0
1500.0
1500.0
1500.0
1500.0
1500.0
1500.0
1500.0
1500.0
1500.0
1500.0
1500.0
1500.0
1500.0
1500.0
1500.0
1500.0
100.0
100.0
100.0
100.0
100.0
100.0
1500.0
1500.0
1500.0
1500.0
1500.0
1500.0
1500.0
1500.0
1500.0
1500.0
1500.0
1492.3485107421875
1421.883056640625
1355.48388671875
1292.4102783203125
1232.048095703125
1174.2103271484375
1118.6630859375
1065.62109375
1015.4135131835938
967.5764770507812
921.7900390625
877.878662109375
835.9918823242188
795.8564453125
757.5541381835938
720.97802734375
686.0709838867188
652.7413330078125
636.7033081054688
621.262451171875
592.30224609375
565.26220703125
539.8329467773438
516.1412963867188
493.44415283203125
472.56585693359375
453.2455749511719
435.34344482421875
418.7777404785156
403.43939208984375
389.2288513183594
376.0352783203125
363.70233154296875
352.1885681152344
341.42578125
331.3799743652344
322.0221252441406
313.2908935546875
305.1181640625
297.4389953613281
290.23052978515625
283.4745788574219
277.139892578125
271.15911865234375
265.5120544433594
