1500.0
1500.0
1403.820068359375
1351.0670166015625
1310.78466796875
1271.01904296875
1233.8143310546875
1195.8477783203125
1158.89306640625
1122.8626708984375
1086.7528076171875
1049.6373291015625
1022.7163696289062
1005.0361328125
989.2657470703125
972.7796630859375
954.7969970703125
935.4795532226562
915.9439697265625
896.1603393554688
875.3980712890625
857.7868041992188
841.0967407226562
823.6864013671875
805.4376831054688
787.60595703125
767.922607421875
747.6616821289062
727.6857299804688
707.4776611328125
685.713623046875
661.6109008789062
100.0
100.0
100.0
100.0
100.0
100.0
848.7930297851562
703.5241088867188
634.6729125976562
571.217041015625
538.2880249023438
524.900146484375
513.4906005859375
502.21990966796875
491.9596862792969
482.3584289550781
472.5860595703125
462.7710266113281
452.90093994140625
443.1725158691406
433.5684509277344
424.1182861328125
414.7529296875
405.5105285644531
396.46612548828125
387.67022705078125
379.0720520019531
370.5586242675781
362.0769958496094
353.6391296386719
345.2765808105469
337.0642395019531
329.0715026855469
321.3086242675781
313.73565673828125
306.3306579589844
299.1325378417969
292.1633605957031
285.43450927734375
278.93878173828125
272.6773376464844
266.647705078125
260.8917541503906
255.51683044433594
250.2529754638672
245.1205596923828
240.1391143798828
235.30950927734375
230.621826171875
226.05479431152344
221.6651611328125
217.39569091796875
213.22669982910156
209.158935546875
205.2026824951172
201.36419677734375
197.62789916992188
193.99188232421875
190.4536895751953
187.0184326171875
183.68017578125
