1242.0496826171875
943.7849731445312
834.9713134765625
805.7103271484375
791.63720703125
779.332275390625
768.7371215820312
759.2125244140625
749.806396484375
740.112060546875
730.555908203125
721.3575439453125
712.533203125
703.9869384765625
695.6201782226562
687.3535766601562
679.10302734375
671.4094848632812
664.8001708984375
658.9309692382812
653.38134765625
647.7233276367188
641.7227783203125
635.2474365234375
627.95703125
619.4492797851562
609.5474243164062
598.6973876953125
587.2796020507812
575.4232177734375
563.20556640625
550.7525024414062
100.0
100.0
100.0
100.0
100.0
100.0
574.4937744140625
559.1184692382812
542.9091796875
528.2326049804688
515.0968627929688
501.74884033203125
488.06170654296875
474.143798828125
460.17303466796875
446.3255920410156
432.7330322265625
419.54833984375
406.8806457519531
394.7672424316406
383.2122497558594
372.2056579589844
361.6759338378906
351.4738464355469
341.7243957519531
332.6980285644531
324.35430908203125
316.3400573730469
308.51800537109375
300.64080810546875
292.3034973144531
284.3524475097656
276.7474365234375
269.4193115234375
262.22259521484375
253.84361267089844
245.9450225830078
238.39227294921875
231.1827392578125
224.38658142089844
218.00485229492188
211.98907470703125
206.25784301757812
200.75643920898438
195.4658203125
190.3770751953125
185.4976348876953
180.8568878173828
176.4964599609375
172.45806884765625
168.6916046142578
165.14315795898438
161.76235961914062
158.5201873779297
155.42091369628906
152.46995544433594
149.64158630371094
146.90676879882812
144.24578857421875
141.6659698486328
139.212890625
