1499.999755859375
1500.0
1500.0009765625
1500.0
1500.0
1500.0
1500.0
1500.0
1500.0
1500.0
1500.0
1500.0
1500.0
1500.0
1500.0
1500.0
1500.0
1500.0
1500.0
1500.0
1500.0
1500.0
1500.0
1500.0
1500.0
1500.0
1500.0
1500.0
1500.0
1500.0
1500.0
1500.0
100.0
100.0
100.0
100.0
100.0
100.0
1500.0
1483.03173828125
1402.668701171875
1311.4730224609375
1245.4390869140625
1190.7637939453125
1141.226318359375
1093.9163818359375
1047.5301513671875
1001.6471557617188
956.1947631835938
911.791748046875
869.7392578125
829.6891479492188
791.1934814453125
754.008544921875
717.9774780273438
682.98486328125
649.0791625976562
616.3394775390625
584.7680053710938
554.530517578125
525.6670532226562
498.1236572265625
471.8775634765625
459.1609802246094
446.74072265625
422.9169006347656
411.37896728515625
405.7015075683594
400.0931701660156
389.1411437988281
378.49993896484375
358.3008117675781
339.1020202636719
321.0848083496094
304.0914611816406
288.1798400878906
273.3254089355469
258.7725830078125
245.75144958496094
233.66041564941406
222.26168823242188
211.57052612304688
201.5519561767578
192.1247100830078
183.25314331054688
174.7588348388672
166.82420349121094
159.32730102539062
152.30474853515625
145.7144775390625
139.4991912841797
133.62913513183594
128.0874481201172
122.86526489257812
117.92507934570312
113.25188446044922
108.8245849609375
