1500.0
1500.0
1500.0
1500.0
1500.0
1499.999755859375
1500.0
1500.0
1500.0
1500.0
1500.0
1500.0
1500.0
1500.0
1500.0
1500.0
1500.0
1500.0
1500.0
1500.0
1500.0
1500.0
1500.0
1500.0
1500.0
1500.0
1500.0
1500.0
1500.0
1500.0
1500.0
1500.0
1500.0
1500.0
100.0
100.0
100.0
100.0
100.0
100.0
1500.0
1500.0
1500.0
1500.0
1500.0
1500.0
1500.0
1500.0
1500.0
1500.0
1500.0
1500.0
1500.0
1500.0
1500.0
1500.0
1500.0
1500.0
1500.0
1500.0
1500.0
1500.0
1500.0
1500.0
1486.2216796875
1445.00439453125
1407.97998046875
1371.952880859375
1337.8717041015625
1305.310791015625
1273.0816650390625
1240.4798583984375
1208.30322265625
1178.1595458984375
1149.205322265625
1120.048583984375
1089.9644775390625
1074.9708251953125
1067.99609375
1061.7811279296875
1051.1871337890625
1041.6201171875
1024.498779296875
1008.3348388671875
993.2151489257812
979.1767578125
966.04296875
952.743896484375
938.5167236328125
923.4282836914062
908.0167846679688
892.973388671875
878.3779907226562
864.5569458007812
851.6135864257812
839.4235229492188
827.7046508789062
816.5137939453125
