1500.0
1500.0
1500.0
1500.0
1500.0
1500.0
1500.0
1499.9998779296875
1500.0
1500.0
1500.0
1500.0
1500.0
1500.0
1500.0
1500.0
1500.0
1500.0
1500.0
1500.0
1500.0
1500.0
1500.0
1500.0
1500.0
1500.0
1500.0
1500.0
1500.0
1500.0
1500.0
1500.0
100.0
100.0
100.0
100.0
100.0
100.0
1500.0
1500.0
1500.0
1500.0
1500.0
1500.0
1500.0
1500.0
1500.0
1500.0
1462.090576171875
1400.5274658203125
1340.0679931640625
1279.72802734375
1220.17236328125
1162.4381103515625
1106.7852783203125
1053.5614013671875
1002.8486938476562
954.569580078125
909.0558471679688
866.0829467773438
825.3809204101562
785.8505249023438
748.3499755859375
712.90283203125
679.4929809570312
648.8857421875
620.7530517578125
594.5626831054688
570.0930786132812
547.1456909179688
525.5926513671875
505.42254638671875
486.5933532714844
469.0210876464844
452.6240539550781
437.31182861328125
423.0042724609375
409.60174560546875
397.0293273925781
385.1989440917969
374.06512451171875
363.6230163574219
353.8798522949219
344.74163818359375
336.1700744628906
328.1485290527344
320.67913818359375
313.7865905761719
307.461181640625
301.6427001953125
296.252685546875
291.2231140136719
