1500.0640869140625
1500.0
1499.999755859375
1500.0
1499.9998779296875
1500.0
1500.0
1500.0
1500.0
1500.0
1500.0
1500.0
1500.0
1500.0
1500.0
1497.268310546875
1479.301025390625
1462.1204833984375
1444.6695556640625
1426.4818115234375
1406.2762451171875
1382.910400390625
1356.1588134765625
1326.4349365234375
1293.9971923828125
1259.521728515625
1223.9097900390625
1187.452392578125
1150.136962890625
1112.1556396484375
1073.85107421875
1035.4903564453125
100.0
100.0
100.0
100.0
100.0
100.0
1237.378173828125
1109.1636962890625
1031.4127197265625
968.852294921875
924.5866088867188
885.7020874023438
848.7166137695312
812.355712890625
776.0235595703125
740.397216796875
705.2396240234375
668.8455200195312
630.127197265625
592.9863891601562
558.6484985351562
526.7090454101562
497.3569030761719
470.2754821777344
445.10772705078125
420.8681335449219
398.14141845703125
377.0677490234375
357.5184020996094
339.6482238769531
323.4457092285156
308.6917419433594
295.1914367675781
282.8999328613281
272.2425842285156
262.9266052246094
254.45668029785156
246.4993438720703
238.91024780273438
231.6220245361328
224.59971618652344
217.92428588867188
211.63827514648438
205.79095458984375
200.3151092529297
195.13023376464844
190.132080078125
185.31398010253906
180.68763732910156
176.25247192382812
171.92755126953125
167.67129516601562
163.5237579345703
159.56295776367188
155.82699584960938
152.28456115722656
148.7103271484375
145.16616821289062
141.8207550048828
138.6920166015625
135.70770263671875
