1500.0
1500.0
1500.0
1500.0
1500.0
1500.0
1500.0
1500.0
1500.0
1500.0
1500.0
1500.0
1500.0
1500.0
1500.0
1500.0
1500.0
1500.0
1500.0
1500.0
1500.0
1500.0
1500.0
1500.0
1500.0
1500.0
1500.0
1500.0
1500.0
1500.0
1500.0
1500.0
100.0
100.0
100.0
100.0
100.0
100.0
1500.0
1500.0
1500.00537109375
1500.0
1500.0
1500.0
1500.0
1500.0
1500.0
1500.0
1500.0
1500.0
1500.0
1500.0
1500.0
1500.0
1500.0
1487.5716552734375
1425.891845703125
1363.81591796875
1301.1240234375
1239.9166259765625
1180.05859375
1121.6678466796875
1065.4549560546875
1012.0211181640625
961.1752319335938
911.85595703125
864.31103515625
819.194091796875
776.2708740234375
736.1636352539062
698.37939453125
662.8002319335938
629.7616577148438
600.9159545898438
575.22314453125
550.5592651367188
526.3380126953125
501.6270446777344
476.416748046875
451.72003173828125
428.8873291015625
405.9536437988281
381.5213928222656
356.7596130371094
336.4118347167969
319.5796813964844
304.4289245605469
292.091064453125
280.9020690917969
270.2562561035156
260.14691162109375
250.32809448242188
240.8412628173828
