1500.0
1500.0
1500.0
1500.0
1500.0
1500.0
1500.0
1500.0
1500.0
1500.0
1500.0
1500.0
1500.0
1500.0
1500.0
1500.0
1500.0
1500.0
1500.0
1500.0
1500.0
1500.0
1500.0
1500.0
1500.0
1500.0
1500.0
1500.0
1500.0
1500.0
1500.0
1500.0
100.0
100.0
100.0
100.0
100.0
100.0
1500.0
1500.0
1500.0
1500.0
1500.0
1500.0
1500.0
1500.0
1500.0
1500.0
1500.0
1500.0
1500.0
1500.0
1500.0
1500.0
1500.0
1500.0
1500.0
1500.0
1487.95556640625
1431.9404296875
1373.643798828125
1313.3521728515625
1251.079345703125
1189.06640625
1127.9344482421875
1068.239501953125
1009.9246215820312
960.659912109375
912.9363403320312
862.2002563476562
808.9335327148438
754.6543579101562
705.0556030273438
664.747314453125
630.4662475585938
600.9086303710938
572.4669799804688
543.6876220703125
513.3280639648438
483.22222900390625
454.5769958496094
429.37908935546875
408.15264892578125
385.1764221191406
359.33203125
333.7052307128906
309.1308288574219
285.555908203125
262.8893127441406
240.8928985595703
219.43826293945312
206.51185607910156
199.287353515625
