1499.997314453125
1500.0
1500.0
1500.0
1500.0
1500.0
1500.0
1500.0
1500.0
1500.0
1500.0
1500.0
1500.0
1500.0
1500.0
1500.0
1500.0
1500.0
1499.9998779296875
1500.0
1500.0
1500.0
1500.0
1500.0
1500.0
1500.0
1500.0
1500.0
1500.0
1500.0
1500.0
1500.0
100.0
100.0
100.0
100.0
100.0
100.0
1500.0
1500.0
1488.025146484375
1351.2852783203125
1238.658203125
1134.0711669921875
1038.62060546875
952.6033935546875
903.8217163085938
860.7174682617188
819.8097534179688
782.5704956054688
753.7898559570312
728.1736450195312
704.1436157226562
680.1062622070312
656.2316284179688
632.6611938476562
609.7188720703125
587.40673828125
565.6964721679688
544.9689331054688
525.543701171875
506.98162841796875
488.8797607421875
471.22900390625
454.2013854980469
437.80792236328125
422.422607421875
407.92901611328125
394.05487060546875
380.8351135253906
368.21331787109375
356.1462707519531
344.4924621582031
333.23052978515625
322.392578125
311.98089599609375
302.0449523925781
292.58575439453125
283.54718017578125
275.0133056640625
266.99603271484375
259.4693908691406
252.4677276611328
245.83523559570312
239.54774475097656
233.5808868408203
227.90626525878906
222.5417022705078
217.4496307373047
212.62303161621094
208.0479278564453
203.7117156982422
