1499.9873046875
1500.0
1500.0
1500.0
1500.0
1500.0
1500.0
1500.0
1500.0
1500.0
1500.0
1500.0
1500.0
1500.0
1500.0
1500.0
1500.0
1500.0
1500.0
1500.0
1500.0
1500.0
1500.0
1500.0
1500.0
1500.0
1500.0
1500.0
1500.0
1500.0
1500.0
1500.0
100.0
100.0
100.0
100.0
100.0
100.0
1500.0
1500.0
1500.0
1500.0
1500.0
1500.0
1500.0
1500.0
1500.0
1500.0
1500.0
1500.0
1500.0
1500.0
1500.0
1500.0
1500.0
1500.0
1500.0
1500.0
1500.0
1500.0
1500.0
1500.0
1500.0
1500.0
1500.0
1500.0
1500.0
1500.0
1500.0
1500.0
1499.9998779296875
1500.0
1499.999755859375
1458.774658203125
1394.8642578125
1337.3914794921875
1277.045654296875
1210.6761474609375
1137.7625732421875
1063.5030517578125
1015.3638305664062
980.7637939453125
942.028076171875
897.6180419921875
863.0851440429688
839.2606201171875
799.4695434570312
770.7037353515625
745.52294921875
721.3419189453125
697.97119140625
676.4973754882812
