1499.9998779296875
1500.001953125
1500.0
1500.0
1500.0
1500.0
1500.0
1500.0
1500.0
1500.0
1500.0
1500.0
1500.0
1500.0
1500.0
1500.0
1500.0
1500.0
1500.0
1500.0
1500.0
1500.0
1500.0
1500.0
1500.0
1500.0
1500.0
1500.0
1500.0
1500.0
1500.0
1500.0
100.0
100.0
100.0
100.0
100.0
100.0
1500.0
1500.0
1500.0
1422.6712646484375
1375.1846923828125
1337.7158203125
1301.103271484375
1263.2781982421875
1224.533203125
1185.4332275390625
1145.43115234375
1104.908203125
1064.343505859375
1024.1080322265625
985.71435546875
948.168212890625
910.7850341796875
874.0983276367188
838.71875
804.2966918945312
770.54296875
737.0816040039062
704.6131591796875
673.635498046875
644.3133544921875
616.6297607421875
590.4697265625
565.6763305664062
542.1168212890625
519.7891845703125
498.5614013671875
478.3479309082031
458.698974609375
439.2892150878906
419.97503662109375
402.0396423339844
385.2287292480469
369.1308898925781
354.31280517578125
340.94171142578125
328.6949462890625
317.3672790527344
306.8744201660156
297.1822204589844
288.3229675292969
280.3401794433594
273.1761474609375
266.77301025390625
260.9156188964844
255.10435485839844
249.786376953125
244.78152465820312
240.21478271484375
236.13076782226562
