1500.0
1500.0
1500.0
1500.0
1500.0
1500.0
1500.0
1500.0
1500.0
1500.0
1500.0
1500.0
1500.0
1500.0
1500.0
1500.0
1500.0
1500.0
1500.0
1500.0
1500.0
1500.0
1500.0
1500.0
1500.0
1500.0
1500.0
1500.0
1500.0
1500.0
1500.0
1500.0
100.0
100.0
100.0
100.0
100.0
100.0
1500.0
1500.0
1500.0
1500.0
1500.0
1500.0
1500.0
1500.0
1500.0
1500.0
1472.1951904296875
1423.7586669921875
1378.3375244140625
1333.0462646484375
1287.6494140625
1241.7479248046875
1195.522705078125
1149.2403564453125
1103.2164306640625
1057.7249755859375
1013.1800537109375
969.9788208007812
928.2771606445312
888.0020751953125
849.5443115234375
812.9146118164062
778.1318969726562
745.0037841796875
713.3739013671875
683.0810546875
654.0330200195312
626.1710205078125
599.4124145507812
573.6657104492188
549.0269165039062
525.3577880859375
502.6588134765625
480.9089050292969
460.05572509765625
440.1224060058594
421.0918273925781
402.64154052734375
385.4379577636719
369.09136962890625
353.5369873046875
338.7716064453125
324.78521728515625
311.525146484375
298.9630126953125
287.0559387207031
275.1627197265625
264.12738037109375
254.1313018798828
244.58706665039062
