1500.0
1500.0
1500.0
1500.0001220703125
1500.0
1500.0
1500.0
1500.0
1500.0
1500.0
1500.0
1500.0
1500.0
1500.0
1500.0
1500.0
1500.0
1500.0
1500.0
1500.0
1500.0
1500.0
1500.0
1500.0
1500.0
1500.0
1500.0
1500.0
1500.0
1500.0
1500.0
1500.0
100.0
100.0
100.0
100.0
100.0
100.0
1499.9998779296875
1500.0
1500.0
1500.0
1500.0
1500.0
1500.0
1500.0
1500.0
1500.0
1500.0
1500.0
1500.0
1500.0
1500.0
1500.0
1500.0
1500.0
1500.0
1500.0
1500.0
1458.037353515625
1406.355712890625
1353.8333740234375
1300.385498046875
1246.1422119140625
1192.0166015625
1139.2822265625
1088.540771484375
1041.85986328125
999.624267578125
960.8701171875
921.9602661132812
880.545166015625
836.1859130859375
789.8004150390625
746.5991821289062
711.5944213867188
676.7262573242188
641.5271606445312
606.3155517578125
572.6967163085938
543.5380249023438
518.6588745117188
494.734375
472.849365234375
451.93206787109375
430.50311279296875
408.4640808105469
386.4083557128906
366.5550842285156
348.0987548828125
339.6542053222656
332.4478454589844
317.8087158203125
