1500.0
1500.0
1500.0
1499.6593017578125
1500.0
1500.0
1500.0
1500.0
1500.0
1500.0
1500.0
1500.0
1500.0
1500.0
1500.0
1500.0
1500.0
1500.0
1500.0
1500.0
1500.0
1500.0
1500.0
1500.0
1500.0
1500.0
1500.0
1500.0
1500.0
1500.0
1500.0
1500.0
100.0
100.0
100.0
100.0
100.0
100.0
1500.0
1500.0
1500.0
1500.0
1500.0
1500.0
1500.0
1500.0
1500.0
1500.0
1500.0
1500.0
1500.0
1500.0
1500.0
1500.0
1500.0
1500.0
1500.0
1500.0
1500.0
1500.0
1463.98974609375
1408.429931640625
1354.074462890625
1300.069091796875
1246.679443359375
1194.401611328125
1143.5928955078125
1094.4852294921875
1047.0733642578125
1001.4046630859375
957.3804931640625
914.9102783203125
873.8847045898438
834.2671508789062
795.798583984375
759.152587890625
724.239013671875
690.8622436523438
658.9747314453125
627.6690673828125
597.3741455078125
570.1857299804688
544.0044555664062
518.8896484375
495.0774230957031
472.38800048828125
450.2166748046875
429.367919921875
409.8208312988281
391.4114990234375
374.04998779296875
357.6474914550781
