2080.16796875
2050.72802734375
2016.6591796875
1997.7459716796875
2035.8780517578125
2044.3427734375
2075.326904296875
2093.110107421875
2101.388916015625
2120.631591796875
2142.102783203125
2152.728759765625
2162.8564453125
2192.371826171875
2219.44775390625
2239.690185546875
2258.2197265625
2275.6162109375
2293.635009765625
2311.165771484375
2338.56787109375
2375.519287109375
2424.810791015625
2489.849853515625
2568.566162109375
2654.689208984375
2744.5107421875
2839.989990234375
2944.266845703125
3057.88671875
3180.25146484375
3310.924072265625
118.99172973632812
120.58842468261719
121.5790786743164
122.2838363647461
122.78890228271484
123.15941619873047
2540.228515625
3017.222412109375
3245.656494140625
3411.355224609375
3583.302734375
3775.690185546875
3985.04345703125
4204.8037109375
4427.59130859375
4649.01904296875
4873.8935546875
5092.92626953125
5293.92626953125
5470.92822265625
5641.1845703125
5806.3916015625
5965.095703125
6122.333984375
6306.546875
6484.248046875
6655.87158203125
6824.1484375
6987.193359375
7153.00390625
7309.97509765625
7448.474609375
7572.89794921875
7685.0205078125
7796.01513671875
7905.7822265625
7988.28564453125
8038.56298828125
8068.72998046875
8069.85693359375
8064.0068359375
8110.56201171875
8219.3974609375
8376.0791015625
8582.37109375
8763.5771484375
8793.3818359375
8914.3896484375
9131.0966796875
8655.5732421875
8217.119140625
7849.32373046875
7513.037109375
7196.57861328125
6906.63671875
6631.67822265625
6356.0869140625
6082.05029296875
5825.78759765625
5584.17822265625
