2083.879150390625
2055.396240234375
2023.38916015625
1995.6875
1999.1448974609375
2068.870361328125
2061.21044921875
2073.548828125
2127.075927734375
2157.8662109375
2188.707763671875
2218.788818359375
2241.74951171875
2274.8154296875
2320.568603515625
2366.404052734375
2408.08984375
2447.269775390625
2486.254638671875
2526.529052734375
2570.3818359375
2621.154541015625
2683.64111328125
2759.809814453125
2845.847900390625
2937.602783203125
3034.91162109375
3139.3994140625
3251.02685546875
3368.440673828125
3492.124755859375
3622.543212890625
121.89419555664062
119.05863952636719
120.0047607421875
120.68807220458984
121.21121215820312
121.69352722167969
2364.861328125
2983.414794921875
3329.746337890625
3587.63232421875
3816.78076171875
4035.950439453125
4250.876953125
4463.05419921875
4673.01025390625
4883.10009765625
5098.92578125
5305.068359375
5492.658203125
5676.9140625
5859.09423828125
6037.8603515625
6232.99658203125
6438.62255859375
6603.533203125
6741.380859375
6891.6484375
7091.4443359375
7358.3740234375
7607.19482421875
7743.96142578125
7842.31640625
7977.99365234375
8159.67041015625
8349.4091796875
8561.7939453125
8757.5771484375
8838.740234375
8870.984375
8898.5849609375
8986.8857421875
9107.705078125
9164.3876953125
9112.0185546875
9057.12109375
8768.3447265625
8301.37109375
7925.7939453125
7585.22265625
7307.52587890625
7037.30029296875
6778.34716796875
6528.83349609375
6315.263671875
6123.26416015625
5943.7197265625
5778.205078125
5623.796875
5471.31640625
5317.50732421875
5162.33837890625
