0.16692428290843964
0.16969676315784454
0.1820361316204071
0.19994249939918518
0.21595662832260132
0.23017576336860657
0.23298829793930054
0.23528502881526947
0.23711878061294556
0.23842555284500122
0.23958231508731842
0.24063968658447266
0.24152837693691254
0.24227598309516907
0.2429262101650238
0.24364934861660004
0.24436399340629578
0.24511860311031342
0.2458261102437973
0.2465829849243164
0.2471093237400055
0.2475413829088211
0.24791520833969116
0.24835163354873657
0.24898424744606018
0.24964992702007294
0.25014784932136536
0.2505950629711151
0.2511213719844818
0.25166499614715576
0.2522784173488617
0.25323331356048584
0.021316364407539368
0.020571237429976463
0.020251911133527756
0.020025186240673065
0.018356602638959885
0.017085641622543335
0.22051936388015747
0.2378072291612625
0.24543382227420807
0.2509399354457855
0.25540849566459656
0.2592853605747223
0.26429420709609985
0.27143821120262146
0.2788141071796417
0.28666236996650696
0.2948494553565979
0.30313926935195923
0.3114781379699707
0.32016080617904663
0.3295072913169861
0.3398207128047943
0.3510432243347168
0.3627724349498749
0.3746046721935272
0.3864436447620392
0.3983057737350464
0.41028499603271484
0.42250630259513855
0.4357263445854187
0.4500887393951416
0.46512216329574585
0.4811231195926666
0.4977596700191498
0.5154416561126709
0.5335634350776672
0.5525553822517395
0.5710510015487671
0.5888668894767761
0.6060886979103088
0.623450756072998
0.6408804059028625
0.6578763127326965
0.6742875576019287
0.6897972226142883
0.7033027410507202
0.7147122621536255
0.7600535750389099
0.8403082489967346
0.9522831439971924
1.1019130945205688
1.2377045154571533
1.3869572877883911
1.5674716234207153
6.561424255371094
25.58688735961914
34.79542922973633
40.467899322509766
45.70433807373047
50.68119430541992
