0.022138463333249092
0.024564241990447044
0.029026636853814125
0.03069702722132206
0.031190207228064537
0.03128540888428688
0.031344953924417496
0.03144620358943939
0.03156004101037979
0.03167303651571274
0.03177325055003166
0.03186602145433426
0.03196433559060097
0.03208253160119057
0.03219558671116829
0.03231703117489815
0.032443366944789886
0.03255653753876686
0.0326724648475647
0.032798197120428085
0.03297579661011696
0.033221058547496796
0.03351239860057831
0.033844102174043655
0.03422631695866585
0.034662649035453796
0.035152893513441086
0.03569386526942253
0.0362839475274086
0.03691922873258591
0.037594329565763474
0.03830147534608841
0.0021824671421200037
0.001861889031715691
0.0017982032150030136
0.0018232776783406734
0.0018813892966136336
0.001936627202667296
0.03681757673621178
0.039298612624406815
0.04014422744512558
0.04074598848819733
0.041464485228061676
0.042352329939603806
0.04338357597589493
0.0445132702589035
0.045730821788311005
0.04700855910778046
0.048316840082407
0.04941871389746666
0.05053293704986572
0.05171743780374527
0.05290987715125084
0.05413486436009407
0.05540356785058975
0.056725818663835526
0.05689572915434837
0.05554831400513649
0.054268624633550644
0.053006362169981
0.05175802484154701
0.050511378794908524
0.0492711216211319
0.04804210737347603
0.046832311898469925
0.04563739895820618
0.04445575177669525
0.04330196976661682
0.04275817424058914
0.04220935329794884
0.04111137241125107
0.04001374542713165
0.039466746151447296
0.038920436054468155
0.037840668112039566
0.03678150847554207
0.03574027866125107
0.03472229093313217
0.03373682126402855
0.032797884196043015
0.031895507127046585
0.03102708049118519
0.03018898330628872
0.029377270489931107
0.028589632362127304
0.027826152741909027
0.027088643983006477
0.026377035304903984
0.025696344673633575
0.025050979107618332
0.024439772590994835
0.023848270997405052
0.02327076904475689
0.02270904742181301
