0.037077970802783966
0.0382254421710968
0.04140909016132355
0.044294483959674835
0.04660513624548912
0.048792432993650436
0.05032927542924881
0.05128325894474983
0.051585692912340164
0.05169520527124405
0.05177212134003639
0.05184974893927574
0.05194637551903725
0.05205367133021355
0.05224529281258583
0.05252724513411522
0.05282224342226982
0.053085844963788986
0.0533081479370594
0.05350833013653755
0.05370065197348595
0.05389786139130592
0.05409582331776619
0.05429927632212639
0.05453600361943245
0.05484090745449066
0.05524295195937157
0.05574232339859009
0.05631719157099724
0.05694665387272835
0.05761741101741791
0.058324702084064484
0.0034189752768725157
0.0031800097785890102
0.003105439245700836
0.0030598570592701435
0.0030263785738497972
0.003000458236783743
0.05436347424983978
0.056851934641599655
0.058072540909051895
0.0591069795191288
0.060151126235723495
0.06124717369675636
0.062398459762334824
0.06360366195440292
0.06485086679458618
0.06613591313362122
0.06745133548974991
0.06879111379384995
0.07013997435569763
0.0714726373553276
0.07277517765760422
0.07405941933393478
0.07532922178506851
0.07661646604537964
0.07790199667215347
0.079215407371521
0.0804750993847847
0.08149264752864838
0.08247219771146774
0.08346039801836014
0.0844968780875206
0.0855763778090477
0.08666107058525085
0.08773908764123917
0.08873714506626129
0.08957492560148239
0.09033343195915222
0.09105662256479263
0.09176070988178253
0.0924951508641243
0.09320484101772308
0.09389311820268631
0.09456685930490494
0.0951671451330185
0.09569470584392548
0.09618565440177917
0.0966915413737297
0.09724600613117218
0.09795951098203659
0.0989321917295456
0.09989593923091888
0.10104645788669586
0.10220390558242798
0.10322041809558868
0.10428109765052795
0.10548820346593857
0.10705714672803879
0.10947223752737045
0.11216094344854355
0.11505628377199173
