0.16156922280788422
0.18116886913776398
0.2042699009180069
0.20803457498550415
0.20891760289669037
0.2096940577030182
0.21042513847351074
0.2110779583454132
0.21169513463974
0.21257157623767853
0.21329128742218018
0.21415001153945923
0.21470314264297485
0.21521948277950287
0.21583504974842072
0.21661075949668884
0.2176358699798584
0.21865831315517426
0.21953639388084412
0.22037379443645477
0.22133974730968475
0.22242474555969238
0.22364777326583862
0.2249823659658432
0.2264704555273056
0.2282915562391281
0.2305918186903
0.23336181044578552
0.236503466963768
0.23987965285778046
0.24340853095054626
0.24719074368476868
0.01107768714427948
0.010699577629566193
0.010712879709899426
0.010718785226345062
0.010718927718698978
0.01071622408926487
0.22538284957408905
0.23881511390209198
0.24592319130897522
0.2526441514492035
0.25968697667121887
0.26706230640411377
0.2747651934623718
0.2865297794342041
0.3027035892009735
0.3191298842430115
0.33691921830177307
0.3559007942676544
0.37376806139945984
0.36648881435394287
0.3588450849056244
0.3511832654476166
0.34333398938179016
0.3351440727710724
0.32702621817588806
0.31924960017204285
0.3115818202495575
0.30390238761901855
0.29625165462493896
0.2884068787097931
0.2799815833568573
0.2716294229030609
0.2636195123195648
0.2556978464126587
0.24780353903770447
0.23991402983665466
0.23204492032527924
0.22431285679340363
0.2168404459953308
0.2095777541399002
0.20245909690856934
0.1955537050962448
0.18878673017024994
0.18191130459308624
0.1747509092092514
0.16760212182998657
0.16409282386302948
0.16086749732494354
0.1552143692970276
0.15004976093769073
0.14529816806316376
0.14103421568870544
0.14140374958515167
0.1450931578874588
0.1531945765018463
0.16472318768501282
0.17945533990859985
0.1961051970720291
0.21348950266838074
0.23266132175922394
0.2533121407032013
