0.09413066506385803
0.10722772032022476
0.122418113052845
0.13162843883037567
0.13797666132450104
0.14196614921092987
0.1431974321603775
0.14385227859020233
0.14442338049411774
0.14504370093345642
0.14561152458190918
0.1460377275943756
0.14639496803283691
0.14672306180000305
0.1470610350370407
0.1474083662033081
0.14783158898353577
0.1482919305562973
0.14874911308288574
0.14914456009864807
0.14949560165405273
0.14985722303390503
0.15028581023216248
0.1507289558649063
0.1511891633272171
0.1516992151737213
0.15217703580856323
0.15271514654159546
0.15337730944156647
0.15423338115215302
0.15529562532901764
0.15649381279945374
0.015939192846417427
0.008369754068553448
0.006975088734179735
0.007718642707914114
0.007616614457219839
0.007522318046540022
0.12506385147571564
0.14212611317634583
0.15135416388511658
0.15873846411705017
0.1652984768152237
0.17055797576904297
0.17509187757968903
0.17922137677669525
0.18323683738708496
0.18729612231254578
0.19149774312973022
0.19585229456424713
0.20031876862049103
0.2050146907567978
0.20994432270526886
0.21510189771652222
0.220606729388237
0.22649022936820984
0.23266726732254028
0.23925858736038208
0.2480798214673996
0.2579190731048584
0.2680186927318573
0.27768003940582275
0.28834789991378784
0.29942482709884644
0.3109580874443054
0.32258912920951843
0.3344949185848236
0.34678635001182556
0.35028740763664246
0.33957767486572266
0.3300175964832306
0.32081761956214905
0.3115738332271576
0.30335843563079834
0.29640495777130127
0.29091718792915344
0.2863171398639679
0.282397985458374
0.27907609939575195
0.27618885040283203
0.273922860622406
0.27237725257873535
0.2720215320587158
0.2725054919719696
0.27316975593566895
0.2736153304576874
0.27404990792274475
0.27447766065597534
0.27494290471076965
0.2754825949668884
0.2760801911354065
0.2767442762851715
