0.04233592376112938
0.047349583357572556
0.05427814647555351
0.05591020733118057
0.05621885508298874
0.0565061941742897
0.05681830644607544
0.05712007358670235
0.057319220155477524
0.05752258375287056
0.05764564126729965
0.05777581036090851
0.057912372052669525
0.058031920343637466
0.058138079941272736
0.05824779346585274
0.058396849781274796
0.05855340510606766
0.058693986386060715
0.05885216221213341
0.059042852371931076
0.05922813341021538
0.05941839516162872
0.05963204428553581
0.05985066294670105
0.06009174510836601
0.06040654703974724
0.060803771018981934
0.06128745898604393
0.06184322386980057
0.06247289106249809
0.06316947937011719
0.0028294259682297707
0.0028091988060623407
0.0027924571186304092
0.0027807634323835373
0.0027743689715862274
0.0027684152591973543
0.05655480548739433
0.06070097163319588
0.06317251175642014
0.06498595327138901
0.06643125414848328
0.06773307919502258
0.06900642812252045
0.07028691470623016
0.07158751785755157
0.07291404902935028
0.07426527142524719
0.07564157247543335
0.07704868167638779
0.07846073806285858
0.07988135516643524
0.0813332051038742
0.08283141255378723
0.08437862247228622
0.08598988503217697
0.08769148588180542
0.08948250114917755
0.09133897721767426
0.09279476851224899
0.09409072995185852
0.09541905671358109
0.09686221927404404
0.09835712611675262
0.09992330521345139
0.10221069306135178
0.10481856018304825
0.10708366334438324
0.10927201807498932
0.1115020215511322
0.11382775008678436
0.1162228137254715
0.1186956837773323
0.12110742926597595
0.12344512343406677
0.1258399486541748
0.12829768657684326
0.13072852790355682
0.13109666109085083
0.12734173238277435
0.12403605133295059
0.12087977677583694
0.11778376251459122
0.1147363930940628
0.11174546182155609
0.10877717286348343
0.10580173879861832
0.10286904126405716
0.10003881901502609
0.09723120182752609
0.09441382437944412
