0.007831588387489319
0.0088109215721488
0.010135435499250889
0.01100639346987009
0.011165852658450603
0.011236299760639668
0.011295882984995842
0.011370183899998665
0.01146029308438301
0.011537410318851471
0.011624198406934738
0.011702469550073147
0.011766129173338413
0.011834893375635147
0.011906033381819725
0.011984061449766159
0.012068341486155987
0.012155217118561268
0.012251515872776508
0.012363887391984463
0.012516296468675137
0.012710049748420715
0.012938381172716618
0.013196696527302265
0.013481257483363152
0.013790203258395195
0.014115351252257824
0.014413273893296719
0.014702262356877327
0.015005774796009064
0.015322964638471603
0.01564834453165531
0.0008233840926550329
0.0008011081954464316
0.0008121980936266482
0.0008270025718957186
0.0008406757260672748
0.000852404220495373
0.01567467488348484
0.016154933720827103
0.016388272866606712
0.016600625589489937
0.016833536326885223
0.017101753503084183
0.017408812418580055
0.01775217056274414
0.01812991499900818
0.018543338403105736
0.01896282285451889
0.019400183111429214
0.01986774429678917
0.020376084372401237
0.020909525454044342
0.021391689777374268
0.02184922993183136
0.022314371541142464
0.022794513031840324
0.023278193548321724
0.023758409544825554
0.024235572665929794
0.024705419316887856
0.024571826681494713
0.024057049304246902
0.023552298545837402
0.023050211369991302
0.02255195938050747
0.02205941453576088
0.02157120779156685
0.021086573600769043
0.02060629241168499
0.020129824057221413
0.019656389951705933
0.01918657124042511
0.018724212422966957
0.01827048324048519
0.01782473362982273
0.01738688349723816
0.01695622131228447
0.01653321646153927
0.016118565574288368
0.015713993459939957
0.015318646095693111
0.014929705299437046
0.014548279345035553
0.014176786877214909
0.01381409540772438
0.013465835712850094
0.01312993559986353
0.012803947553038597
0.012486395426094532
0.01217594277113676
0.011873360723257065
