17.912843704223633
15.482410430908203
11.819414138793945
10.05019474029541
9.350622177124023
9.003072738647461
8.776280403137207
8.602776527404785
8.460257530212402
8.337491035461426
8.24367904663086
8.242345809936523
8.294844627380371
8.362286567687988
8.399870872497559
8.453764915466309
8.534250259399414
8.646492958068848
8.801968574523926
9.003711700439453
9.26180648803711
9.59227466583252
9.965432167053223
10.398103713989258
10.902885437011719
11.476835250854492
12.111651420593262
12.809782028198242
13.558691024780273
14.353941917419434
15.194809913635254
16.09638214111328
3.009531259536743
3.244565725326538
3.539968252182007
3.786978006362915
3.9787774085998535
4.183254241943359
22.553293228149414
21.597726821899414
21.49711799621582
23.002323150634766
24.78042221069336
26.579833984375
28.244895935058594
29.9222412109375
31.629728317260742
33.335567474365234
34.93769454956055
36.41999435424805
37.8512077331543
39.18586349487305
40.448326110839844
41.67591857910156
42.88899612426758
44.09038543701172
45.268226623535156
46.44989013671875
47.6103515625
48.7199592590332
49.8149299621582
50.995849609375
52.18150329589844
53.359230041503906
54.50406265258789
55.59170150756836
56.632591247558594
57.645591735839844
58.54743576049805
59.36507034301758
60.13664627075195
60.824668884277344
61.44244384765625
61.981536865234375
62.37252426147461
62.6241340637207
62.887020111083984
63.20159149169922
63.413997650146484
63.53226089477539
63.564247131347656
63.531822204589844
63.46140670776367
63.39705276489258
63.33595657348633
63.267066955566406
63.191280364990234
63.105079650878906
63.007755279541016
62.878726959228516
62.70774459838867
62.4995002746582
62.26896286010742
