0.022654874250292778
0.025603724643588066
0.02818070724606514
0.029864534735679626
0.030561188235878944
0.03090367652475834
0.03111732192337513
0.03124772384762764
0.031334418803453445
0.031447943300008774
0.03159045800566673
0.03177233785390854
0.031933024525642395
0.03207238391041756
0.03218866139650345
0.0322708897292614
0.03235667198896408
0.032446619123220444
0.03255051001906395
0.03265804052352905
0.03276709467172623
0.032877177000045776
0.03299548476934433
0.033123329281806946
0.0332922525703907
0.0335196852684021
0.033810000866651535
0.03416427969932556
0.03457207977771759
0.035028185695409775
0.03552951663732529
0.03607471287250519
0.002163987373933196
0.001966191455721855
0.001892015803605318
0.0018750197486951947
0.0018664333038032055
0.0018620975315570831
0.03354782983660698
0.03609013184905052
0.03734467178583145
0.03813467174768448
0.038806457072496414
0.03947870060801506
0.04019230231642723
0.04096490517258644
0.04179733246564865
0.042691536247730255
0.04364322870969772
0.04464166611433029
0.04570340737700462
0.046821240335702896
0.047769371420145035
0.04874945059418678
0.04975824058055878
0.050817254930734634
0.05192482843995094
0.05307010933756828
0.0542389452457428
0.05541633814573288
0.05660269409418106
0.05781642720103264
0.05731486156582832
0.056093499064445496
0.05493207275867462
0.05379408597946167
0.05266474932432175
0.05154724791646004
0.05043818801641464
0.04933284595608711
0.04825076088309288
0.04719289764761925
0.04619118571281433
0.04519147425889969
0.04419947415590286
0.043215613812208176
0.04224512353539467
0.04128817841410637
0.04034317284822464
0.03941221162676811
0.03849654272198677
0.03759654611349106
0.0367056280374527
0.03582938387989998
0.0349687784910202
0.03412647545337677
0.033300261944532394
0.03249436989426613
0.03171178326010704
0.03095044009387493
0.030208246782422066
0.029484616592526436
