0.16355536878108978
0.18487882614135742
0.2042357623577118
0.2067241072654724
0.2077123075723648
0.2085711658000946
0.20935966074466705
0.21004290878772736
0.2108680009841919
0.21153944730758667
0.2122323364019394
0.21292541921138763
0.21345676481723785
0.2138621062040329
0.21431764960289001
0.2148856818675995
0.21554379165172577
0.21620284020900726
0.2169276922941208
0.2175571173429489
0.21819783747196198
0.21890652179718018
0.21974654495716095
0.22066783905029297
0.22162160277366638
0.22263528406620026
0.22407446801662445
0.22568628191947937
0.22739911079406738
0.22940771281719208
0.23170019686222076
0.23431770503520966
0.010643323883414268
0.01063784770667553
0.010677482932806015
0.010690988972783089
0.010694466531276703
0.010685531422495842
0.21821080148220062
0.2276645004749298
0.23305170238018036
0.2383190095424652
0.24351517856121063
0.24875038862228394
0.2540280818939209
0.25925779342651367
0.2644908130168915
0.269825279712677
0.2752254605293274
0.2831021547317505
0.2934764325618744
0.304022878408432
0.31512823700904846
0.3269246220588684
0.34022536873817444
0.3543685972690582
0.3691142797470093
0.36296334862709045
0.35638371109962463
0.3498842120170593
0.3433448374271393
0.3367161750793457
0.32991012930870056
0.3229418396949768
0.31578585505485535
0.30857276916503906
0.3013105094432831
0.29426947236061096
0.2874617576599121
0.2807191014289856
0.2735314965248108
0.2663569450378418
0.2592438757419586
0.2523038387298584
0.24544355273246765
0.23868301510810852
0.23202520608901978
0.22524556517601013
0.21859969198703766
0.211833655834198
0.2047981470823288
0.19746364653110504
0.19020402431488037
0.1829850673675537
0.17611509561538696
0.17086032032966614
0.165794238448143
0.1747322827577591
0.19388091564178467
0.21961677074432373
0.24692697823047638
0.2748918831348419
