0.1564704179763794
0.15788669884204865
0.16661295294761658
0.18141339719295502
0.19427061080932617
0.20553165674209595
0.21671223640441895
0.21877141296863556
0.22074012458324432
0.2222212255001068
0.22379884123802185
0.22493067383766174
0.2260170578956604
0.22699743509292603
0.22781001031398773
0.2285066545009613
0.22920219600200653
0.22996146976947784
0.23070110380649567
0.23133789002895355
0.23189811408519745
0.23235811293125153
0.2327379733324051
0.2332376390695572
0.23379747569561005
0.23426875472068787
0.23478052020072937
0.23539091646671295
0.23627352714538574
0.23723380267620087
0.23839664459228516
0.23977790772914886
0.022415000945329666
0.02171018347144127
0.02119816280901432
0.019218113273382187
0.017790338024497032
0.016761232167482376
0.20913882553577423
0.22751857340335846
0.23518569767475128
0.24322502315044403
0.25259244441986084
0.2613273859024048
0.2699010670185089
0.2787523865699768
0.28791046142578125
0.297370582818985
0.30685973167419434
0.3163486421108246
0.3258213698863983
0.33525821566581726
0.3445945382118225
0.35365989804267883
0.3623303472995758
0.3706863820552826
0.38045233488082886
0.3959983289241791
0.41365769505500793
0.435302197933197
0.4613083302974701
0.4950483739376068
0.5381326675415039
0.5928890109062195
0.6635779738426208
0.7599452137947083
0.8908838033676147
1.0179286003112793
1.1432193517684937
1.8932064771652222
21.588735580444336
33.23479080200195
41.04172897338867
49.03435134887695
57.23646545410156
64.8734130859375
72.1865234375
79.2506103515625
86.17764282226562
94.0331039428711
102.95953369140625
112.78640747070312
124.1971435546875
133.47601318359375
137.17379760742188
141.45184326171875
145.32974243164062
148.49363708496094
151.2058868408203
153.5156707763672
155.41030883789062
156.93203735351562
