0.042565375566482544
0.04769032076001167
0.05413765087723732
0.055535782128572464
0.0561082698404789
0.056453924626111984
0.05695850029587746
0.05745191499590874
0.05771666020154953
0.05788089334964752
0.05801612138748169
0.058213699609041214
0.05838901549577713
0.05856212228536606
0.05871598795056343
0.05885807052254677
0.05903832986950874
0.05922229215502739
0.05941014364361763
0.059596870094537735
0.059807103127241135
0.060087159276008606
0.06042195484042168
0.06084446981549263
0.06141740456223488
0.06209173798561096
0.06289266049861908
0.06379088014364243
0.06477317959070206
0.06582341343164444
0.06692459434270859
0.0680767074227333
0.0037913231644779444
0.0038386473897844553
0.0038656829856336117
0.0038172071799635887
0.003769715316593647
0.0037298386450856924
0.0620042160153389
0.06520886719226837
0.0678744986653328
0.07016100734472275
0.07223749905824661
0.07419471442699432
0.07610172778367996
0.07802112400531769
0.07994918525218964
0.08194777369499207
0.0840228945016861
0.08612687885761261
0.0882401168346405
0.09046570211648941
0.09250474721193314
0.09411612898111343
0.09569716453552246
0.09737088531255722
0.09918973594903946
0.10158664733171463
0.10485363751649857
0.10778073221445084
0.11071247607469559
0.11375501751899719
0.11671630293130875
0.11954976618289948
0.12225823849439621
0.12498745322227478
0.12775631248950958
0.1306089162826538
0.13353407382965088
0.1295510232448578
0.12554097175598145
0.1217944547533989
0.11817539483308792
0.11464883387088776
0.1112263947725296
0.10791099071502686
0.10470186173915863
0.10165812075138092
0.0987544134259224
0.09597133100032806
0.09329163283109665
0.09069465100765228
0.08819771558046341
0.08578529208898544
0.0834486186504364
0.08118053525686264
0.07897622138261795
0.07681886106729507
0.07470759004354477
0.07264909148216248
0.07062985748052597
0.06867379695177078
