0.02438436448574066
0.026792166754603386
0.03028259053826332
0.03332837298512459
0.03392232954502106
0.03409188613295555
0.03433617576956749
0.03447027504444122
0.03457001969218254
0.03471851721405983
0.03487161919474602
0.034980982542037964
0.03509939834475517
0.03526168316602707
0.035412754863500595
0.035572223365306854
0.03576398268342018
0.035979870706796646
0.036196690052747726
0.03640644997358322
0.03660283982753754
0.036797940731048584
0.0370083823800087
0.03726018965244293
0.0375639908015728
0.0379212386906147
0.03832869231700897
0.038780663162469864
0.03927113488316536
0.03979659825563431
0.04037272930145264
0.04097900539636612
0.0020393647719174623
0.0018522863974794745
0.0017803922528401017
0.0017423405079171062
0.0017194229876622558
0.0017099275719374418
0.036335255950689316
0.0397113598883152
0.041250888258218765
0.04223771020770073
0.04303143918514252
0.04380594566464424
0.04462350532412529
0.045505523681640625
0.046456899493932724
0.04747854173183441
0.04856615886092186
0.049712296575307846
0.05091606825590134
0.05217587202787399
0.053497064858675
0.054854437708854675
0.056196827441453934
0.05728193745017052
0.05836153030395508
0.059403348714113235
0.06042835861444473
0.06147901713848114
0.06250643730163574
0.06347828358411789
0.06440845131874084
0.0653277337551117
0.06624002754688263
0.06714746356010437
0.06803937256336212
0.0689198225736618
0.06978993117809296
0.07064493000507355
0.0714799091219902
0.07230094820261002
0.07316602021455765
0.07364112138748169
0.07146435976028442
0.06946617364883423
0.06753960251808167
0.06565354764461517
0.0638023391366005
0.06197738274931908
0.06018158420920372
0.05842180922627449
0.05670236796140671
0.05502679944038391
0.053396906703710556
0.05180865526199341
0.05026649311184883
0.04876309633255005
0.04727966710925102
0.04581714794039726
0.045091770589351654
0.044371262192726135
0.0429503433406353
