2058.2431640625
2020.38818359375
2025.2628173828125
2067.84912109375
2060.52880859375
2069.046630859375
2110.115478515625
2129.541259765625
2134.396728515625
2146.6435546875
2147.588134765625
2146.0078125
2147.718994140625
2150.529541015625
2156.252197265625
2158.326416015625
2162.263671875
2164.617919921875
2171.783447265625
2180.167724609375
2188.059326171875
2196.714599609375
2209.124267578125
2228.739013671875
2253.58935546875
2288.70361328125
2338.443115234375
2401.421142578125
2473.3330078125
2558.86376953125
2655.54248046875
2759.215576171875
120.38221740722656
122.08222961425781
122.58692169189453
122.92073822021484
123.14962005615234
123.31912994384766
2017.498291015625
2525.111328125
2809.91845703125
3028.270751953125
3216.589599609375
3393.514404296875
3566.32958984375
3737.053955078125
3906.775146484375
4076.895263671875
4248.7373046875
4422.4990234375
4595.22705078125
4770.1220703125
4947.77978515625
5131.9404296875
5327.716796875
5524.583984375
5719.19287109375
5927.8720703125
6141.58349609375
6363.40576171875
6580.03173828125
6803.5791015625
7034.48095703125
7281.318359375
7516.20068359375
7711.55615234375
7898.88037109375
8083.53564453125
8246.724609375
8391.412109375
8512.087890625
8618.2744140625
8711.23046875
8804.6767578125
8896.263671875
8985.1923828125
8991.7646484375
8695.59765625
8441.1591796875
8201.2392578125
7967.314453125
7736.1591796875
7509.119140625
7287.70458984375
7072.61767578125
6862.88671875
6661.87158203125
6470.89013671875
6289.58447265625
6117.7265625
5955.16064453125
5798.677734375
