2084.992919921875
2069.1494140625
2036.356201171875
2005.939208984375
2052.0205078125
2072.006591796875
2064.93310546875
2058.35791015625
2055.15380859375
2060.0947265625
2078.61474609375
2088.948974609375
2093.7587890625
2101.576171875
2117.32568359375
2128.384765625
2126.331298828125
2123.799560546875
2128.7451171875
2137.49267578125
2147.2080078125
2156.15576171875
2160.10009765625
2169.519287109375
2187.9443359375
2202.914794921875
2222.680908203125
2243.970458984375
2271.24609375
2308.77001953125
2350.133544921875
2394.469970703125
115.35238647460938
110.812255859375
110.45863342285156
110.71920776367188
111.05205535888672
111.41083526611328
1713.63525390625
1701.740966796875
2500.706298828125
3178.58740234375
3124.568359375
3004.217529296875
2939.329833984375
2917.450927734375
2936.353759765625
2978.58984375
3053.450927734375
3144.254150390625
3234.7587890625
3340.055908203125
3450.40185546875
3551.7841796875
3646.885498046875
3739.185302734375
3853.708251953125
4001.358154296875
4179.65771484375
4204.64306640625
4138.685546875
4125.5107421875
4136.5693359375
4153.75439453125
4168.5556640625
4185.14111328125
4210.16455078125
4251.294921875
4311.2060546875
4382.5791015625
4454.416015625
4514.87353515625
4559.23388671875
4588.203125
4604.955078125
4612.18115234375
4612.2822265625
4607.1767578125
4600.255859375
4595.7568359375
4594.92041015625
4596.70947265625
4596.4814453125
4592.26416015625
4579.9755859375
4560.65771484375
4534.88134765625
4502.05517578125
4462.61376953125
4417.654296875
4367.912109375
4313.82861328125
