2050.040283203125
2008.615234375
2152.700927734375
2408.9169921875
2528.490234375
2518.41064453125
2463.763671875
2409.3564453125
2362.628662109375
2329.45166015625
2303.635009765625
2287.45361328125
2283.655517578125
2291.99462890625
2308.156005859375
2333.320068359375
2360.722412109375
2385.1416015625
2415.89599609375
2467.34228515625
2548.41796875
2656.498046875
2787.37158203125
2937.60302734375
3105.6259765625
3290.75732421875
3493.035400390625
3710.500732421875
3943.8154296875
4195.02001953125
4459.77197265625
4734.72998046875
207.42214965820312
171.2262420654297
155.47409057617188
147.2657012939453
142.96519470214844
140.89491271972656
4054.388916015625
6119.7119140625
7097.3037109375
7200.96337890625
7055.85498046875
7025.4462890625
7090.11328125
7214.0947265625
7359.30322265625
7519.35986328125
7687.99609375
7861.083984375
8028.7412109375
8193.9931640625
8350.2705078125
8495.1767578125
8630.857421875
8749.0009765625
8846.720703125
8922.7705078125
8975.134765625
9004.5029296875
9011.7265625
8996.9794921875
8961.544921875
8907.5400390625
8837.970703125
8755.0693359375
8659.2861328125
8551.1044921875
8430.2392578125
8297.74609375
8155.08837890625
8004.15185546875
7847.77783203125
7686.59521484375
7521.57177734375
7354.70458984375
7186.2548828125
7017.08984375
6846.11328125
6675.66064453125
6504.21484375
6335.7958984375
6172.0048828125
6009.9091796875
5850.3056640625
5693.244140625
5538.81689453125
5387.962890625
5241.01904296875
5098.1923828125
4960.01025390625
4826.0615234375
