0.15599635243415833
0.15692037343978882
0.16783487796783447
0.18690435588359833
0.2036343663930893
0.21410247683525085
0.2186179757118225
0.22126944363117218
0.2228745073080063
0.22397223114967346
0.2248428910970688
0.22583933174610138
0.2269674837589264
0.22800545394420624
0.2289026975631714
0.2297057956457138
0.23051263391971588
0.23121857643127441
0.23166115581989288
0.23234829306602478
0.23296980559825897
0.23366954922676086
0.23433876037597656
0.23504303395748138
0.23578673601150513
0.23670589923858643
0.23780709505081177
0.2392006665468216
0.24093970656394958
0.24293120205402374
0.24678708612918854
0.2534346878528595
0.02457556314766407
0.024497859179973602
0.022179588675498962
0.020257102325558662
0.01908513903617859
0.01835028827190399
0.22175706923007965
0.24116142094135284
0.2556402087211609
0.2692604959011078
0.2825637459754944
0.295933336019516
0.30940166115760803
0.32292062044143677
0.33650505542755127
0.35031047463417053
0.3639383912086487
0.37725332379341125
0.3905665874481201
0.40321817994117737
0.4154764711856842
0.4281003475189209
0.4425104856491089
0.45837628841400146
0.49222302436828613
0.5688554644584656
0.6890757083892822
0.7675257325172424
0.8653804063796997
1.0561994314193726
1.2645725011825562
20.543458938598633
31.27976417541504
38.300270080566406
46.42374038696289
56.03850555419922
65.22952270507812
73.84001922607422
82.2530517578125
90.84101867675781
100.05001831054688
109.76424407958984
120.57884216308594
133.76824951171875
138.71624755859375
142.7641143798828
146.2410125732422
149.0491180419922
151.34469604492188
153.2655029296875
154.87815856933594
156.2852783203125
157.546142578125
158.49624633789062
159.23374938964844
159.59860229492188
159.77706909179688
159.836669921875
159.3203887939453
158.45413208007812
157.64334106445312
