1500.0
1500.0103759765625
1500.0
1500.0
1500.0
1500.0
1500.0
1500.0
1500.0
1500.0
1500.0
1500.0
1500.0
1500.0
1500.0
1500.0
1500.0
1500.0
1500.0
1500.0
1500.0
1500.0
1500.0
1500.0
1500.0
1500.0
1500.0
1500.0
1500.0
1500.0
1500.0
1500.0
99.99894714355469
100.0
100.0
100.0
100.0
100.0
1500.0
1500.0
1499.9969482421875
1500.0
1500.0
1500.0
1500.0
1500.0
1500.0
1500.0
1500.0
1500.0
1500.0
1500.0
1500.0
1500.0
1500.0
1500.0
1500.0
1500.0
1500.0
1500.0
1500.0
1500.0
1500.0
1500.0
1500.0
1500.0
1500.0
1500.0
1500.0
1500.0
1441.2393798828125
1384.71142578125
1333.189697265625
1282.17822265625
1231.1781005859375
1181.7357177734375
1134.44580078125
1089.21728515625
1045.526123046875
1003.045654296875
961.773681640625
922.2352294921875
884.3966064453125
849.2554321289062
819.648681640625
792.9083862304688
767.5473022460938
742.7831420898438
718.435302734375
695.3981323242188
674.1619873046875
653.63671875
