0.021523773670196533
0.026552021503448486
0.029511619359254837
0.030462512746453285
0.03080745041370392
0.030891457572579384
0.030867774039506912
0.030837856233119965
0.03086814098060131
0.030935239046812057
0.03105570189654827
0.031174933537840843
0.03136374056339264
0.031581852585077286
0.03181003779172897
0.032015711069107056
0.032199446111917496
0.03236456960439682
0.0325106680393219
0.0326463058590889
0.03279273211956024
0.03295038267970085
0.03311963006854057
0.03329188749194145
0.033464688807725906
0.03364427387714386
0.03385193645954132
0.03409859910607338
0.034395892173051834
0.03474278002977371
0.03513738512992859
0.03557797893881798
0.0017592065269127488
0.0013884322252124548
0.0013711171923205256
0.0013626348227262497
0.0013581867096945643
0.0013557600323110819
0.027974393218755722
0.032662298530340195
0.03536561131477356
0.03696545213460922
0.0379403755068779
0.03863595798611641
0.0392526313662529
0.039890289306640625
0.040588751435279846
0.04129287227988243
0.040857743471860886
0.040493667125701904
0.04014915972948074
0.039803605526685715
0.039450544863939285
0.03909165412187576
0.038722846657037735
0.03829140588641167
0.037757713347673416
0.03723376244306564
0.036706019192934036
0.036172978579998016
0.03562891483306885
0.0350785069167614
0.03456985205411911
0.03404083102941513
0.03348914906382561
0.032935623079538345
0.032377466559410095
0.03181272745132446
0.031240737065672874
0.0306601133197546
0.030076617375016212
0.029492678120732307
0.028903651982545853
0.028309455141425133
0.027712002396583557
0.02711455523967743
0.02652108669281006
0.02593327686190605
0.02535201981663704
0.024777047336101532
0.02420756034553051
0.02364283613860607
0.02308475226163864
0.022532114759087563
0.02198561280965805
0.021446360275149345
0.020915495231747627
0.02040833979845047
0.019913848489522934
0.019424520432949066
0.018941711634397507
0.018465308472514153
