2013.7535400390625
1845.0797119140625
1666.8719482421875
1587.30078125
1519.77392578125
1470.6370849609375
1441.38671875
1416.0806884765625
1392.9273681640625
1383.3687744140625
1377.17626953125
1367.328125
1356.540283203125
1346.4932861328125
1341.80419921875
1339.1397705078125
1336.6239013671875
1336.6466064453125
1342.3902587890625
1356.51220703125
1379.8076171875
1411.19970703125
1449.48681640625
1493.26708984375
1540.520751953125
1591.69140625
1648.8863525390625
1706.577880859375
1763.58154296875
1820.524169921875
1877.342529296875
1932.4654541015625
214.20872497558594
221.4636688232422
233.8216094970703
244.15660095214844
253.78054809570312
262.99932861328125
2191.127685546875
2232.247314453125
2248.72412109375
2267.600830078125
2286.97314453125
2321.0859375
2374.030517578125
2424.171142578125
2472.569580078125
2526.970458984375
2584.06005859375
2636.998046875
2682.343017578125
2718.231201171875
2745.14208984375
2762.95849609375
2771.843994140625
2772.30322265625
2765.920166015625
2752.70361328125
2732.973876953125
2707.53369140625
2677.449951171875
2642.505126953125
2602.91064453125
2559.385986328125
2512.3818359375
2462.38623046875
2410.02734375
2355.62890625
2299.4423828125
2242.18798828125
2184.387939453125
2126.481201171875
2067.867919921875
2009.7640380859375
1952.3441162109375
1895.825927734375
1840.3848876953125
1786.218994140625
1733.113037109375
1681.5673828125
1631.4815673828125
1583.0819091796875
1536.2344970703125
1490.3709716796875
1446.4188232421875
1404.4573974609375
1364.3704833984375
1325.9315185546875
1289.0794677734375
1253.722900390625
1219.810546875
1187.290283203125
