2078.856689453125
2052.841796875
2044.6158447265625
2050.055419921875
2042.3414306640625
2034.6807861328125
2029.8203125
2024.40087890625
2026.0062255859375
2028.295654296875
2023.461669921875
2022.549072265625
2019.3345947265625
2026.301025390625
2049.711669921875
2074.706787109375
2089.496826171875
2113.359619140625
2142.501953125
2172.498779296875
2204.94775390625
2240.0107421875
2297.08203125
2375.891845703125
2470.588623046875
2581.7294921875
2707.6083984375
2847.380126953125
2999.960693359375
3163.805419921875
3337.332763671875
3519.646484375
3710.78515625
191.9588165283203
188.27479553222656
185.5758056640625
184.43365478515625
183.88589477539062
183.7465057373047
3828.492919921875
4010.702392578125
4109.92431640625
4269.8154296875
4408.70068359375
4551.26806640625
4710.4345703125
4890.201171875
5090.05859375
5309.943359375
5547.41162109375
5798.359375
6064.548828125
6350.15478515625
6657.29150390625
6968.91748046875
7304.08544921875
7665.7841796875
8022.9609375
8391.3662109375
8781.0009765625
9171.5537109375
9567.646484375
9948.20703125
10309.9072265625
10650.7333984375
10971.8125
11277.9921875
11568.998046875
11846.3740234375
12112.4501953125
12368.681640625
12618.69140625
12866.5595703125
13106.8359375
13336.4970703125
13553.4814453125
13756.251953125
13945.732421875
14122.95703125
14288.337890625
14440.41015625
14578.0546875
14701.3916015625
14811.0751953125
14907.39453125
14992.626953125
15066.25
15124.26953125
15172.5908203125
15199.849609375
15214.9599609375
15219.865234375
15199.705078125
14724.1376953125
