0.04031019285321236
0.043170880526304245
0.04805946350097656
0.053033389151096344
0.055058203637599945
0.055510710924863815
0.05571911484003067
0.056111082434654236
0.05645998939871788
0.05671039596199989
0.0569477379322052
0.057257279753685
0.05750501528382301
0.05778587982058525
0.058112822473049164
0.05846099928021431
0.05877278745174408
0.05908931791782379
0.05942539498209953
0.05976991727948189
0.0601317435503006
0.06053410843014717
0.061017826199531555
0.06159022077918053
0.062234945595264435
0.06294537335634232
0.06371723115444183
0.06453383713960648
0.06542345881462097
0.06633993238210678
0.06729217618703842
0.0682871863245964
0.003843614598736167
0.0036627596709877253
0.0035579719115048647
0.00347504741512239
0.003417350584641099
0.0033745996188372374
0.06101981922984123
0.06481602787971497
0.06693688035011292
0.06847060471773148
0.06988263875246048
0.07134366780519485
0.07289111614227295
0.07451962679624557
0.07621157169342041
0.07796391099691391
0.07980085909366608
0.08165811002254486
0.08348897099494934
0.08524693548679352
0.08700115233659744
0.08876779675483704
0.09054891020059586
0.09239393472671509
0.09386148303747177
0.09515445679426193
0.09642915427684784
0.09766039997339249
0.09887513518333435
0.10014241188764572
0.10183581709861755
0.10537023097276688
0.10951050370931625
0.11446668952703476
0.11858805269002914
0.12160935997962952
0.12447278201580048
0.1275176703929901
0.13101452589035034
0.13511250913143158
0.13929383456707
0.14351803064346313
0.14670979976654053
0.14969544112682343
0.1494891345500946
0.1414298117160797
0.13499179482460022
0.12915198504924774
0.12358013540506363
0.1180955097079277
0.11325199156999588
0.10853483527898788
0.10407115519046783
0.10116048157215118
0.0983092412352562
0.09801708906888962
0.10394588112831116
0.12162905931472778
0.19859082996845245
0.29350635409355164
