0.037092845886945724
0.03888069465756416
0.042608410120010376
0.046484239399433136
0.0491524413228035
0.050548747181892395
0.05116792395710945
0.0514441579580307
0.051590435206890106
0.05171683803200722
0.05183317884802818
0.051973290741443634
0.052195463329553604
0.05251024663448334
0.052734509110450745
0.05292865261435509
0.05313243344426155
0.0533430315554142
0.05356081947684288
0.05376189202070236
0.053944673389196396
0.0541316382586956
0.05435464531183243
0.0546732060611248
0.0550798699259758
0.055579327046871185
0.05616581067442894
0.05681991949677467
0.057525619864463806
0.05827264487743378
0.05906711891293526
0.059906527400016785
0.0034589171409606934
0.0033107572235167027
0.003271251218393445
0.0032471332233399153
0.0032280180603265762
0.003210814669728279
0.056596577167510986
0.05870812013745308
0.05991871654987335
0.06095815822482109
0.062027473002672195
0.06321554630994797
0.06452938169240952
0.06593793630599976
0.06740321964025497
0.06892666965723038
0.07049228996038437
0.0720803514122963
0.07374412566423416
0.07543522119522095
0.07701883465051651
0.07840081304311752
0.07961279153823853
0.08081699162721634
0.08206472545862198
0.08335404843091965
0.08468039333820343
0.08607872575521469
0.08750364929437637
0.08896323293447495
0.09048155695199966
0.09182048588991165
0.09306728839874268
0.09428510069847107
0.09546686708927155
0.09695037454366684
0.09842254221439362
0.0998704731464386
0.10130001604557037
0.10284062474966049
0.10455335676670074
0.10602017492055893
0.10721565783023834
0.10815548896789551
0.10892996937036514
0.10959815233945847
0.11026126146316528
0.11102446913719177
0.11194103211164474
0.11295436322689056
0.11397728323936462
0.11495895683765411
0.11582104861736298
0.11662772297859192
0.11748719215393066
0.11840959638357162
0.11935888975858688
0.12031390517950058
0.12116158753633499
0.1179300919175148
