1500.0
1500.0
1500.0
1500.0
1500.0
1500.0
1500.0
1500.0
1500.0
1500.0
1500.0
1500.0
1500.0
1500.0
1499.9998779296875
1500.0
1500.0
1500.0
1500.0
1500.0
1500.0
1500.0
1500.0
1500.0
1500.0
1500.0
1500.0
1500.0
1500.0
1500.0
1500.0
1500.0
1500.0
100.0
100.0
100.0
100.0
100.0
100.0
100.0
1500.0
1500.0
1500.0
1500.0
1500.0
1500.0
1500.0
1500.0
1500.0
1500.0
1500.0
1500.0
1500.0
1500.0
1500.0
1500.0
1500.0
1500.0
1500.0
1500.0
1467.6156005859375
1394.4990234375
1325.9110107421875
1264.20947265625
1205.6910400390625
1147.928955078125
1090.604248046875
1032.412841796875
982.3486328125
936.8930053710938
895.509765625
864.106201171875
834.4698486328125
800.3739624023438
765.7564697265625
731.4064331054688
703.0648193359375
676.7850341796875
651.2333984375
627.5064697265625
603.0323486328125
584.5841674804688
567.9129638671875
553.5614624023438
541.17529296875
527.873291015625
513.4376220703125
497.9783020019531
481.3125305175781
463.9907531738281
447.3276672363281
431.775634765625
416.2530822753906
400.4304504394531
384.2179260253906
367.345703125
349.8763427734375
344.8121643066406
338.6977844238281
