1500.0
1500.0
1500.0
1500.0
1500.0003662109375
1500.0
1500.0
1500.0
1500.0
1499.999267578125
1499.999755859375
1499.9993896484375
1499.993896484375
1499.9991455078125
1500.0
1499.99560546875
1499.998291015625
1499.999267578125
1499.997802734375
1499.9998779296875
1499.996337890625
1499.9989013671875
1499.997314453125
1500.0
1499.999755859375
1500.0
1499.9998779296875
1500.0
1499.999267578125
1500.0
1500.0
1500.0
99.99989318847656
100.0
100.0
100.0
100.0
100.0
1500.0
1500.0
1500.0
1499.9998779296875
1500.0
1499.9998779296875
1499.9998779296875
1500.0
1499.999755859375
1500.0
1500.0
1489.9427490234375
1440.4954833984375
1401.260986328125
1364.2237548828125
1327.2197265625
1290.41552734375
1253.6055908203125
1216.7578125
1179.7579345703125
1143.376220703125
1107.846435546875
1073.289794921875
1039.820068359375
1007.3765258789062
975.853271484375
945.312744140625
915.7483520507812
887.2213134765625
859.5780639648438
833.1307373046875
807.75244140625
783.2919311523438
759.779052734375
737.159423828125
715.5943603515625
695.0921630859375
675.5994262695312
657.0410766601562
639.2316284179688
622.268310546875
606.1266479492188
590.7247314453125
575.9794311523438
562.0077514648438
548.6027221679688
535.6744995117188
523.2083129882812
511.3030090332031
499.9146728515625
489.0035095214844
478.54559326171875
468.49993896484375
458.8283386230469
