1500.0
1500.0
1500.0
1500.0
1500.0
1500.0001220703125
1500.0
1500.0006103515625
1499.9998779296875
1499.9998779296875
1499.9998779296875
1500.0
1499.9998779296875
1500.0
1500.0
1500.0
1500.0
1499.9998779296875
1499.9993896484375
1499.9993896484375
1499.9993896484375
1499.9993896484375
1499.9993896484375
1499.9991455078125
1499.99951171875
1499.9993896484375
1499.999267578125
1499.99951171875
1499.9989013671875
1500.0
1499.9989013671875
1499.9984130859375
100.00004577636719
100.0
100.0
100.0
100.0
100.0
1500.0
1500.0
1500.0
1500.0
1500.0
1500.0
1500.0
1500.0
1500.0
1500.0
1500.0
1500.0
1500.0
1500.0
1499.999755859375
1500.0
1500.0
1500.0
1500.0
1500.0
1500.0
1500.0
1500.0
1476.51708984375
1438.0274658203125
1405.6851806640625
1373.7080078125
1340.929931640625
1307.4874267578125
1274.539306640625
1242.12841796875
1209.1964111328125
1176.57958984375
1144.6871337890625
1113.80322265625
1084.1195068359375
1055.4744873046875
1027.63427734375
1000.4097290039062
973.71923828125
947.5564575195312
921.9146118164062
896.9896240234375
872.9310302734375
849.8475952148438
827.6633911132812
806.0958251953125
785.2156372070312
764.9705810546875
745.3758544921875
726.5255737304688
708.4690551757812
691.1217041015625
674.4346313476562
