1500.0
1500.0
1500.0
1500.0689697265625
1500.0
1500.0
1500.0
1500.0
1500.0
1500.0
1500.0
1500.0
1500.0
1500.0
1500.0
1500.0
1500.0
1500.0
1500.0
1500.0
1500.0
1500.0
1500.0
1500.0
1500.0
1500.0
1500.0
1500.0
1500.0
1500.0
1500.0
1500.0
100.0
100.0
100.0
100.0
100.0
100.0
1500.0
1500.0
1500.0
1500.0
1500.0
1500.0
1500.0
1500.0
1500.0
1500.0
1500.0
1500.0
1500.0
1500.0
1500.0
1500.0
1500.0
1500.0
1500.0
1500.0
1500.0
1500.0
1500.0
1500.0
1500.0
1500.0
1500.0
1500.0
1476.0208740234375
1429.990478515625
1383.8397216796875
1336.47802734375
1288.0377197265625
1238.950927734375
1189.5023193359375
1140.8564453125
1093.4222412109375
1046.541748046875
1002.5368041992188
963.0035400390625
927.8067626953125
892.20361328125
854.776611328125
815.6331787109375
775.8531494140625
735.95654296875
699.0899658203125
664.9891357421875
632.360595703125
602.1672973632812
573.6546630859375
546.0776977539062
520.0289306640625
494.74609375
