2073.131103515625
2043.540771484375
2015.1259765625
2002.0902099609375
2058.5908203125
2070.0361328125
2057.019775390625
2050.06396484375
2072.4296875
2112.783447265625
2152.92529296875
2199.619873046875
2249.4130859375
2291.292236328125
2337.313232421875
2387.6962890625
2447.775634765625
2522.94677734375
2627.18359375
2764.596923828125
2930.301513671875
3118.51318359375
3322.950927734375
3537.040771484375
3756.154541015625
3980.431884765625
4211.87744140625
4448.88427734375
4690.4267578125
4935.20703125
5181.70751953125
5429.1240234375
227.9103240966797
221.93118286132812
227.5523223876953
234.84466552734375
241.8541717529297
248.1536407470703
5458.47802734375
5660.595703125
5692.22607421875
5588.3759765625
5519.2314453125
5560.1689453125
5702.20361328125
5935.75146484375
6224.158203125
6538.44775390625
6873.69140625
7222.06201171875
7615.794921875
8031.2734375
8428.96875
8805.4716796875
9151.0712890625
9464.154296875
9330.8232421875
9145.1025390625
8969.1279296875
8793.595703125
8614.873046875
8430.9541015625
8243.28515625
8050.9658203125
7854.73828125
7655.32421875
7452.876953125
7248.47509765625
7042.59130859375
6836.0458984375
6630.47509765625
6425.9892578125
6222.7822265625
6022.87890625
5826.8466796875
5634.9130859375
5447.05859375
5263.31787109375
5084.138671875
4911.07861328125
4744.1357421875
4582.8125
4426.63330078125
4274.8515625
4126.66357421875
3980.833251953125
3838.000732421875
3698.404052734375
3562.237060546875
3429.9462890625
3301.538818359375
3176.656982421875
3055.392333984375
