1500.1387939453125
1499.999755859375
1500.0
1500.0
1500.0
1500.0
1500.0
1500.0
1500.0
1500.0
1500.0
1500.0
1500.0
1500.0
1500.0
1500.0
1500.0
1500.0
1500.0
1500.0
1500.0
1500.0
1500.0
1500.0
1500.0
1500.0
1498.051025390625
1487.0357666015625
1475.4527587890625
1462.462646484375
1447.8453369140625
1431.7620849609375
99.99922943115234
100.0
100.0
100.0
100.0
100.0
1500.0
1500.0
1499.990234375
1484.9241943359375
1416.742431640625
1369.3975830078125
1331.968017578125
1299.9639892578125
1271.1971435546875
1244.1256103515625
1217.7110595703125
1191.3463134765625
1164.8135986328125
1138.221435546875
1111.6370849609375
1085.079345703125
1058.5758056640625
1032.085205078125
1005.7861328125
980.147705078125
954.8973999023438
929.7369384765625
904.6373291015625
879.5466918945312
854.0639038085938
828.4942626953125
803.5057983398438
779.4508666992188
755.6248168945312
731.7951049804688
707.8870849609375
684.02294921875
660.6224365234375
635.9945678710938
613.1244506835938
591.8010864257812
571.7750244140625
552.80810546875
534.7373657226562
517.84814453125
501.9346008300781
486.89129638671875
472.5023193359375
458.56512451171875
445.4150695800781
432.80181884765625
420.6184997558594
408.8113708496094
397.3078308105469
385.98284912109375
374.7691345214844
363.73675537109375
353.140380859375
343.0796203613281
333.5418395996094
