1500.0
1499.9998779296875
1499.9989013671875
1500.0001220703125
1500.0
1500.0
1500.0
1500.0
1500.0
1500.0
1500.0
1500.0
1500.0
1500.0
1500.0
1500.0
1500.0
1500.0
1500.0
1500.0
1500.0
1500.0
1500.0
1500.0
1500.0
1500.0
1500.0
1500.0
1500.0
1500.0
1500.0
1500.0
100.0
100.0
100.0
100.0
100.0
100.0
1500.0
1500.0
1500.0
1500.0
1500.0
1500.0
1500.0
1500.0
1500.0
1500.0
1500.0
1500.0
1500.0
1500.0
1500.0
1500.0
1500.0
1500.0
1500.0
1500.0
1500.0
1500.0
1500.0
1500.0
1500.0
1500.0
1500.0
1500.0
1454.8515625
1403.303466796875
1352.1363525390625
1301.32080078125
1251.3367919921875
1202.5352783203125
1155.0494384765625
1108.9591064453125
1064.2423095703125
1020.9265747070312
978.9367065429688
938.287841796875
898.9412231445312
860.8436279296875
823.928955078125
788.2511596679688
753.5974731445312
720.4463500976562
688.6782836914062
658.0143432617188
627.4784545898438
598.8856201171875
572.1943969726562
546.5504150390625
522.0677490234375
498.45831298828125
475.7476806640625
