1499.9996337890625
1500.0
1107.6669921875
970.2091674804688
933.391357421875
905.8328857421875
879.838623046875
853.7366943359375
831.047607421875
807.7122802734375
787.6937255859375
769.42138671875
751.0595092773438
732.5095825195312
713.5467529296875
694.5220336914062
677.0870361328125
661.71337890625
647.181396484375
637.7711791992188
628.5972900390625
618.6848754882812
608.0676879882812
596.906494140625
585.7352294921875
574.192626953125
562.761474609375
551.969482421875
541.5120239257812
530.9390258789062
519.781982421875
508.1851806640625
100.0
100.0
100.0
100.0
100.0
100.0
823.7994384765625
596.1922607421875
501.5265808105469
455.0561218261719
429.97314453125
412.8095397949219
399.9990234375
387.7861328125
375.25115966796875
366.290771484375
358.4836120605469
350.4121398925781
342.2420959472656
334.3568420410156
327.30279541015625
320.94708251953125
314.6454772949219
308.368408203125
302.0794372558594
295.7631530761719
289.328125
282.7718811035156
276.13623046875
269.4427795410156
262.7218017578125
255.99853515625
249.32431030273438
242.71412658691406
236.14805603027344
229.6664276123047
223.30117797851562
217.04849243164062
210.91815185546875
204.9378662109375
199.11048889160156
193.44143676757812
187.9233856201172
182.58395385742188
177.40951538085938
172.52317810058594
167.8408966064453
163.2801055908203
158.8381805419922
154.5302734375
150.38294982910156
146.36883544921875
142.46578979492188
138.67410278320312
135.01528930664062
131.47012329101562
128.04312133789062
124.72599792480469
121.52864837646484
118.45577239990234
