1499.9912109375
1500.0
1500.0
1500.0
1500.0
1500.0
1500.0
1500.0
1500.0
1500.0
1500.0
1500.0
1500.0
1500.0
1500.0
1499.980224609375
1500.0
1500.0
1500.0
1500.0
1500.0
1500.0
1500.0
1500.0
1500.0
1500.0
1500.0
1500.0
1500.0
1500.0
1500.0
1500.0
100.0
100.0
100.0
100.0
100.0
100.0
1500.0
1500.088623046875
1499.9913330078125
1499.9998779296875
1500.0
1500.0
1500.0
1500.0
1500.0
1458.455078125
1387.2515869140625
1311.575439453125
1236.141845703125
1160.658935546875
1086.640625
1017.3943481445312
951.7449340820312
915.4526977539062
884.3272705078125
855.5676879882812
828.8182983398438
802.4443359375
776.3259887695312
751.2579345703125
730.771484375
711.2276611328125
691.9818115234375
672.7849731445312
653.5499877929688
634.4479370117188
615.6021118164062
596.97607421875
578.2482299804688
559.2958374023438
540.2017211914062
521.4698486328125
503.83087158203125
487.009765625
470.921142578125
455.6504211425781
441.12750244140625
427.3242492675781
413.9671325683594
401.4561462402344
389.1017150878906
376.8542175292969
364.9049377441406
353.3205261230469
342.0111083984375
331.0576171875
320.5363464355469
310.50927734375
300.9647521972656
291.9076843261719
283.33160400390625
