1500.0
1500.0
1500.001708984375
1500.0
1500.0
1500.0
1500.0
1500.0
1500.0
1500.0
1500.0
1500.0
1500.0
1500.0
1500.0
1500.0
1500.0
1500.0
1500.0
1500.0
1500.0
1500.0
1500.0
1500.0
1500.0
1500.0
1500.0
1500.0
1500.0
1500.0
1500.0
1500.0
99.95632934570312
100.0
100.0
100.0
100.0
100.0
1500.0
1500.0
1500.001708984375
1500.0
1500.0
1500.0
1500.0
1500.0
1500.0
1500.0
1475.41845703125
1429.881103515625
1385.9566650390625
1341.969970703125
1297.6885986328125
1252.815673828125
1207.4859619140625
1161.73486328125
1115.698486328125
1069.8087158203125
1024.390625
979.9097900390625
936.8312377929688
896.0306396484375
857.3671264648438
820.5030517578125
785.2353515625
751.427001953125
718.9854736328125
687.8171997070312
657.902099609375
629.2092895507812
601.69384765625
575.2525024414062
549.9697265625
525.8316650390625
502.7536926269531
480.6779479980469
459.5530700683594
439.33441162109375
419.8965759277344
401.3591003417969
383.6852111816406
366.80828857421875
350.61907958984375
335.46685791015625
321.0341796875
307.2847900390625
294.19354248046875
281.2957458496094
269.3137512207031
258.1182861328125
247.36727905273438
237.0578155517578
227.29833984375
