1499.9998779296875
1500.0
1500.0
1500.0
1499.999755859375
1500.0
1500.0
1500.0
1500.0
1500.0
1500.0
1500.0
1500.0
1500.0
1500.0
1500.0
1500.0
1500.0
1500.0
1500.0
1500.0
1500.0
1500.0
1500.0
1500.0
1500.0
1500.0
1500.0
1500.0
1500.0
1500.0
1500.0
100.0
100.0
100.0
100.0
100.0
100.0
1500.0
1500.0
1500.0
1500.0
1500.0
1500.0
1500.0
1500.0
1500.0
1500.0
1500.0
1500.0
1500.0
1500.0
1500.0
1500.0
1500.0
1500.0
1500.0
1500.0
1500.0
1500.0
1500.0
1500.0
1500.0
1500.0
1453.474609375
1405.1300048828125
1358.9864501953125
1314.20556640625
1270.3238525390625
1227.507080078125
1186.0958251953125
1146.1187744140625
1107.7286376953125
1071.0994873046875
1035.6591796875
999.0331420898438
963.1270751953125
929.5203857421875
897.4310913085938
866.4825439453125
836.6831665039062
808.0358276367188
780.4020385742188
753.542724609375
727.429931640625
702.19482421875
677.7071533203125
654.7190551757812
633.4767456054688
613.7986450195312
595.48974609375
578.3831176757812
