1499.9903564453125
1500.0
1500.0
1500.0
1500.0
1500.0
1499.9998779296875
1500.0
1500.0
1500.0
1499.9970703125
1499.9998779296875
1500.0
1500.0
1499.9998779296875
1499.999755859375
1499.999755859375
1499.9996337890625
1499.9998779296875
1499.9996337890625
1500.0
1499.9996337890625
1499.9998779296875
1499.999755859375
1500.0
1499.9998779296875
1500.0
1499.999755859375
1499.9998779296875
1500.0
1500.0
1500.0
99.997802734375
99.95525360107422
100.0
100.0
100.0
100.0
1499.9998779296875
1500.0
1499.93798828125
1500.0
1500.0
1500.0
1500.0
1500.0
1500.0
1500.0
1500.0
1499.9998779296875
1499.9998779296875
1499.9998779296875
1500.0
1500.0
1457.2093505859375
1415.4879150390625
1375.8470458984375
1336.555419921875
1297.2476806640625
1258.0650634765625
1218.97705078125
1180.2974853515625
1142.3795166015625
1105.178955078125
1068.34326171875
1032.212646484375
997.6910400390625
964.25439453125
931.8733520507812
900.3026733398438
869.5285034179688
839.8640747070312
811.2657470703125
783.82275390625
757.4877319335938
732.260009765625
708.0659790039062
684.9701538085938
663.0617065429688
642.1494750976562
622.3543090820312
603.8103637695312
586.5081787109375
569.7166137695312
553.5834350585938
538.3030395507812
523.6897583007812
509.6914367675781
496.3236999511719
483.5225524902344
471.2413024902344
459.4698791503906
448.15283203125
