1499.2664794921875
1500.0
1500.0
1500.0
1500.0
1500.0
1500.0
1500.0
1500.0
1500.0
1500.0
1500.0
1500.0
1500.0
1500.0
1500.0
1500.0
1500.0
1500.0
1500.0
1500.0
1500.0
1500.0
1500.0
1500.0
1500.0
1500.0
1500.0
1500.0
1500.0
1500.0
1498.641357421875
84.30132293701172
100.0
100.0
100.0
100.0
100.0
1500.0
1500.0
1476.4349365234375
1403.3114013671875
1361.8848876953125
1323.712646484375
1283.40576171875
1240.310546875
1197.583984375
1153.93798828125
1109.78466796875
1065.675537109375
1023.1544799804688
982.5189819335938
943.0792846679688
904.4854125976562
866.239990234375
829.9159545898438
794.20849609375
759.6528930664062
726.9224853515625
695.7003784179688
665.822509765625
637.4482421875
610.61376953125
585.0169677734375
560.6298217773438
537.3198852539062
514.6771240234375
492.82330322265625
472.0765380859375
452.3064270019531
433.50830078125
415.3716125488281
398.3866882324219
382.3390197753906
366.9422912597656
352.1363830566406
337.8538513183594
324.5741271972656
312.2855529785156
300.69708251953125
289.7542419433594
279.3385925292969
269.32305908203125
259.7586669921875
250.65966796875
242.0313262939453
233.9666290283203
226.62086486816406
220.06732177734375
214.11817932128906
208.60630798339844
203.46363830566406
198.63282775878906
