1500.0
1500.0
1500.0
1500.0
1500.0
1500.0
1500.0
1500.0
1500.0
1500.0
1500.0
1500.0
1500.0
1500.0
1500.0
1500.0
1500.0
1500.0
1500.0
1500.0
1500.0
1500.0
1500.0
1500.0
1500.0
1500.0
1500.0
1500.0
1500.0
1500.0
1500.0
1500.0
100.0
100.0
100.0
100.0
100.0
100.0
1500.0
1500.0
1500.0
1500.0
1500.0
1500.0
1500.0
1500.0
1500.0
1500.0
1500.0
1500.0
1500.0
1500.0
1500.0
1500.0
1500.0
1500.0
1500.0
1500.0
1500.0
1500.0
1500.0
1500.0
1500.0
1500.0
1500.0
1500.0
1500.0
1500.0
1500.0
1500.0
1500.0
1500.0
1500.0
1489.80517578125
1437.3388671875
1386.6480712890625
1338.62646484375
1291.719970703125
1245.005126953125
1199.436279296875
1154.2247314453125
1109.07666015625
1068.5274658203125
1033.4771728515625
1000.2396240234375
968.10888671875
937.5361938476562
908.540283203125
881.126220703125
856.1293334960938
833.8676147460938
813.2139282226562
793.672607421875
