1500.0
1500.0
1500.0
1500.0
1499.9989013671875
1500.0
1500.0
1500.0
1500.0
1500.0
1500.0
1500.0
1500.0
1500.0
1500.0
1500.0
1500.0
1500.0
1500.0
1500.0
1500.0
1500.0
1500.0
1500.0
1500.0
1500.0
1500.0
1500.0
1500.0
1500.0
1500.0
1500.0
100.0
100.0
100.0
100.0
100.0
100.0
1500.0
1500.0
1500.0
1500.0
1500.0
1500.0
1500.0
1500.0
1500.0
1500.0
1500.0
1500.0
1500.0
1500.0
1500.0
1500.0
1500.0
1500.0
1500.0
1500.0
1466.26220703125
1410.3375244140625
1358.0577392578125
1307.2005615234375
1257.2431640625
1208.13818359375
1160.190185546875
1113.852783203125
1069.5010986328125
1026.9925537109375
986.4122314453125
947.6270751953125
909.8527221679688
872.1190795898438
834.4710693359375
799.18212890625
766.05419921875
734.2562255859375
703.2662963867188
673.1782836914062
645.1460571289062
620.1268310546875
598.091796875
578.7958374023438
561.1868896484375
545.1834716796875
530.3734130859375
516.3729248046875
503.0675964355469
490.24609375
478.1746826171875
466.8679504394531
456.3296203613281
446.19256591796875
