1498.59326171875
1500.0
1499.9998779296875
1500.0
1500.0
1499.999267578125
1499.9998779296875
1500.0
1500.0
1500.0
1500.0
1500.0
1500.0
1500.0
1499.9998779296875
1500.0
1500.0
1500.0
1500.0
1500.0
1500.0
1500.0
1500.0
1500.0
1500.0
1500.0
1500.0
1500.0
1470.653564453125
1439.4381103515625
1407.1370849609375
1373.5858154296875
80.56356811523438
100.00000762939453
100.0
100.0
100.0
100.0
1499.996826171875
1500.0
1451.0797119140625
1378.6982421875
1292.031982421875
1268.9913330078125
1229.1649169921875
1208.8448486328125
1194.9671630859375
1179.106689453125
1136.93994140625
1097.3671875
1059.4100341796875
1023.3086547851562
987.4609985351562
951.8131103515625
916.09912109375
879.787841796875
845.220458984375
811.6146240234375
779.077392578125
747.2019653320312
716.3917236328125
686.5214233398438
658.1611328125
631.1835327148438
605.55712890625
581.1763305664062
557.8170166015625
535.4337768554688
513.990966796875
493.4345703125
473.79730224609375
455.92803955078125
440.1185607910156
425.7081298828125
412.21234130859375
399.3555603027344
387.0050048828125
375.06695556640625
363.51202392578125
352.3105163574219
341.456298828125
330.9039001464844
320.7466125488281
311.22027587890625
302.2363586425781
293.67218017578125
285.3997802734375
277.30963134765625
269.3798522949219
261.6876220703125
254.3014373779297
247.39915466308594
240.9930877685547
235.0105438232422
229.3623046875
224.01925659179688
