1499.99853515625
1500.0
1500.0
1500.0
1500.0
1500.00048828125
1500.0
1500.0
1499.999755859375
1500.0
1500.0
1500.0
1500.0
1500.0
1500.0
1500.0
1500.0
1500.0
1500.0
1500.0
1500.0
1500.0
1500.0
1500.0
1500.0
1500.0
1500.0
1500.0
1500.0
1500.0
1500.0
1500.0
99.99999237060547
100.0
100.0
100.0
100.0
100.0
1500.0
1499.9991455078125
1500.0
1500.0
1500.0
1500.0
1500.0
1500.0
1500.0
1500.0
1500.0
1500.0
1500.0
1500.0
1500.0
1500.0
1500.0
1500.0
1500.0
1500.0
1500.0
1500.0
1500.0
1500.0
1500.0
1500.0
1500.0
1500.0
1500.0
1500.0
1499.9998779296875
1500.0
1500.0
1499.9998779296875
1500.0
1500.0
1500.0
1499.8350830078125
1500.0
1499.9993896484375
1499.999755859375
1500.0
1499.9984130859375
1500.0
1499.9034423828125
1499.979248046875
1499.9306640625
1498.3048095703125
1499.931396484375
1441.077392578125
1367.25439453125
1297.2279052734375
1219.66064453125
1133.5491943359375
1067.1845703125
