1499.9989013671875
1500.0
1500.0
1500.0
1500.0
1500.0
1500.0
1500.0
1500.0
1500.0
1500.0
1500.0
1500.0
1500.0
1500.0
1500.0
1500.0
1500.0
1500.0
1500.0
1500.0
1500.0
1500.0
1500.0
1500.0
1500.0
1500.0
1500.0
1500.0
1500.0
1500.0
1500.0
100.02527618408203
100.0
100.0
100.0
100.0
100.0
1500.0
1499.9952392578125
1500.0
1500.0
1500.0
1500.0
1500.0
1500.0
1500.0
1500.0
1500.0
1500.0
1500.0
1500.0
1500.0
1500.0
1500.0
1500.0
1500.0
1500.0
1500.0
1500.0
1500.0
1500.0
1500.0
1500.0
1500.0
1500.0
1500.0
1499.2178955078125
1442.9237060546875
1390.36328125
1339.1719970703125
1288.6505126953125
1239.2442626953125
1191.055908203125
1144.8660888671875
1100.5777587890625
1057.47509765625
1016.961181640625
977.5896606445312
937.8099365234375
896.8331298828125
860.8720703125
831.9425659179688
806.0741577148438
781.865478515625
759.0437622070312
738.1422729492188
719.0305786132812
701.5228881835938
685.233154296875
669.7056274414062
654.689208984375
640.2150268554688
