1500.0
1499.9998779296875
1500.0
1500.0
1500.0
1500.0
1500.0
1500.0
1500.0
1500.0
1500.0
1500.0
1500.0
1500.0
1500.0
1500.0
1500.0
1500.0
1500.0
1500.0
1500.0
1500.0
1500.0
1500.0
1500.0
1500.0
1500.0
1500.0
1500.0
1500.0
1500.0
1500.0
99.99999237060547
100.0
100.0
100.0
100.0
100.0
1500.0
1500.0
1500.0
1500.0
1500.0
1500.0
1500.0
1500.0
1500.0
1500.0
1500.0
1500.0
1500.0
1500.0
1500.0
1500.0
1500.0
1500.0
1500.0
1500.0
1495.83203125
1445.2362060546875
1397.2640380859375
1350.2833251953125
1304.0423583984375
1258.7598876953125
1214.7857666015625
1172.3946533203125
1131.5574951171875
1092.1522216796875
1053.96533203125
1017.3950805664062
982.432373046875
948.9281616210938
916.835693359375
886.0684814453125
856.6115112304688
828.4209594726562
801.476806640625
775.5941772460938
750.8604736328125
727.27099609375
704.6640014648438
683.4002075195312
663.5224609375
644.6304931640625
626.501220703125
609.0435791015625
592.2037353515625
575.843505859375
559.9519653320312
544.6978149414062
530.0663452148438
515.9896240234375
502.37164306640625
489.34124755859375
476.9001159667969
