1500.0
1500.0
1500.0
1496.2734375
1500.0001220703125
1500.0
1500.0
1500.0
1500.0
1499.9998779296875
1472.56787109375
1426.1929931640625
1395.6048583984375
1366.627685546875
1335.1458740234375
1304.6820068359375
1276.21484375
1249.02978515625
1220.705810546875
1190.9696044921875
1160.81005859375
1132.9693603515625
1107.462890625
1080.5655517578125
1052.7310791015625
1023.69677734375
992.692138671875
959.6541137695312
924.0117797851562
884.30615234375
843.2213134765625
806.14404296875
99.9999771118164
100.0
100.0
100.0
100.0
100.0
1161.8323974609375
847.080078125
736.223876953125
696.3086547851562
672.1691284179688
653.6735229492188
636.2974853515625
618.9367065429688
601.4899291992188
584.2869873046875
567.6574096679688
551.7437133789062
536.4136352539062
521.4116821289062
506.6002197265625
491.9183349609375
477.3603515625
463.01446533203125
448.96630859375
435.3788757324219
422.2409973144531
409.4616394042969
396.9701843261719
384.7166442871094
372.72711181640625
361.0730285644531
349.8349914550781
339.1150207519531
328.836669921875
319.01983642578125
309.64508056640625
300.6468505859375
291.9742126464844
283.6934509277344
275.8113098144531
268.1773986816406
260.87615966796875
253.8443145751953
247.09815979003906
240.65133666992188
234.48780822753906
228.5977325439453
222.9844207763672
217.6520233154297
212.60064697265625
207.81097412109375
203.26063537597656
198.92904663085938
194.80650329589844
190.8797149658203
187.13621520996094
183.56809997558594
180.16082763671875
176.8976593017578
