1500.0
1500.0
1500.0
1500.0
1500.00048828125
1500.0
1500.0
1500.0
1500.0
1491.22607421875
1445.83544921875
1403.1689453125
1370.234619140625
1344.4462890625
1321.63720703125
1297.8865966796875
1272.152587890625
1244.144775390625
1214.6817626953125
1186.33154296875
1161.446533203125
1137.4735107421875
1113.3721923828125
1090.115966796875
1068.5191650390625
1047.0068359375
1026.13134765625
1005.8781127929688
984.7719116210938
962.417724609375
939.5836791992188
917.0199584960938
894.030517578125
100.0
100.0
100.0
100.0
100.0
100.0
1410.797607421875
1056.0797119140625
900.4166259765625
800.1578369140625
735.8455810546875
713.7597045898438
705.3240356445312
697.17041015625
681.5582885742188
667.0127563476562
646.8580932617188
627.5214233398438
610.0968017578125
596.293701171875
583.38232421875
570.75732421875
558.5079956054688
546.5673828125
534.725830078125
522.7767944335938
510.6578369140625
498.3707580566406
485.9942626953125
473.6857604980469
461.5401611328125
449.5848388671875
437.70928955078125
425.8335266113281
413.9654235839844
402.1889343261719
390.5917663574219
379.2041320800781
368.1379699707031
357.4914855957031
347.3270568847656
337.5881042480469
328.2176513671875
319.1287841796875
310.2738952636719
301.6341857910156
293.173583984375
284.88616943359375
276.7931823730469
269.1835632324219
261.814697265625
254.665283203125
247.7690887451172
241.13487243652344
234.81686401367188
228.7996063232422
223.05862426757812
217.5836944580078
212.3815460205078
207.4163055419922
202.66912841796875
198.1349639892578
193.80101013183594
