1500.0
1500.0
1500.0
1499.998779296875
1500.0
1500.0
1500.0
1499.9998779296875
1500.0
1500.0
1500.0
1500.0
1500.0
1500.0
1500.0
1499.9998779296875
1500.0
1500.0
1500.0
1500.0
1500.0
1500.0
1500.0
1500.0
1500.0
1500.0
1500.0
1500.0
1500.0
1500.0
1500.0
1500.0
1500.0
100.0
100.0
100.0
100.0
100.0
100.0
1500.0
1500.0
1500.0
1500.0
1500.0
1500.0
1500.0
1500.0
1500.0
1500.0
1500.0
1500.0
1500.0
1500.0
1500.0
1500.0
1500.0
1500.0
1500.0
1500.0
1500.0
1456.0594482421875
1408.27783203125
1361.6397705078125
1315.6651611328125
1270.545654296875
1226.655029296875
1184.2100830078125
1143.32568359375
1103.9287109375
1065.79541015625
1028.9736328125
993.7764282226562
960.04345703125
927.700439453125
896.6463012695312
866.8592529296875
838.2993774414062
810.967041015625
784.697021484375
759.5316162109375
735.5065307617188
712.5593872070312
690.7256469726562
670.4328002929688
651.2796020507812
632.9251708984375
615.2476196289062
598.19482421875
581.736328125
565.6199340820312
550.1192016601562
535.2347412109375
520.8770141601562
507.0066223144531
493.6628112792969
480.91253662109375
