1500.0
1500.0
1500.0
1500.0001220703125
1500.0
1500.00048828125
1500.0
1500.0
1500.0
1500.0
1500.0
1500.0
1500.0
1500.0
1500.0
1499.9892578125
1500.0
1500.0
1500.0
1499.999755859375
1500.0
1500.0
1499.999755859375
1499.9998779296875
1500.0
1500.0
1500.0
1500.0
1500.0
1500.0
1500.0
1500.0
1500.0
95.03971862792969
100.0
100.0
100.0
100.0
100.0
1499.98291015625
1500.0
1500.0
1500.0
1500.0
1500.0
1499.99951171875
1499.9993896484375
1500.0
1500.0
1500.0
1500.0
1500.0
1500.0
1500.0
1500.0
1500.0
1500.0
1500.0
1500.0
1500.0
1500.0
1500.0
1500.0
1500.0
1500.0
1500.0
1500.0
1500.0
1500.0
1500.0
1500.0
1500.0
1500.0
1500.0
1500.0
1500.0
1500.0
1500.0
1500.0
1500.0
1500.0
1500.0
1500.0
1500.0
1500.0
1500.0
1500.0
1499.9998779296875
1500.0
1500.0
1500.0
1482.8057861328125
1441.4840087890625
1407.1829833984375
1374.254150390625
1342.106689453125
