1500.0
1500.0
1500.0001220703125
1500.0
1500.0
1499.9998779296875
1500.0
1500.0
1499.9998779296875
1499.9998779296875
1499.999755859375
1500.0
1500.0
1500.0
1500.0
1499.9744873046875
1499.9998779296875
1500.0
1499.999755859375
1499.999755859375
1483.3353271484375
1458.3282470703125
1431.1031494140625
1403.95947265625
1375.811279296875
1346.0731201171875
1314.9520263671875
1282.1455078125
1248.2279052734375
1211.33935546875
1171.795654296875
1131.5767822265625
1089.90869140625
100.0
100.0
100.0
100.0
100.0
100.0
1500.0
1493.204833984375
1330.816650390625
1147.3016357421875
986.7074584960938
915.8072509765625
882.5068359375
852.2855224609375
800.4252319335938
755.2198486328125
686.5662231445312
645.5106201171875
610.5797119140625
583.21240234375
563.7145385742188
544.85009765625
526.686279296875
509.9532470703125
494.16717529296875
478.8868103027344
463.8124084472656
448.8305358886719
434.45831298828125
420.836669921875
407.7861328125
395.0959777832031
382.62066650390625
370.74298095703125
359.5539855957031
348.73809814453125
338.0942687988281
327.53594970703125
317.2484436035156
307.341064453125
297.9241943359375
288.98828125
280.4367980957031
272.2110290527344
264.44049072265625
257.0290222167969
249.70498657226562
242.5484619140625
235.50819396972656
228.59495544433594
221.8205108642578
215.18258666992188
208.7052001953125
202.43849182128906
196.43603515625
190.73419189453125
185.35504150390625
180.2838592529297
175.4918212890625
170.95864868164062
166.6659698486328
162.59620666503906
158.74940490722656
