1499.99951171875
1500.067626953125
1499.9998779296875
1500.0
1499.9998779296875
1500.0
1500.0
1500.0
1500.0
1500.0
1500.0
1500.0
1500.0
1500.0
1500.0
1500.0
1500.0
1500.0
1500.0
1500.0
1500.0
1500.0
1500.0
1500.0
1500.0
1500.0
1500.0
1500.0
1500.0
1500.0
1500.0
1500.0
100.0
100.0
100.0
100.0
100.0
100.0
1500.0
1500.0
1500.0
1500.0
1500.0
1492.4080810546875
1458.03857421875
1423.2838134765625
1386.36669921875
1347.4613037109375
1307.3138427734375
1266.819091796875
1226.7828369140625
1188.51806640625
1151.6248779296875
1115.4881591796875
1079.8089599609375
1044.580322265625
1010.7312622070312
977.9661254882812
945.8370971679688
914.6356811523438
884.3411865234375
854.604736328125
825.1889038085938
796.1461181640625
767.5608520507812
739.466064453125
712.0899658203125
685.7278442382812
660.5244750976562
636.510498046875
613.6655883789062
591.8831176757812
571.03125
550.9910888671875
531.6754760742188
513.0675048828125
495.14361572265625
477.87469482421875
461.19622802734375
444.5525817871094
428.218994140625
412.8969421386719
398.2359924316406
383.8443298339844
370.08209228515625
356.8638916015625
344.013427734375
331.552978515625
319.9069519042969
309.1739196777344
299.2508239746094
289.9362487792969
