1500.0
1500.0
1500.0
1500.0
1500.0
1500.0
1500.0
1500.0
1500.0
1500.0
1500.0
1500.0
1500.0
1500.0
1500.0
1500.0
1500.0
1500.0
1500.0
1500.0
1500.0
1500.0
1500.0
1500.0
1500.0
1500.0
1500.0
1500.0
1500.0
1500.0
1500.0
1500.0
100.00048828125
100.0
100.0
100.0
100.0
100.0
1499.90869140625
1500.0
1500.0
1500.0
1500.0
1500.0
1500.0
1500.0
1500.0
1500.0
1500.0
1500.0
1500.0
1500.0
1500.0
1500.0
1500.0
1500.0
1500.0
1500.0
1500.0
1500.0
1500.0
1500.0
1500.0
1500.0
1500.0
1500.0
1476.854736328125
1421.17626953125
1367.265380859375
1314.830810546875
1263.8358154296875
1214.4296875
1166.8765869140625
1121.3232421875
1077.6429443359375
1035.697021484375
995.332275390625
956.5172119140625
919.1171264648438
883.0481567382812
848.2072143554688
814.6152954101562
782.1849365234375
751.0711669921875
721.1223754882812
692.2218627929688
664.6607055664062
638.1859130859375
612.7196655273438
587.2897338867188
563.8710327148438
541.7055053710938
