1500.0
1500.0
1500.0
1500.0
1500.0
1500.0
1500.0
1500.0
1500.0
1500.0
1500.0
1500.0
1500.0
1500.0
1500.0
1500.0
1500.0
1500.0
1500.0
1500.0
1500.0
1500.0
1500.0
1500.0
1500.0
1500.0
1500.0
1500.0
1500.0
1500.0
1500.0
1500.0
100.00010681152344
100.0
100.0
100.0
100.0
100.0
1500.0
1500.0
1500.0
1500.0
1500.0
1500.0
1500.0
1500.0
1500.0
1500.0
1500.0
1500.0
1500.0
1500.0
1466.4189453125
1423.3204345703125
1381.325927734375
1338.909912109375
1296.1776123046875
1253.054931640625
1209.764892578125
1166.592529296875
1123.7540283203125
1081.353759765625
1039.502197265625
998.4869995117188
958.5986938476562
920.087890625
882.9148559570312
847.4815673828125
813.7531127929688
781.4344482421875
750.4775390625
720.7186279296875
692.0674438476562
664.442626953125
637.8318481445312
612.21728515625
587.5964965820312
563.9034423828125
541.144775390625
519.3665161132812
498.4852294921875
478.4401550292969
459.100341796875
440.4743347167969
422.5405578613281
405.26715087890625
388.6871032714844
372.398681640625
357.2127380371094
342.7203369140625
328.76202392578125
314.9460754394531
