2000.2703857421875
2745.54052734375
2889.109375
2698.36328125
2610.68603515625
2524.544921875
2450.79736328125
2393.0595703125
2363.36767578125
2356.9970703125
2363.0146484375
2369.965576171875
2375.219970703125
2379.13671875
2377.57470703125
2371.3212890625
2363.7236328125
2357.1572265625
2354.26806640625
2329.5986328125
2297.078369140625
2272.759521484375
2266.48388671875
2276.302490234375
2297.295166015625
2325.068603515625
2359.907958984375
2400.984130859375
2446.42724609375
2494.939697265625
2547.9384765625
2604.025390625
100.2425308227539
96.57066345214844
93.79767608642578
94.88633728027344
95.23800659179688
95.8818588256836
2036.6522216796875
2805.49658203125
2753.036376953125
2751.067138671875
2775.451416015625
2807.176025390625
2841.053955078125
2874.70361328125
2908.94775390625
2945.2958984375
2977.72119140625
3004.021728515625
3029.70458984375
3047.714599609375
3061.273193359375
3072.205810546875
3079.115478515625
3088.059326171875
3086.97998046875
3067.921630859375
3034.6884765625
2990.5556640625
2935.154052734375
2875.146240234375
2812.389404296875
2748.492431640625
2683.76171875
2618.07373046875
2548.849365234375
2474.024169921875
2393.212646484375
2309.966552734375
2229.43701171875
2154.103515625
2085.705078125
2021.8250732421875
1961.430419921875
1902.354736328125
1848.5657958984375
1795.9822998046875
1734.18603515625
1670.0035400390625
1605.4764404296875
1543.3192138671875
1484.4571533203125
1430.4268798828125
1380.80224609375
1334.2451171875
1289.6746826171875
1245.98681640625
1202.0579833984375
1153.385009765625
1099.07958984375
1042.5673828125
