2051.505859375
2019.962158203125
2003.6678466796875
2079.263916015625
2058.746337890625
2044.585205078125
2034.0283203125
2024.8819580078125
2025.14990234375
2035.4078369140625
2060.824462890625
2069.813232421875
2074.807861328125
2078.530029296875
2089.7587890625
2112.89892578125
2145.541259765625
2180.62451171875
2218.675537109375
2278.66064453125
2359.64990234375
2456.1142578125
2564.162353515625
2682.05029296875
2811.333251953125
2951.4658203125
3102.231689453125
3263.574462890625
3433.441162109375
3611.020263671875
3796.869384765625
3990.647705078125
124.6828384399414
146.46151733398438
168.63552856445312
182.84512329101562
191.7598419189453
197.88414001464844
4665.61669921875
4955.4150390625
5146.626953125
5333.89013671875
5530.34228515625
5739.01025390625
5962.80615234375
6202.8056640625
6460.0126953125
6734.90380859375
7038.4736328125
7378.115234375
7752.06103515625
8178.1962890625
8633.4541015625
9132.8193359375
9637.0732421875
10145.8603515625
10685.9853515625
11251.5078125
11849.509765625
12470.14453125
13110.4580078125
13770.9423828125
14447.580078125
15136.80078125
15587.1416015625
15594.2255859375
15597.994140625
15581.9501953125
15543.12890625
15482.0986328125
15401.3779296875
15302.5322265625
15186.15625
15053.740234375
14906.6044921875
14746.8837890625
14575.4052734375
14392.2314453125
14198.1650390625
13994.3828125
13781.701171875
13560.703125
13333.8291015625
13101.0830078125
12862.08203125
12616.04296875
12368.2216796875
12118.734375
11868.845703125
11607.84765625
11348.0556640625
11094.775390625
