2081.39892578125
2058.395751953125
2031.8533935546875
2012.037109375
2015.919921875
2004.359130859375
2009.6187744140625
2034.635009765625
2057.19140625
2067.867919921875
2078.4404296875
2096.1845703125
2119.9013671875
2138.24365234375
2159.3740234375
2185.570556640625
2213.90673828125
2242.408447265625
2282.715576171875
2349.88720703125
2440.025390625
2550.792724609375
2681.759521484375
2833.42578125
3005.5830078125
3195.217529296875
3397.66259765625
3609.630126953125
3826.965576171875
4053.221923828125
4286.30322265625
4526.7236328125
215.4059600830078
225.38047790527344
233.3481903076172
239.17384338378906
243.3765869140625
246.88803100585938
4833.32861328125
5330.53125
5523.49169921875
5643.5146484375
5782.90234375
5966.4150390625
6193.88623046875
6460.96533203125
6763.576171875
7101.02978515625
7509.333984375
7925.0400390625
8409.5595703125
8896.869140625
9398.978515625
9916.55078125
10447.3427734375
10982.3671875
11520.5615234375
12061.302734375
12603.2490234375
13144.185546875
13681.4287109375
14211.8310546875
14729.24609375
15227.52734375
15705.140625
16163.5341796875
16601.439453125
17018.201171875
17413.3984375
17788.435546875
18148.501953125
18485.07421875
18801.50390625
19096.763671875
19354.84375
19579.12109375
19775.021484375
19933.291015625
20064.28515625
20186.24609375
20268.4296875
20318.748046875
20350.291015625
20365.8828125
20366.263671875
20348.5859375
20308.203125
19600.548828125
18921.0390625
18315.5859375
17750.671875
17215.232421875
