0.023970121517777443
0.025854939594864845
0.028694838285446167
0.03172821179032326
0.03339874744415283
0.03395532816648483
0.034175898879766464
0.034426841884851456
0.03463553264737129
0.034774504601955414
0.034897319972515106
0.0350373275578022
0.03516444191336632
0.03526636213064194
0.0353848822414875
0.03553411364555359
0.03568610921502113
0.035857412964105606
0.036056358367204666
0.036263566464185715
0.03647003695368767
0.03667498752474785
0.03687959536910057
0.03708532080054283
0.03730840981006622
0.037577129900455475
0.0378926619887352
0.03825417160987854
0.0386665016412735
0.03912627696990967
0.03962606564164162
0.04015759006142616
0.0021292748861014843
0.0019470887491479516
0.0018627335084602237
0.0018112623365595937
0.0017767430981621146
0.001751667121425271
0.03522893786430359
0.03765789419412613
0.038990601897239685
0.04032799229025841
0.04125265032052994
0.04207383096218109
0.0428711362183094
0.04368865489959717
0.04455246776342392
0.04546397924423218
0.04641728475689888
0.04740630462765694
0.04842856898903847
0.049484848976135254
0.05057742819190025
0.05170483887195587
0.05287105217576027
0.05411391332745552
0.05538518726825714
0.056508198380470276
0.057469502091407776
0.05844902992248535
0.05945989117026329
0.060410477221012115
0.06133328750729561
0.0622660368680954
0.06319404393434525
0.06408025324344635
0.06494687497615814
0.06579829007387161
0.0666390135884285
0.06746441125869751
0.06826663762331009
0.06904181838035583
0.06978961080312729
0.0705161839723587
0.07122000306844711
0.07156756520271301
0.07190921157598495
0.07262279838323593
0.07332055270671844
0.0721285343170166
0.07011636346578598
0.06824896484613419
0.06643754988908768
0.06464824825525284
0.06287948042154312
0.06112831085920334
0.05940058454871178
0.057702455669641495
0.056034915149211884
0.05440515652298927
0.05281369015574455
0.05124504864215851
0.049680475145578384
0.04812350869178772
