6.939702033996582
7.6981892585754395
9.61994743347168
12.274188995361328
13.766901016235352
11.966238975524902
11.352734565734863
11.393111228942871
11.730168342590332
12.127703666687012
12.4060640335083
12.706130981445312
12.952308654785156
13.212373733520508
13.599287986755371
14.112378120422363
14.693513870239258
15.326292991638184
16.047067642211914
16.86690902709961
17.39874267578125
17.964658737182617
18.651161193847656
19.4722957611084
20.47142791748047
21.70203399658203
23.138809204101562
24.7353458404541
26.60222816467285
28.88690948486328
31.82706642150879
35.619930267333984
0.9478274583816528
0.6146314740180969
0.5441888570785522
0.5356661081314087
0.5408661961555481
0.5511826872825623
21.153722763061523
46.68805694580078
63.186248779296875
73.53002166748047
84.03982543945312
96.4447021484375
110.97156524658203
126.6684799194336
143.17123413085938
160.87147521972656
179.30279541015625
198.7271270751953
219.10726928710938
240.6787109375
263.4535217285156
286.9425048828125
311.6355285644531
336.9253845214844
362.94476318359375
389.7856750488281
417.5636291503906
435.3091735839844
449.49365234375
462.2711486816406
473.27716064453125
482.9106140136719
491.36883544921875
498.7113952636719
505.1146545410156
510.8026123046875
515.860107421875
520.2778930664062
523.871337890625
526.6151123046875
527.4573974609375
528.0560302734375
528.4999389648438
528.5311279296875
528.1303100585938
527.41796875
526.5135498046875
525.398681640625
523.8189086914062
522.1064453125
520.264892578125
518.25
516.0416870117188
513.6698608398438
511.2226867675781
508.7442626953125
506.18658447265625
503.5337829589844
500.9023132324219
498.3291320800781
