0.037052299827337265
0.03831334784626961
0.04197784513235092
0.045696258544921875
0.048910196870565414
0.05045585334300995
0.051102880388498306
0.05140706151723862
0.051554545760154724
0.05164554342627525
0.05172475427389145
0.051824167370796204
0.05197783559560776
0.05210806429386139
0.05227702856063843
0.05243619158864021
0.052675485610961914
0.05285745486617088
0.05303167551755905
0.053216930478811264
0.05340171232819557
0.05360611900687218
0.05382091924548149
0.054053883999586105
0.05432242900133133
0.05463588237762451
0.055045656859874725
0.05553315579891205
0.056084129959344864
0.056677937507629395
0.057304177433252335
0.057966455817222595
0.003531605703756213
0.003217362565919757
0.0031333661172538996
0.003089401638135314
0.0030588298104703426
0.003034458961337805
0.0548674501478672
0.05698570981621742
0.05795227363705635
0.05885397642850876
0.0598297119140625
0.06087687611579895
0.06198043003678322
0.06314925104379654
0.06435007601976395
0.06558754295110703
0.0668281614780426
0.06806855648756027
0.06929769366979599
0.07052865624427795
0.07177368551492691
0.07312140613794327
0.07450873404741287
0.07585207372903824
0.0771598294377327
0.07828356325626373
0.07933653146028519
0.08040741831064224
0.08154013752937317
0.08272182941436768
0.08395922929048538
0.0852707028388977
0.08660070598125458
0.08794113993644714
0.0892999917268753
0.09063601493835449
0.09178754687309265
0.09280744194984436
0.09378733485937119
0.0946684256196022
0.09547225385904312
0.09650685638189316
0.09745344519615173
0.09828341007232666
0.09905446320772171
0.09978938847780228
0.10046789050102234
0.10107682645320892
0.10170990228652954
0.10239870101213455
0.1031753271818161
0.10415711253881454
0.10529904067516327
0.10636017471551895
0.10733818262815475
0.10832954943180084
0.10935169458389282
0.1104780063033104
0.11138005554676056
0.11217977851629257
