0.09414113312959671
0.10443495213985443
0.11914107948541641
0.12837237119674683
0.13485777378082275
0.1402639001607895
0.14333707094192505
0.14470286667346954
0.14575695991516113
0.14651532471179962
0.14705856144428253
0.14752770960330963
0.14801082015037537
0.14847931265830994
0.14891406893730164
0.14935269951820374
0.14979387819766998
0.15019798278808594
0.1505739837884903
0.1508881002664566
0.15121692419052124
0.15161943435668945
0.15205302834510803
0.1524520218372345
0.1528211385011673
0.15317018330097198
0.15351659059524536
0.1538536250591278
0.1541951447725296
0.15457755327224731
0.15499430894851685
0.15541794896125793
0.021445641294121742
0.013217035681009293
0.009981371462345123
0.008442199788987637
0.008032487705349922
0.00778112281113863
0.12325471639633179
0.13813212513923645
0.14434127509593964
0.15045326948165894
0.1553269624710083
0.15877006947994232
0.16124047338962555
0.16381385922431946
0.1665634959936142
0.16936539113521576
0.172237828373909
0.17522498965263367
0.17832227051258087
0.1816047579050064
0.18514950573444366
0.18892700970172882
0.192859947681427
0.1969023495912552
0.20101910829544067
0.20531947910785675
0.20979537069797516
0.21433071792125702
0.2189912050962448
0.22387130558490753
0.22899781167507172
0.2342539131641388
0.23966561257839203
0.24546100199222565
0.25386619567871094
0.26243895292282104
0.27180010080337524
0.2810835540294647
0.2903743088245392
0.300064355134964
0.31057706475257874
0.32166919112205505
0.3329959809780121
0.3443770706653595
0.35459062457084656
0.3585914671421051
0.35302338004112244
0.3502085208892822
0.34884747862815857
0.34834060072898865
0.3484203815460205
0.3489839732646942
0.3499225080013275
0.35110369324684143
0.3524706959724426
0.3528851568698883
0.3527902662754059
0.3525342047214508
0.3525254428386688
0.3530960977077484
