0.11122769862413406
0.11982923746109009
0.13354375958442688
0.1471487283706665
0.14982524514198303
0.15041327476501465
0.15092377364635468
0.15129896998405457
0.15165755152702332
0.1520785689353943
0.1525258719921112
0.1530323624610901
0.1535605788230896
0.15411098301410675
0.1545085459947586
0.15500041842460632
0.15549470484256744
0.1559375673532486
0.15637138485908508
0.15685796737670898
0.15730489790439606
0.1576896458864212
0.1581282615661621
0.15856920182704926
0.15900136530399323
0.15942558646202087
0.15987081825733185
0.16036905348300934
0.16098831593990326
0.16173678636550903
0.1625538170337677
0.16344936192035675
0.009023305959999561
0.008066628128290176
0.007822061888873577
0.0077358148992061615
0.007694285828620195
0.007677766494452953
0.1429518461227417
0.15524566173553467
0.16085784137248993
0.16486959159374237
0.1679353415966034
0.17037563025951385
0.17250767350196838
0.17456330358982086
0.1766250878572464
0.1788184493780136
0.1812368929386139
0.18389900028705597
0.18682007491588593
0.18995821475982666
0.19331787526607513
0.19691462814807892
0.2007381170988083
0.20488382875919342
0.21139352023601532
0.21767517924308777
0.2237953394651413
0.22978287935256958
0.23607251048088074
0.24241943657398224
0.24896745383739471
0.25585752725601196
0.26297861337661743
0.2714354693889618
0.267654687166214
0.2638365924358368
0.26014021039009094
0.2564733624458313
0.2526478171348572
0.2487953156232834
0.2448858767747879
0.24093088507652283
0.23690974712371826
0.23280899226665497
0.2286803126335144
0.22453702986240387
0.22040049731731415
0.21630333364009857
0.21226632595062256
0.2082742154598236
0.20406955480575562
0.19988399744033813
0.19571048021316528
0.19159607589244843
0.18754631280899048
0.18357756733894348
0.1796853095293045
0.17587195336818695
0.17216913402080536
0.1685544103384018
