0.021522153168916702
0.023556062951683998
0.027003483846783638
0.029500126838684082
0.030490519478917122
0.03098537214100361
0.031233398243784904
0.031333163380622864
0.0313737653195858
0.031415365636348724
0.03153957054018974
0.031703125685453415
0.031855788081884384
0.03199339658021927
0.03210115805268288
0.03216959908604622
0.032216135412454605
0.032257527112960815
0.03230758756399155
0.032365258783102036
0.032432615756988525
0.03251024708151817
0.032590292394161224
0.03267299383878708
0.03275715187191963
0.03284379467368126
0.03293368220329285
0.03304629400372505
0.03318655863404274
0.033349908888339996
0.03354435786604881
0.033786218613386154
0.002040011575445533
0.0016319063724949956
0.0015368044842034578
0.001470294315367937
0.0014539117692038417
0.0014489578315988183
0.026991525664925575
0.031242260709404945
0.033304356038570404
0.03445803001523018
0.03523743152618408
0.03583437576889992
0.0363411083817482
0.03681442514061928
0.03728558495640755
0.03777020052075386
0.03828243911266327
0.038821443915367126
0.03939292952418327
0.0400015227496624
0.04064755141735077
0.041327398270368576
0.0420386828482151
0.04278193786740303
0.04356326535344124
0.04437467083334923
0.04521515592932701
0.046088118106126785
0.04699380323290825
0.04791441187262535
0.04878460615873337
0.04967331513762474
0.05059411749243736
0.05154107138514519
0.052508916705846786
0.053481437265872955
0.05444813892245293
0.05541395768523216
0.05639409273862839
0.05739876255393028
0.058438025414943695
0.058118484914302826
0.05712606757879257
0.056192606687545776
0.055260855704545975
0.054343026131391525
0.05342678353190422
0.05250834673643112
0.0515889935195446
0.05067028850317001
0.04975258558988571
0.04884469509124756
0.047955434769392014
0.04707195982336998
0.04623468965291977
0.0454002320766449
0.04456915706396103
0.043744951486587524
0.04292256012558937
0.04210913926362991
