0.037028536200523376
0.03797416388988495
0.041346803307533264
0.04471726343035698
0.04749881103634834
0.049692586064338684
0.050819817930459976
0.05111237242817879
0.05130194127559662
0.05147918686270714
0.051612742245197296
0.051725730299949646
0.051824431866407394
0.051972176879644394
0.052095677703619
0.05224064737558365
0.05244064703583717
0.05266601964831352
0.05287490785121918
0.0530506893992424
0.0532061941921711
0.053354136645793915
0.05351051688194275
0.05367601662874222
0.05385025218129158
0.05405782535672188
0.054348982870578766
0.054720085114240646
0.05516916885972023
0.05566693842411041
0.056204672902822495
0.05677454546093941
0.0034758513793349266
0.003162815934047103
0.0030698867049068213
0.003018174320459366
0.0029821544885635376
0.0029560220427811146
0.053357433527708054
0.05573730543255806
0.05676272511482239
0.05761626362800598
0.05849815160036087
0.05941612273454666
0.06035686284303665
0.0613107867538929
0.06227746233344078
0.06325744092464447
0.06424995511770248
0.06523887068033218
0.06624735891819
0.06726784259080887
0.0683048665523529
0.06935153901576996
0.07039248943328857
0.07142233103513718
0.072458416223526
0.07351264357566833
0.07462945580482483
0.07574064284563065
0.07686541974544525
0.07800597697496414
0.07900410145521164
0.07992810010910034
0.08083181828260422
0.08172067254781723
0.08259943872690201
0.08347655832767487
0.08436796814203262
0.08526448905467987
0.08618725836277008
0.08710581809282303
0.08800017088651657
0.0888553336262703
0.08967017382383347
0.09049910306930542
0.09124506264925003
0.09191492944955826
0.09256648272275925
0.09318568557500839
0.0937429815530777
0.09425049275159836
0.09481196850538254
0.09546275436878204
0.09619636088609695
0.09687498956918716
0.09754939377307892
0.09878042340278625
0.1006009578704834
0.10334999114274979
0.10463132709264755
0.10520010441541672
