0.021759353578090668
0.02754109352827072
0.030465219169855118
0.03076586313545704
0.03087584115564823
0.030966099351644516
0.03102148324251175
0.03108387626707554
0.03118615597486496
0.03132094815373421
0.03150161728262901
0.03171093761920929
0.03191683068871498
0.032112348824739456
0.03233375772833824
0.032545920461416245
0.03274046257138252
0.03293543681502342
0.03313740715384483
0.033345386385917664
0.033600129187107086
0.033939119428396225
0.03437160700559616
0.0348929725587368
0.035492971539497375
0.036164622753858566
0.03690072149038315
0.03769442066550255
0.038525667041540146
0.03940963000059128
0.04034944623708725
0.04127214103937149
0.0023282403126358986
0.0016584000550210476
0.001541938167065382
0.0014993100194260478
0.0015006553148850799
0.0015056589618325233
0.03543322905898094
0.04105718433856964
0.041529152542352676
0.04039017856121063
0.03965300694108009
0.03907237574458122
0.03854632377624512
0.038023799657821655
0.037354327738285065
0.03668774664402008
0.036005064845085144
0.035306915640830994
0.034592438489198685
0.03392310068011284
0.03323737531900406
0.03254273533821106
0.03183350712060928
0.03111371397972107
0.03038788214325905
0.029651541262865067
0.02890789322555065
0.028158608824014664
0.02740539237856865
0.02664795145392418
0.025892868638038635
0.025143517181277275
0.02440064214169979
0.02366473525762558
0.022938640788197517
0.022231727838516235
0.021559525281190872
0.020895840600132942
0.020242366939783096
0.0195982176810503
0.01894943229854107
0.018334737047553062
0.017756003886461258
0.0172018613666296
0.01666848175227642
0.01615254394710064
0.015652360394597054
0.01516810804605484
0.014699417166411877
0.014245263300836086
0.013803656212985516
0.01337561383843422
0.012959789484739304
0.012559902854263783
0.012178358621895313
0.011822361499071121
0.011488833464682102
0.011173670180141926
0.010873588733375072
0.010586482472717762
