0.04221902787685394
0.04708701744675636
0.054139405488967896
0.05583677440881729
0.056122541427612305
0.056366145610809326
0.05660417303442955
0.05685518682003021
0.05708158016204834
0.05730396509170532
0.05748964101076126
0.05760708823800087
0.057706236839294434
0.05782754346728325
0.05795574188232422
0.05807826668024063
0.058205001056194305
0.05835551396012306
0.05850953608751297
0.05865831673145294
0.058824967592954636
0.05899416655302048
0.059160538017749786
0.05932531878352165
0.05957089737057686
0.05985356494784355
0.06022033840417862
0.06071607396006584
0.06129470467567444
0.06193096935749054
0.06264370679855347
0.06342119723558426
0.002947933506220579
0.0027980932500213385
0.002780565759167075
0.00276897381991148
0.0027640480548143387
0.0027610952965915203
0.05776756629347801
0.06134423241019249
0.06338563561439514
0.06504341214895248
0.0665014460682869
0.06788187474012375
0.06923101842403412
0.07055381685495377
0.07184893637895584
0.07312340289354324
0.07438534498214722
0.07564330846071243
0.07692134380340576
0.07819289714097977
0.07948696613311768
0.08082301169633865
0.08223221451044083
0.08366512507200241
0.08512338995933533
0.08662506192922592
0.08819331973791122
0.08981698006391525
0.09153514355421066
0.09303075075149536
0.09428232908248901
0.09555543959140778
0.09689465910196304
0.09834069013595581
0.09990120679140091
0.1013307124376297
0.10367067158222198
0.10569839924573898
0.10762688517570496
0.10954906046390533
0.11136660724878311
0.11315277963876724
0.11491616070270538
0.1166377067565918
0.11838055402040482
0.12013356387615204
0.1218613013625145
0.12348028272390366
0.12502290308475494
0.12277336418628693
0.11952826380729675
0.11650870740413666
0.1136033907532692
0.11080056428909302
0.10808723419904709
0.10546119511127472
0.10291200876235962
0.10039900988340378
0.09794943034648895
0.09559431672096252
