0.02596435695886612
0.028967175632715225
0.03297097608447075
0.03381598740816116
0.034431684762239456
0.034950193017721176
0.03525231406092644
0.035541433840990067
0.03581329807639122
0.03610094636678696
0.03639734536409378
0.03663875162601471
0.03684282302856445
0.03702922910451889
0.03721676394343376
0.03740130364894867
0.03758220374584198
0.037756215780973434
0.037943512201309204
0.03816472738981247
0.038433730602264404
0.03876051679253578
0.03916661813855171
0.039654143154621124
0.04021615907549858
0.0408402644097805
0.04151439666748047
0.04224405437707901
0.0430331788957119
0.04388200491666794
0.04478286951780319
0.04573476314544678
0.002607632428407669
0.0025846308562904596
0.002563606481999159
0.0025430971290916204
0.0025198208168148994
0.00249281944707036
0.040324050933122635
0.0429619699716568
0.04505854472517967
0.04675881192088127
0.048287928104400635
0.04978996515274048
0.051307082176208496
0.052906956523656845
0.054579902440309525
0.05632141977548599
0.05780957266688347
0.059056464582681656
0.0602179653942585
0.0613691620528698
0.06256269663572311
0.06378311663866043
0.06495252251625061
0.06607534736394882
0.06715724617242813
0.06820915639400482
0.06925415992736816
0.07034950703382492
0.07125293463468552
0.0688941478729248
0.06677072495222092
0.06478599458932877
0.06288266181945801
0.061047982424497604
0.05925554409623146
0.057489555329084396
0.05574385076761246
0.05402136221528053
0.052304040640592575
0.05059536546468735
0.04889293387532234
0.04719891771674156
0.045510780066251755
0.043888770043849945
0.0425480455160141
0.04136783629655838
0.04028325155377388
0.039756909012794495
0.03924553096294403
0.038264721632003784
0.03731891140341759
0.03640109300613403
0.03551812469959259
0.034671831876039505
0.03386373817920685
0.03310073912143707
0.03238989785313606
0.03171608969569206
0.031064895913004875
0.030436867848038673
0.029827406629920006
