0.02177657186985016
0.024144288152456284
0.028089318424463272
0.030114484950900078
0.030883539468050003
0.031270381063222885
0.031396541744470596
0.031448375433683395
0.03159242495894432
0.03177476301789284
0.031941670924425125
0.03208043798804283
0.032167356461286545
0.03222329542040825
0.03228127583861351
0.032347869127988815
0.032427601516246796
0.03251871094107628
0.0326119028031826
0.03270965814590454
0.032812558114528656
0.03292038291692734
0.03306322917342186
0.03323300927877426
0.033439043909311295
0.03370382636785507
0.03403207287192345
0.034409213811159134
0.034826017916202545
0.0352807380259037
0.03577509894967079
0.036309678107500076
0.002139078686013818
0.001701790140941739
0.001581154647283256
0.001540500670671463
0.0015251756412908435
0.001521123806014657
0.032480817288160324
0.03591308370232582
0.037488412111997604
0.0384126640856266
0.039116907864809036
0.039774853736162186
0.04047227278351784
0.04123770445585251
0.04207412153482437
0.042983442544937134
0.04395729675889015
0.04499051719903946
0.046085987240076065
0.04724203050136566
0.0483926385641098
0.049538057297468185
0.05069928988814354
0.05190207436680794
0.05312664806842804
0.05434289574623108
0.05557157099246979
0.056843508034944534
0.05815751105546951
0.058031659573316574
0.056847404688596725
0.05572648346424103
0.05462879687547684
0.053528524935245514
0.052427176386117935
0.051323797553777695
0.05021965876221657
0.04912101849913597
0.04803586006164551
0.04695100337266922
0.045942727476358414
0.04494700953364372
0.0439612902700901
0.042975980788469315
0.041999563574790955
0.041031673550605774
0.04006810858845711
0.03910763934254646
0.038166265934705734
0.037238799035549164
0.03632181137800217
0.035417113453149796
0.03452817350625992
0.033658746629953384
0.03280527889728546
0.031974367797374725
0.031170755624771118
0.030391765758395195
0.029635075479745865
0.02889898605644703
