0.11480387300252914
0.12879639863967896
0.1469709724187851
0.15202023088932037
0.15412211418151855
0.15516123175621033
0.15608273446559906
0.15703968703746796
0.1577613353729248
0.15844352543354034
0.15911291539669037
0.1597805619239807
0.16040004789829254
0.16098017990589142
0.16158874332904816
0.16233299672603607
0.16307255625724792
0.16379296779632568
0.1646716445684433
0.1656901091337204
0.16671985387802124
0.16778941452503204
0.16891494393348694
0.17020435631275177
0.17165090143680573
0.17336559295654297
0.17536915838718414
0.17759555578231812
0.18004532158374786
0.1827697902917862
0.18587376177310944
0.18934567272663116
0.013980851508677006
0.01081219781190157
0.009902280755341053
0.009526334702968597
0.009399652481079102
0.009328468702733517
0.15783613920211792
0.17425920069217682
0.18602637946605682
0.1946745067834854
0.202005535364151
0.20908407866954803
0.2194250077009201
0.23165340721607208
0.24417731165885925
0.2567717134952545
0.2620576024055481
0.25675883889198303
0.2515605092048645
0.24658893048763275
0.2414277195930481
0.23620197176933289
0.2309449464082718
0.22567959129810333
0.22039254009723663
0.21508534252643585
0.20975187420845032
0.20440392196178436
0.19907942414283752
0.1933588683605194
0.18789644539356232
0.18266719579696655
0.17762279510498047
0.17273376882076263
0.16801300644874573
0.1634199023246765
0.15892398357391357
0.15449559688568115
0.14999355375766754
0.1453409492969513
0.14085471630096436
0.13652241230010986
0.13224613666534424
0.12810945510864258
0.12411800026893616
0.12020359188318253
0.11636129766702652
0.11293971538543701
0.10982883721590042
0.10703085362911224
0.10451684892177582
0.10208210349082947
0.09981933236122131
0.10062626004219055
0.10428982228040695
0.11021491885185242
0.11804907023906708
0.12739242613315582
0.1370021402835846
0.14731311798095703
