15.415265083312988
14.737982749938965
13.340754508972168
12.151007652282715
9.784311294555664
8.149833679199219
7.52414608001709
7.049947738647461
6.687597274780273
6.411042213439941
6.219463348388672
6.043770790100098
5.9170966148376465
5.840325832366943
5.79489278793335
5.738125324249268
5.7123260498046875
5.706707954406738
5.726339817047119
5.770389080047607
5.840310096740723
5.935974597930908
6.058197021484375
6.208652973175049
6.388352394104004
6.599400997161865
6.8439555168151855
7.1233930587768555
7.438708305358887
7.793514251708984
8.199847221374512
8.65682315826416
9.163713455200195
9.714006423950195
10.283262252807617
10.867609024047852
11.46548843383789
12.074238777160645
2.907578468322754
2.602247714996338
2.4503211975097656
2.421881675720215
2.550161600112915
2.77573561668396
3.0237009525299072
21.146949768066406
20.920391082763672
20.045923233032227
19.476478576660156
19.621971130371094
20.067337036132812
20.306535720825195
20.61978530883789
21.358156204223633
22.094486236572266
22.861047744750977
23.66178321838379
24.478397369384766
25.273590087890625
26.049394607543945
26.793350219726562
27.489944458007812
28.121278762817383
28.69623565673828
29.22262954711914
29.72855567932129
30.249427795410156
30.722003936767578
31.143312454223633
31.491186141967773
31.740903854370117
31.894390106201172
31.976665496826172
32.00562286376953
31.990345001220703
31.940656661987305
31.862869262695312
31.75691032409668
31.627361297607422
31.48200035095215
31.3284912109375
31.17424774169922
31.01922035217285
30.864288330078125
30.712343215942383
30.565555572509766
30.424781799316406
30.290952682495117
30.16512680053711
30.047555923461914
29.939863204956055
29.840776443481445
29.75136947631836
29.669130325317383
29.594823837280273
29.527036666870117
29.464555740356445
29.40996551513672
29.36127281188965
29.320573806762695
29.288970947265625
