0.14106956124305725
0.1378619372844696
0.1573166698217392
0.1847957968711853
0.19388890266418457
0.19847096502780914
0.20125336945056915
0.2031247913837433
0.20473960041999817
0.20612941682338715
0.2071216106414795
0.20792876183986664
0.20852556824684143
0.2089511901140213
0.20936934649944305
0.20971542596817017
0.21003971993923187
0.21033824980258942
0.21063317358493805
0.21094056963920593
0.21104960143566132
0.2114470899105072
0.21168369054794312
0.2118789702653885
0.21215443313121796
0.2126980721950531
0.21349042654037476
0.2144654095172882
0.21656392514705658
0.2198837697505951
0.22353748977184296
0.22777417302131653
0.024704258888959885
0.017223846167325974
0.014933961443603039
0.013972603715956211
0.013508547097444534
0.01328232977539301
0.20068976283073425
0.2139635682106018
0.2282632738351822
0.2407616525888443
0.2527396082878113
0.2645936608314514
0.2764650285243988
0.2883095443248749
0.3000473976135254
0.3116016685962677
0.3230171203613281
0.33442559838294983
0.34615105390548706
0.3592214584350586
0.37331530451774597
0.38863247632980347
0.4073981046676636
0.4250889718532562
0.4421389400959015
0.4582393765449524
0.4741894602775574
0.4897117018699646
0.5048546195030212
0.5198139548301697
0.5355014801025391
0.550898551940918
0.5651077032089233
0.5792369246482849
0.594417154788971
0.6088958978652954
0.6224050521850586
0.6329008340835571
0.6438270211219788
0.6575711369514465
0.7171691060066223
0.8103210926055908
0.9430906176567078
1.1252834796905518
1.2725573778152466
9.559514999389648
14.189934730529785
17.205528259277344
18.88812255859375
20.12112808227539
21.141834259033203
24.02825355529785
27.345645904541016
30.276857376098633
32.963035583496094
35.21236801147461
37.01005935668945
38.50191879272461
39.823856353759766
41.03789138793945
42.209869384765625
