0.16836079955101013
0.1947147250175476
0.2059391587972641
0.20789965987205505
0.20924590528011322
0.21030569076538086
0.21122820675373077
0.21199141442775726
0.21258851885795593
0.21308106184005737
0.21353745460510254
0.21427291631698608
0.21508556604385376
0.21584482491016388
0.21668066084384918
0.21754758059978485
0.21830666065216064
0.21906015276908875
0.21979422867298126
0.22065919637680054
0.2216440588235855
0.22267824411392212
0.22396545112133026
0.2256215214729309
0.22751957178115845
0.22961632907390594
0.2321012169122696
0.23492726683616638
0.23800154030323029
0.2412998527288437
0.2448071539402008
0.24859222769737244
0.011438706889748573
0.011583820916712284
0.011881230399012566
0.012109995819628239
0.012262302450835705
0.012366775423288345
0.2320973128080368
0.2393355369567871
0.2458065003156662
0.25244295597076416
0.2594200372695923
0.26667287945747375
0.2741015553474426
0.28425925970077515
0.2988828122615814
0.31404468417167664
0.32998237013816833
0.34775790572166443
0.3607231378555298
0.35383281111717224
0.34649285674095154
0.3392314612865448
0.33197152614593506
0.324616402387619
0.3171618580818176
0.3095827102661133
0.3018806576728821
0.2940051257610321
0.28607192635536194
0.27815136313438416
0.2706480920314789
0.2628338038921356
0.2552036643028259
0.2476726770401001
0.24022063612937927
0.23292158544063568
0.225928395986557
0.21909525990486145
0.21231889724731445
0.2055547833442688
0.1989256888628006
0.1923399120569229
0.18586516380310059
0.1793546974658966
0.1729956418275833
0.16962990164756775
0.16593874990940094
0.1602615863084793
0.1728268563747406
0.2072438895702362
0.2491629421710968
0.29423677921295166
0.340060293674469
0.3802797198295593
0.41815605759620667
0.45726829767227173
2.878145217895508
8.174917221069336
10.633552551269531
11.992966651916504
12.916473388671875
