0.0066168829798698425
0.007256354670971632
0.00818796455860138
0.00917485449463129
0.009720593690872192
0.009875262156128883
0.009940044954419136
0.009991750121116638
0.010039305314421654
0.010101808235049248
0.010162102989852428
0.010223869234323502
0.010291721671819687
0.010363456793129444
0.010441520251333714
0.010514267720282078
0.010585802607238293
0.010664710775017738
0.01076863706111908
0.010894645936787128
0.011057088151574135
0.011249038390815258
0.01147180050611496
0.011725373566150665
0.01200700644403696
0.012311048805713654
0.0126326410099864
0.012947971932590008
0.013230154290795326
0.013526643626391888
0.013833366334438324
0.014151053503155708
0.0009148280951194465
0.0008262298651970923
0.0008180792792700231
0.0008211334934458137
0.0008260537288151681
0.0008319244370795786
0.014593956060707569
0.014991729520261288
0.015197808854281902
0.015453481115400791
0.01568249985575676
0.015938380733132362
0.016245635226368904
0.016605300828814507
0.017014529556035995
0.01747668720781803
0.017982520163059235
0.018464460968971252
0.018906038254499435
0.01934383250772953
0.01981114037334919
0.02031158283352852
0.020851129665970802
0.021414674818515778
0.021999305114150047
0.022606080397963524
0.023237312212586403
0.023889293894171715
0.02456178143620491
0.02524867281317711
0.02594534493982792
0.026649829000234604
0.027364259585738182
0.02808857150375843
0.02882613241672516
0.02957599051296711
0.03033023327589035
0.0310922022908926
0.03187019005417824
0.03266354277729988
0.03347654268145561
0.03427688404917717
0.03508330509066582
0.035899218171834946
0.03678774833679199
0.03758066147565842
0.038371939212083817
0.03921617567539215
0.04001501575112343
0.04081529378890991
0.041607461869716644
0.04238184541463852
0.04314279183745384
0.04388837888836861
0.04414062201976776
0.042557891458272934
0.04121064394712448
0.03995289281010628
0.03875739872455597
0.037616580724716187
0.036525364965200424
