0.025249885395169258
0.028438741341233253
0.03256996348500252
0.033452972769737244
0.03379630297422409
0.034043680876493454
0.03439055755734444
0.03458069637417793
0.034707631915807724
0.03484485298395157
0.035020485520362854
0.03519350662827492
0.03538103029131889
0.03557439148426056
0.03577614575624466
0.03595968335866928
0.0361362025141716
0.036314476281404495
0.036507219076156616
0.036772534251213074
0.03709401190280914
0.03747861459851265
0.03793798014521599
0.03846099227666855
0.0390373058617115
0.039655789732933044
0.04032118618488312
0.04103393852710724
0.041793860495090485
0.04259432852268219
0.04343223199248314
0.04431403428316116
0.0025615431368350983
0.0025398647412657738
0.002528192475438118
0.0025067413225769997
0.0024860042612999678
0.002467371290549636
0.04135699197649956
0.042588844895362854
0.04348539561033249
0.04471784457564354
0.04580685868859291
0.04691490903496742
0.04809465631842613
0.049357280135154724
0.050703294575214386
0.052149660885334015
0.053741566836833954
0.0553666353225708
0.05680129677057266
0.058030832558870316
0.05926704406738281
0.06047767400741577
0.06170480325818062
0.06291313469409943
0.06405065208673477
0.06516113877296448
0.06624702364206314
0.06729232519865036
0.06831159442663193
0.06930895894765854
0.07027804106473923
0.07122433930635452
0.0721752792596817
0.07314781099557877
0.07215070724487305
0.0697682797908783
0.0675143301486969
0.06534198671579361
0.06322909891605377
0.061154790222644806
0.059107705950737
0.05710531398653984
0.055138424038887024
0.05321172997355461
0.05132223293185234
0.049484867602586746
0.04771144688129425
0.04599621146917343
0.04432724043726921
0.04269188642501831
0.0410754531621933
0.039628274738788605
0.03835571929812431
0.0371800921857357
0.03608841076493263
0.03507480025291443
0.034127652645111084
0.033241480588912964
0.03240562975406647
0.03160357475280762
0.030827730894088745
