8.60941219329834
12.653651237487793
11.86722469329834
9.67280101776123
8.551247596740723
7.9972615242004395
7.7467217445373535
7.653689384460449
7.644040107727051
7.62462854385376
7.5675201416015625
7.500909328460693
7.431817054748535
7.369085788726807
7.315359592437744
7.2710280418396
7.222993850708008
7.153324127197266
7.059699058532715
6.973510265350342
6.911966323852539
6.876263618469238
6.865236759185791
6.876511096954346
6.908653736114502
6.960058212280273
7.02879524230957
7.1104841232299805
7.20113468170166
7.3003997802734375
7.409233570098877
7.529246807098389
0.4990629255771637
0.419465571641922
0.4037063419818878
0.3881024420261383
0.3810596466064453
0.3836534917354584
8.899139404296875
9.11209487915039
9.344718933105469
9.64254379272461
10.020394325256348
10.464624404907227
10.978156089782715
11.561966896057129
12.214980125427246
12.953627586364746
13.783574104309082
14.653005599975586
15.532262802124023
16.45442008972168
17.433727264404297
18.47199821472168
19.567413330078125
20.73794937133789
21.970584869384766
23.254661560058594
24.57509422302246
25.9103946685791
27.271209716796875
28.70172119140625
30.086002349853516
31.468400955200195
32.81183624267578
34.08414077758789
35.26759719848633
36.357791900634766
37.35173416137695
38.248966217041016
39.05779266357422
39.79071807861328
40.45270538330078
41.048065185546875
41.584190368652344
42.07621383666992
42.52501678466797
42.916603088378906
43.25596237182617
43.55472183227539
43.823299407958984
44.068965911865234
44.306304931640625
44.6028938293457
44.87846374511719
45.14115905761719
45.38838195800781
45.61202621459961
45.804683685302734
45.96358871459961
46.03367233276367
46.03425598144531
