0.1007334440946579
0.11478529870510101
0.12475357949733734
0.13225145637989044
0.13774389028549194
0.14149877429008484
0.14281302690505981
0.14371848106384277
0.14486418664455414
0.1457543820142746
0.14636823534965515
0.14682966470718384
0.14735724031925201
0.14781852066516876
0.14826248586177826
0.14878438413143158
0.14934928715229034
0.14984732866287231
0.15032440423965454
0.15085820853710175
0.15142510831356049
0.15197771787643433
0.15249541401863098
0.1529936045408249
0.15349262952804565
0.15396474301815033
0.15442773699760437
0.1550314724445343
0.15580064058303833
0.15671928226947784
0.15783387422561646
0.15913470089435577
0.013867965899407864
0.008865985088050365
0.00778993172571063
0.007722015492618084
0.008083113469183445
0.00802685134112835
0.13466227054595947
0.1463414877653122
0.15464483201503754
0.16137339174747467
0.16807511448860168
0.17388421297073364
0.1791614145040512
0.1841008961200714
0.18897178769111633
0.1939237266778946
0.19892920553684235
0.20412184298038483
0.20932205021381378
0.21455752849578857
0.21989326179027557
0.22542022168636322
0.2312641739845276
0.23750096559524536
0.24413152039051056
0.2522534728050232
0.2616320848464966
0.27146482467651367
0.28130388259887695
0.2906734347343445
0.30144259333610535
0.31432923674583435
0.32805806398391724
0.3429396152496338
0.3581618070602417
0.3598450720310211
0.3492722809314728
0.3395943343639374
0.3303314447402954
0.32140156626701355
0.3135370910167694
0.3061756193637848
0.2997110188007355
0.29430150985717773
0.2894571125507355
0.28534549474716187
0.282649427652359
0.28153276443481445
0.28130725026130676
0.28187721967697144
0.28298327326774597
0.2840200364589691
0.28512993454933167
0.2863773703575134
0.28772446513175964
0.2892220914363861
0.29001423716545105
0.2907988727092743
0.29244208335876465
0.2942064702510834
0.2960594892501831
