0.11207235604524612
0.12283024936914444
0.14118921756744385
0.1480666697025299
0.14981234073638916
0.1505228877067566
0.1511085480451584
0.15159368515014648
0.152168869972229
0.1527225822210312
0.15339764952659607
0.15398770570755005
0.15446844696998596
0.1550690084695816
0.15570025146007538
0.15621773898601532
0.15665489435195923
0.15707552433013916
0.15753509104251862
0.1580272912979126
0.15856987237930298
0.15915991365909576
0.15975278615951538
0.16041062772274017
0.1612505167722702
0.1622561663389206
0.16334664821624756
0.16447636485099792
0.16576547920703888
0.16733458638191223
0.1691305935382843
0.17112985253334045
0.010521204210817814
0.008502651005983353
0.00799704808741808
0.00788459088653326
0.0078017800115048885
0.007768156472593546
0.1523599922657013
0.1638074517250061
0.17035140097141266
0.17533743381500244
0.17953312397003174
0.18345463275909424
0.1872946321964264
0.19116073846817017
0.19509729743003845
0.19915856420993805
0.2033473402261734
0.20823532342910767
0.2150769978761673
0.22209998965263367
0.22971047461032867
0.2376747578382492
0.24623866379261017
0.25534141063690186
0.26564449071884155
0.2666890621185303
0.26230117678642273
0.2578655481338501
0.2532193660736084
0.2483607977628708
0.24342025816440582
0.2383096069097519
0.23309099674224854
0.22807557880878448
0.22309662401676178
0.21812449395656586
0.21302610635757446
0.20774662494659424
0.20246601104736328
0.19721314311027527
0.19202205538749695
0.18693071603775024
0.18193106353282928
0.17707832157611847
0.17233116924762726
0.16781851649284363
0.16382834315299988
0.16170521080493927
0.1626361906528473
0.17187000811100006
0.1872839629650116
0.20654165744781494
0.22767211496829987
0.25022077560424805
0.2714366912841797
0.2924489378929138
0.31332889199256897
0.3341180682182312
3.956275701522827
6.723841190338135
