0.007796092424541712
0.00873179454356432
0.009898127987980843
0.010940399020910263
0.011117055080831051
0.011177600361406803
0.011238012462854385
0.011302229017019272
0.011376169510185719
0.011484001763164997
0.011568342335522175
0.011654477566480637
0.011752580292522907
0.011837630532681942
0.01191641017794609
0.01199199166148901
0.012071667239069939
0.012167083099484444
0.012277234345674515
0.01240350492298603
0.012549461796879768
0.012721024453639984
0.01291770488023758
0.013139031827449799
0.013382377102971077
0.013644902035593987
0.0139253418892622
0.014220808632671833
0.01447049155831337
0.014734232798218727
0.015011785551905632
0.015299667604267597
0.0007800769526511431
0.0007583565893583
0.0007700726855546236
0.0007845937507227063
0.0007977688801474869
0.0008087808382697403
0.01504609640687704
0.015684491023421288
0.015996163710951805
0.01620165817439556
0.016389429569244385
0.016600187867879868
0.016851261258125305
0.017145395278930664
0.017478490248322487
0.017846599221229553
0.018245335668325424
0.01867564022541046
0.01913001947104931
0.019609922543168068
0.020114265382289886
0.02060827985405922
0.021037492901086807
0.021460413932800293
0.021919747814536095
0.022386278957128525
0.022850297391414642
0.023314177989959717
0.023777516558766365
0.024235127493739128
0.024473698809742928
0.023942753672599792
0.023433106020092964
0.022932982072234154
0.02244025468826294
0.021954335272312164
0.021474109962582588
0.02099866047501564
0.02052919752895832
0.020065436139702797
0.01960698328912258
0.019154731184244156
0.018708430230617523
0.018268423154950142
0.017837097868323326
0.017415106296539307
0.017002057284116745
0.016597695648670197
0.01620231568813324
0.01581624336540699
0.015439696609973907
0.015070688910782337
0.014708532951772213
0.014352736994624138
0.014002948999404907
0.013659187592566013
0.013321321457624435
0.012990739196538925
0.012673494406044483
0.012368460185825825
