0.11229132115840912
0.12322358042001724
0.14159289002418518
0.14828388392925262
0.1499401479959488
0.15069255232810974
0.15125690400600433
0.15168924629688263
0.15225277841091156
0.15278145670890808
0.15347740054130554
0.15401725471019745
0.15445053577423096
0.15504007041454315
0.155665785074234
0.15615339577198029
0.1565571427345276
0.15695521235466003
0.15740640461444855
0.15791252255439758
0.15843872725963593
0.15899211168289185
0.15954917669296265
0.1601780503988266
0.1610012650489807
0.16199712455272675
0.16307003796100616
0.1641746312379837
0.16542255878448486
0.16694492101669312
0.16870036721229553
0.17066620290279388
0.010260948911309242
0.008340380154550076
0.007990878075361252
0.007860297337174416
0.00779479555785656
0.0077638328075408936
0.15264992415905
0.16021721065044403
0.16492637991905212
0.17083238065242767
0.1754356175661087
0.17937612533569336
0.18310636281967163
0.18679049611091614
0.1905331164598465
0.19435742497444153
0.1983056217432022
0.20239213109016418
0.20662716031074524
0.21336272358894348
0.22022224962711334
0.22770002484321594
0.23551256954669952
0.24390558898448944
0.25284576416015625
0.2623175084590912
0.26748067140579224
0.26320770382881165
0.25882866978645325
0.25437068939208984
0.24962283670902252
0.244762122631073
0.23979058861732483
0.2347409427165985
0.229634627699852
0.22464412450790405
0.21969544887542725
0.21474353969097137
0.20959068834781647
0.20446768403053284
0.19937923550605774
0.19434332847595215
0.18935632705688477
0.18444396555423737
0.1796724945306778
0.17505384981632233
0.17055752873420715
0.1663963943719864
0.16274622082710266
0.15918435156345367
0.16025757789611816
0.16923433542251587
0.1834908127784729
0.20154792070388794
0.22091837227344513
0.24176950752735138
0.2612285315990448
0.2804487347602844
0.29960811138153076
0.3186843693256378
1.7687324285507202
