0.1440376192331314
0.14346624910831451
0.15361595153808594
0.1721561998128891
0.1889490932226181
0.19687989354133606
0.2009010910987854
0.20262707769870758
0.20407652854919434
0.20531229674816132
0.2062186449766159
0.20693571865558624
0.2076793760061264
0.2084834724664688
0.20922642946243286
0.20981065928936005
0.21048615872859955
0.21114705502986908
0.21168021857738495
0.21218153834342957
0.21265444159507751
0.21307764947414398
0.21342486143112183
0.21375630795955658
0.21405023336410522
0.21422448754310608
0.2146807461977005
0.2150927037000656
0.21540890634059906
0.2157059758901596
0.216132253408432
0.21679215133190155
0.02207888849079609
0.020813805982470512
0.01816112920641899
0.01630626991391182
0.015030690468847752
0.014132356271147728
0.1872054934501648
0.2036045342683792
0.21042372286319733
0.2151532918214798
0.21876901388168335
0.2233344316482544
0.2289135754108429
0.23441798985004425
0.24015885591506958
0.24640774726867676
0.25323739647865295
0.2603699564933777
0.2680293619632721
0.27596259117126465
0.28417065739631653
0.2925001084804535
0.3008056581020355
0.30905255675315857
0.3172895610332489
0.32562488317489624
0.3342325687408447
0.3432674705982208
0.3527224659919739
0.36283642053604126
0.3735891878604889
0.3850803077220917
0.39732879400253296
0.41265854239463806
0.4271186292171478
0.44138863682746887
0.4548412561416626
0.4679270386695862
0.48085376620292664
0.49377843737602234
0.5067366361618042
0.5195931792259216
0.531930685043335
0.5437417030334473
0.5540738701820374
0.5634140968322754
0.572516918182373
0.5810202360153198
0.5887721180915833
0.5953737497329712
0.602932870388031
0.62276291847229
0.67729651927948
0.7684664726257324
0.8648650050163269
0.9830935001373291
1.1287155151367188
1.311055302619934
11.93469524383545
20.431964874267578
