0.04331645369529724
0.04937351122498512
0.05434234067797661
0.05545957759022713
0.056035116314888
0.05637446418404579
0.05676867440342903
0.05704871565103531
0.05724455416202545
0.057488273829221725
0.05765439197421074
0.05776539817452431
0.05786040797829628
0.05796368047595024
0.058060601353645325
0.058156196027994156
0.05826640874147415
0.05840461701154709
0.05854335054755211
0.05866328999400139
0.05880718678236008
0.05895897373557091
0.05912552773952484
0.05930337309837341
0.05949415639042854
0.05980133265256882
0.060187481343746185
0.06065602973103523
0.06119672581553459
0.06180082634091377
0.06246459484100342
0.06316109746694565
0.00306325382553041
0.002954589668661356
0.002888743532821536
0.002839263528585434
0.002794167958199978
0.00277106580324471
0.05754103139042854
0.05950736254453659
0.06075512617826462
0.06286077201366425
0.0645749419927597
0.06603146344423294
0.06731734424829483
0.06848829984664917
0.06958498060703278
0.0706341341137886
0.07165692001581192
0.07267116755247116
0.07369623333215714
0.07475803047418594
0.07585706561803818
0.07700107246637344
0.07820644229650497
0.07947538048028946
0.08080989122390747
0.08221910893917084
0.08376339077949524
0.08534516394138336
0.08700480312108994
0.08872620016336441
0.09048581123352051
0.0923083946108818
0.0936412513256073
0.09480566531419754
0.09593812376260757
0.0971677303314209
0.09835264831781387
0.09946197271347046
0.10052865743637085
0.10152468085289001
0.1027747169137001
0.10446617752313614
0.10614744573831558
0.1078648641705513
0.10958121716976166
0.1112603098154068
0.11292443424463272
0.11461964249610901
0.11635726690292358
0.11792345345020294
0.11808066815137863
0.11464148014783859
0.11151216924190521
0.10853404551744461
0.10562856495380402
0.10274211317300797
0.09989586472511292
0.0970878079533577
0.0942540094256401
0.09144033491611481
0.0886446163058281
