0.04098305106163025
0.053034231066703796
0.060085076838731766
0.06079750508069992
0.06132598966360092
0.06178867444396019
0.06191904470324516
0.06189281493425369
0.061800651252269745
0.06178123131394386
0.06189027056097984
0.06212378665804863
0.062432363629341125
0.06277245283126831
0.06312357634305954
0.06345796585083008
0.06373348832130432
0.06394296139478683
0.06414910405874252
0.06433963775634766
0.06452710926532745
0.06472980231046677
0.06483529508113861
0.06429566442966461
0.06385547667741776
0.06345925480127335
0.06309278309345245
0.0627678856253624
0.06247495487332344
0.062205664813518524
0.06194469705224037
0.061679188162088394
0.0030050065834075212
0.0027159457094967365
0.0026415414176881313
0.002603540662676096
0.002589184558019042
0.002576989820227027
0.05199422314763069
0.06071833521127701
0.06441547721624374
0.06484389305114746
0.06314999610185623
0.062017202377319336
0.06110936403274536
0.06033574044704437
0.059655092656612396
0.05903378129005432
0.05844716355204582
0.057878877967596054
0.05731675401329994
0.05675392597913742
0.05618187040090561
0.055363405495882034
0.054562758654356
0.05376598611474037
0.052961234003305435
0.05214281007647514
0.05131526663899422
0.050513364374637604
0.04962961748242378
0.0487297922372818
0.047826383262872696
0.04692577198147774
0.046024519950151443
0.04512299969792366
0.044186439365148544
0.043402254581451416
0.042676255106925964
0.04190355911850929
0.041101209819316864
0.04028458893299103
0.03945477679371834
0.03863106667995453
0.03781295195221901
0.037007372826337814
0.036214642226696014
0.0354129858314991
0.034603018313646317
0.03380047529935837
0.033009741455316544
0.03223079815506935
0.031459275633096695
0.030696451663970947
0.029940949752926826
0.02919524349272251
0.02846379764378071
0.027746669948101044
0.027045028284192085
0.026361949741840363
0.02569781057536602
0.0250505693256855
