1500.0
1500.0
1500.0
1500.0
1500.0
1499.9998779296875
1500.0
1500.0
1500.0
1500.0
1500.0
1500.0
1500.0
1500.0
1500.0
1500.0
1500.0
1500.0
1500.0
1500.0
1500.0
1500.0
1500.0
1500.0
1500.0
1500.0
1500.0
1500.0
1500.0
1500.0
1500.0
1500.0
100.0
100.0
100.0
100.0
100.0
100.0
100.0
1500.0
1422.5618896484375
1347.8277587890625
1299.969482421875
1235.3792724609375
1181.6531982421875
1131.9171142578125
1083.6514892578125
1036.02734375
988.7482299804688
942.3707885742188
898.2936401367188
856.3842163085938
816.250244140625
777.757568359375
740.7122802734375
704.8616333007812
670.1754760742188
636.73974609375
604.5258178710938
573.6868896484375
544.27587890625
516.233154296875
499.573974609375
494.4516906738281
489.36383056640625
474.41851806640625
463.7157287597656
439.46026611328125
416.40167236328125
394.5648498535156
373.9658203125
354.60491943359375
336.1463317871094
319.09173583984375
303.06634521484375
287.9986877441406
273.7515563964844
259.98211669921875
247.30307006835938
235.64401245117188
224.60084533691406
214.04473876953125
204.20372009277344
195.08331298828125
186.4955596923828
178.44192504882812
170.8494110107422
163.68646240234375
156.8020782470703
150.27578735351562
144.19564819335938
138.4438934326172
133.00396728515625
127.84968566894531
122.958984375
118.3155517578125
113.9090576171875
