1499.9998779296875
1500.0
1500.000244140625
1500.0
1500.0
1500.0
1500.0
1500.0
1500.0
1500.0
1500.0
1500.0
1500.0
1500.0
1500.0
1500.0
1500.0
1500.0
1500.0
1500.0
1500.0
1500.0
1500.0
1500.0
1500.0
1500.0
1500.0
1500.0
1500.0
1500.0
1500.0
1500.0
100.0001449584961
100.0
100.0
100.0
100.0
100.0
1499.9998779296875
1500.0
1500.0
1500.0
1500.0
1500.0
1500.0
1500.0
1500.0
1500.0
1500.0
1500.0
1500.0
1500.0
1500.0
1500.0
1500.0
1500.0
1500.0
1500.0
1500.0
1500.0
1500.0
1500.0
1500.0
1500.0
1500.0
1500.0
1500.0
1500.0
1500.0
1500.0
1500.0
1500.0
1500.0
1458.09814453125
1416.7686767578125
1377.667236328125
1339.0272216796875
1300.749267578125
1262.9813232421875
1225.8780517578125
1189.511962890625
1154.0565185546875
1119.467041015625
1086.0203857421875
1053.843505859375
1022.4454345703125
990.722900390625
960.47021484375
931.0105590820312
902.1458129882812
874.2826538085938
847.293212890625
