1499.992431640625
1500.0
1500.0
1500.0
1500.0
1500.0
1500.0
1500.0
1500.0
1500.0
1500.0
1500.0
1500.0
1500.0
1500.0
1499.9998779296875
1500.0
1500.0
1500.0
1500.0
1500.0
1500.0
1500.0
1500.0
1500.0
1500.0
1500.0
1500.0
1500.0
1500.0
1500.0
1500.0
100.00003051757812
100.0
100.0
100.0
100.0
100.0
1500.0
1500.0
1499.9998779296875
1500.0
1500.0
1500.0
1500.0
1500.0
1500.0
1500.0
1500.0
1500.0
1441.5830078125
1374.664794921875
1307.2532958984375
1243.1405029296875
1184.5294189453125
1130.8038330078125
1079.9149169921875
1029.630615234375
980.0243530273438
930.46826171875
881.9454345703125
841.142822265625
815.3330688476562
788.1917114257812
762.5335693359375
738.455322265625
717.6340942382812
697.9568481445312
679.0582885742188
660.8616943359375
643.3780517578125
626.6008911132812
610.4693603515625
594.9046020507812
579.634521484375
564.482666015625
549.909912109375
536.1223754882812
522.9476928710938
510.00518798828125
497.1814270019531
484.54595947265625
472.0897216796875
459.6974792480469
447.504638671875
435.47100830078125
423.6980285644531
412.2872619628906
401.22808837890625
390.50994873046875
380.1327819824219
370.0072021484375
