1500.0
1496.111572265625
1500.0
1500.0
1500.0
1500.0
1500.0
1500.0
1500.0
1500.0
1500.0
1500.0
1500.0
1500.0
1500.0
1500.0
1500.0
1500.0
1500.0
1500.0
1500.0
1500.0
1500.0
1500.0
1500.0
1500.0
1500.0
1500.0
1500.0
1500.0
1500.0
1500.0
100.0
100.0
100.0
100.0
100.0
100.0
1500.0001220703125
1500.0
1500.0
1500.0
1500.0
1500.0
1500.0
1500.0
1500.0
1500.0
1500.0
1500.0
1500.0
1500.0
1500.0
1500.0
1500.0
1500.0
1500.0
1500.0
1500.0
1500.0
1500.0
1500.0
1500.0
1500.0
1500.0
1500.0
1500.0
1496.0982666015625
1430.7679443359375
1374.5185546875
1321.245361328125
1269.349365234375
1218.5889892578125
1172.08837890625
1129.306884765625
1088.224609375
1046.970947265625
1004.4085693359375
960.9234008789062
917.030029296875
873.15185546875
830.2544555664062
788.9146118164062
751.1954956054688
716.3912353515625
685.3634033203125
656.2405395507812
628.64208984375
600.05712890625
570.216552734375
540.415771484375
514.2495727539062
490.5686340332031
