1499.990966796875
1500.0
1500.0
1500.0009765625
1500.0
1500.0
1500.0
1500.0
1500.0
1500.0
1500.0
1500.0
1500.0
1500.0
1500.0
1499.9998779296875
1500.0
1500.0
1500.0
1500.0
1500.0
1500.0
1500.0
1500.0
1500.0
1500.0
1500.0
1500.0
1500.0
1500.0
1500.0
1500.0
100.00003814697266
100.0
100.0
100.0
100.0
100.0
1500.0
1500.0
1500.0
1500.0
1500.0
1500.0
1499.9998779296875
1500.0
1500.0
1500.0
1500.0
1500.0
1455.9071044921875
1391.1376953125
1324.6431884765625
1261.0501708984375
1202.7149658203125
1149.2701416015625
1098.43994140625
1048.7452392578125
999.7008056640625
950.9016723632812
902.66796875
856.1646728515625
823.269287109375
797.7332763671875
772.5243530273438
747.9906616210938
726.8842163085938
707.4229736328125
687.3906860351562
667.7241821289062
649.323486328125
632.0091552734375
615.5818481445312
599.9519653320312
584.8809204101562
570.0489501953125
555.5376586914062
541.7920532226562
528.6947021484375
515.8466186523438
503.1286926269531
490.43768310546875
477.82501220703125
465.4706726074219
453.34356689453125
441.4677429199219
429.82122802734375
418.4558410644531
407.3928527832031
396.6747741699219
386.26324462890625
376.1099548339844
