1499.998779296875
1500.0
1500.0
1499.9964599609375
1499.9998779296875
1398.9486083984375
1239.63037109375
1123.0263671875
1067.5623779296875
1037.4755859375
1020.9195556640625
1010.118896484375
1003.969482421875
1000.2405395507812
997.066162109375
993.3925170898438
989.566162109375
984.7498779296875
978.6415405273438
971.5469360351562
963.8624877929688
955.8226928710938
947.1909790039062
936.96240234375
925.5079345703125
912.9442749023438
899.2694702148438
884.5879516601562
869.247802734375
853.502685546875
837.6219482421875
821.7941284179688
806.1510009765625
790.7128295898438
99.89701080322266
100.00183868408203
99.76174926757812
99.9999771118164
100.00154113769531
99.99964141845703
99.99977111816406
1364.4912109375
1238.4635009765625
1128.5850830078125
1075.486083984375
984.755615234375
940.647216796875
883.1935424804688
840.47412109375
785.5468139648438
750.3090209960938
725.637939453125
706.2177124023438
689.5676879882812
674.4603881835938
660.2865600585938
646.765625
633.8141479492188
621.4144897460938
609.5135498046875
598.024169921875
586.933837890625
576.4409790039062
566.2384643554688
556.2368774414062
549.7037963867188
546.4616088867188
536.689208984375
527.6212768554688
518.9784545898438
510.6982727050781
502.77191162109375
495.2035217285156
487.72552490234375
480.546630859375
473.7421569824219
467.26580810546875
461.165771484375
455.3721618652344
449.7860412597656
444.370361328125
439.1629333496094
434.1406555175781
429.31036376953125
424.68280029296875
420.2136535644531
415.961181640625
411.885009765625
407.94622802734375
404.12890625
400.29241943359375
396.32293701171875
392.25738525390625
388.1222229003906
384.4490051269531
381.15814208984375
378.0888366699219
375.08843994140625
371.7076721191406
367.8818359375
