1500.0
1500.0
1500.0
1500.0
1500.0001220703125
1499.998779296875
1500.0
1500.0
1500.0
1500.0
1500.0
1499.9998779296875
1500.0
1499.9998779296875
1499.9998779296875
1500.0
1499.9998779296875
1500.0
1500.0
1500.0
1500.0
1500.0
1500.0
1500.0
1500.0
1500.0
1500.0
1500.0
1500.0
1500.0
1500.0
1500.0
1500.0
1500.0
100.0
100.0
100.0
100.0
100.0
100.0
100.0
1500.0
1500.0
1499.9998779296875
1500.0
1380.1126708984375
1242.298828125
1081.7513427734375
961.0571899414062
907.517822265625
864.2099609375
777.2879638671875
703.0409545898438
646.703125
594.3763427734375
545.853515625
526.3422241210938
510.4322204589844
477.4721984863281
448.9243469238281
416.3599548339844
384.1924743652344
354.7431945800781
336.2687683105469
318.9026184082031
301.8116455078125
282.9435729980469
262.2076416015625
247.80679321289062
240.06863403320312
227.7537384033203
214.90318298339844
205.69436645507812
198.1178436279297
191.58258056640625
185.65135192871094
180.20169067382812
175.14697265625
170.39173889160156
165.8573760986328
161.51817321777344
157.37123107910156
153.40191650390625
149.6825408935547
146.21229553222656
142.95924377441406
139.88641357421875
136.98182678222656
134.22105407714844
131.61817932128906
129.11587524414062
126.67459869384766
124.33839416503906
122.11119842529297
119.97438049316406
117.92404174804688
115.94258117675781
114.06470489501953
112.31458282470703
