1161.1944580078125
902.3046875
708.0720825195312
671.004150390625
653.629638671875
621.47900390625
595.2447509765625
570.7925415039062
543.975830078125
513.0767211914062
479.2937316894531
443.8285217285156
404.7930908203125
370.1346130371094
339.5967102050781
313.8232116699219
297.8507080078125
287.7953796386719
278.6163635253906
270.0792236328125
264.0231628417969
258.2667236328125
252.51930236816406
247.0127410888672
241.461669921875
235.89788818359375
230.43496704101562
224.964599609375
222.43658447265625
219.85081481933594
214.40960693359375
209.13418579101562
203.9699249267578
198.82655334472656
100.0
100.0
100.0
100.0
100.0
99.99999237060547
99.9999771118164
180.44241333007812
183.6976776123047
177.89944458007812
168.33677673339844
160.79067993164062
154.28709411621094
148.4590606689453
143.19317626953125
140.74325561523438
139.53126525878906
138.27499389648438
135.75160217285156
133.31234741210938
128.42494201660156
123.74970245361328
121.53386688232422
119.28925323486328
114.89558410644531
110.71992492675781
106.70793914794922
104.33331298828125
102.88236236572266
99.21588897705078
95.76814270019531
92.5230941772461
89.5069580078125
86.65190124511719
83.94790649414062
81.38493347167969
78.97940063476562
76.70071411132812
74.55033874511719
72.52496337890625
70.61286926269531
68.81044006347656
67.10295867919922
65.49420166015625
64.00560760498047
62.59418487548828
61.242591857910156
59.94639587402344
58.709075927734375
57.523765563964844
56.384437561035156
55.28545379638672
54.2220573425293
53.191253662109375
52.192806243896484
51.22340774536133
50.28224182128906
49.37068557739258
48.487754821777344
47.631019592285156
46.804691314697266
46.00519561767578
45.21906661987305
44.443851470947266
43.6816291809082
42.93489456176758
42.206295013427734
