1500.0
1500.0
1500.0
1500.0
1500.00048828125
1500.0
1500.0
1500.0
1500.0
1500.0
1499.9998779296875
1500.0
1485.1553955078125
1454.462890625
1420.353515625
1384.1669921875
1349.6566162109375
1317.5328369140625
1290.2008056640625
1268.783203125
1248.8001708984375
1228.5657958984375
1207.574951171875
1187.0018310546875
1165.5120849609375
1143.9521484375
1122.776123046875
1100.6085205078125
1078.480224609375
1056.7403564453125
1034.390869140625
1011.96142578125
99.99993896484375
99.99989318847656
100.0
100.0
100.0
100.0
1500.0
1156.0068359375
970.7281494140625
906.7667846679688
875.1288452148438
851.0394897460938
826.1549072265625
799.0160522460938
770.5018310546875
743.4827270507812
716.8997802734375
692.3568725585938
673.7449951171875
660.1664428710938
645.9946899414062
632.2620849609375
619.58837890625
606.531982421875
593.018310546875
579.6502685546875
566.7422485351562
554.0364990234375
541.512451171875
529.1922607421875
517.130615234375
505.4237976074219
494.16021728515625
483.2879638671875
472.6754150390625
462.191650390625
451.8172607421875
441.55078125
431.42431640625
421.5322265625
411.9417724609375
402.692626953125
393.7265625
384.92352294921875
376.225341796875
367.6490478515625
359.2038269042969
350.930908203125
342.8422546386719
334.96429443359375
327.3230895996094
320.0408020019531
313.1933288574219
306.46929931640625
299.9130859375
293.5280456542969
287.3135681152344
281.2668762207031
275.3736877441406
269.6525573730469
