1499.999267578125
1500.0
1500.0
1500.0
1500.0
1500.0
1499.9998779296875
1500.0
1500.0
1500.0
1500.0
1499.9813232421875
1500.0
1500.0
1500.0
1500.0
1500.0
1500.0
1500.0
1500.0
1500.0
1500.0
1500.0
1500.0
1500.0
1500.0
1500.0
1500.0
1500.0
1500.0
1500.0
1500.0
100.0
100.0
100.0
100.0
100.0
100.0
100.0
1500.0
1500.0
1500.00146484375
1500.0
1500.0
1500.0
1500.0
1500.0
1500.0
1500.0
1500.0
1500.0
1500.0
1500.0
1500.0
1500.0
1500.0
1500.0
1500.0
1500.0
1500.0
1495.5235595703125
1431.752685546875
1374.311279296875
1349.69873046875
1319.72802734375
1267.60498046875
1217.387939453125
1168.885009765625
1121.8677978515625
1075.8565673828125
1031.0543212890625
988.2672119140625
947.31640625
908.1421508789062
870.403564453125
833.8973388671875
798.458740234375
765.0026245117188
737.9619750976562
713.9973754882812
691.473388671875
669.8780517578125
649.1390380859375
629.0904541015625
609.6978149414062
591.0311279296875
573.543701171875
557.4555053710938
542.7727661132812
529.1524047851562
516.4603881835938
504.742919921875
493.8760070800781
483.4841003417969
473.12945556640625
