1499.999755859375
1500.0
1500.0
1500.0
1500.0
1500.0
1500.0
1500.0
1500.0
1500.0
1500.0
1499.9393310546875
1500.0
1500.0
1500.0
1500.0
1500.0
1500.0
1500.0
1500.0
1500.0
1500.0
1500.0
1500.0
1500.0
1500.0
1500.0
1500.0
1500.0
1500.0
1500.0
1500.0
100.0
100.0
100.0
100.0
100.0
100.0
100.0
1500.0
1500.0
1500.0006103515625
1500.0
1500.0
1500.0
1500.0
1500.0
1500.0
1500.0
1500.0
1500.0
1500.0
1500.0
1500.0
1500.0
1500.0
1500.0
1480.6971435546875
1413.685546875
1351.346923828125
1291.4130859375
1233.3485107421875
1177.1297607421875
1152.72802734375
1122.7354736328125
1070.4063720703125
1020.181640625
971.9345092773438
925.780029296875
881.4589233398438
839.2830810546875
799.24951171875
761.1727905273438
724.44873046875
690.0196533203125
657.323486328125
624.7509765625
595.9453735351562
568.35888671875
541.8380737304688
517.0784912109375
493.77899169921875
471.8613586425781
451.1807861328125
431.5215148925781
413.01373291015625
395.6111145019531
379.08026123046875
363.4649963378906
348.7532043457031
334.8885192871094
321.79449462890625
309.4017639160156
297.6783447265625
286.541259765625
