1370.2474365234375
1174.892578125
1101.2081298828125
1058.9075927734375
1039.6507568359375
1000.36181640625
975.0900268554688
955.4744262695312
935.4768676757812
918.0291137695312
902.2325439453125
886.5811157226562
870.4974975585938
852.336669921875
832.3275146484375
808.013916015625
778.8614501953125
745.8175659179688
713.3927612304688
681.7857055664062
650.9160766601562
620.519775390625
590.56494140625
561.184814453125
532.3475952148438
503.60491943359375
476.4061279296875
451.26824951171875
427.8617858886719
416.6388854980469
405.4842834472656
383.2623291015625
361.35791015625
339.7698669433594
100.0
100.0
100.0
100.0
100.0
100.0
100.0
295.14031982421875
285.33526611328125
275.1542053222656
268.9261169433594
257.4445495605469
242.15574645996094
228.23818969726562
215.120361328125
202.70516967773438
190.55978393554688
182.5774383544922
178.7637939453125
167.8456573486328
157.6227569580078
148.1004638671875
139.2550811767578
135.03582763671875
130.965576171875
123.31510162353516
116.21773529052734
109.63943481445312
103.49246215820312
97.78749084472656
92.48912048339844
87.36436462402344
82.6052017211914
78.32554626464844
75.62272644042969
74.31011199951172
70.62220764160156
67.19277954101562
63.99378204345703
61.00481033325195
58.22515869140625
55.60768127441406
53.128456115722656
50.81497573852539
48.66563034057617
46.65919876098633
44.78020095825195
43.01839065551758
41.36166000366211
39.80030822753906
38.32753372192383
36.93740463256836
35.62992477416992
34.39923858642578
33.24052047729492
32.147621154785156
31.120586395263672
30.172422409057617
29.299196243286133
28.500118255615234
27.771806716918945
27.107254028320312
26.502737045288086
25.954465866088867
25.450223922729492
24.98084259033203
