1500.0
1500.0
1500.0
1500.0
1500.000244140625
1500.0
1500.0
1500.0
1499.9998779296875
1499.9998779296875
1499.9998779296875
1499.9998779296875
1483.0220947265625
1451.8077392578125
1417.3134765625
1380.6259765625
1346.0789794921875
1313.8826904296875
1286.45849609375
1264.6505126953125
1244.24560546875
1223.5047607421875
1201.5958251953125
1180.328125
1157.8956298828125
1136.2437744140625
1114.8638916015625
1092.3870849609375
1070.1566162109375
1048.13671875
1025.585693359375
1003.1661987304688
99.99994659423828
99.99971771240234
100.0
100.0
100.0
100.0
1500.0
1131.3780517578125
956.4752197265625
894.95556640625
863.8986206054688
839.39794921875
814.2333984375
786.1403198242188
758.594970703125
731.5780029296875
705.315673828125
681.8477783203125
667.1441650390625
653.1136474609375
639.0220336914062
626.1384887695312
613.250244140625
599.90869140625
586.2593383789062
573.1904296875
560.355712890625
547.7018432617188
535.2489624023438
523.0474243164062
511.146240234375
499.6644287109375
488.6177978515625
477.8661193847656
467.29949951171875
456.86749267578125
446.5572814941406
436.3942565917969
426.4381103515625
416.7790222167969
407.4491271972656
398.38592529296875
389.5145568847656
380.758056640625
372.105712890625
363.5829772949219
355.22027587890625
347.0438537597656
339.0821228027344
331.3390808105469
323.8150329589844
316.6943359375
309.87017822265625
303.197265625
296.6923522949219
290.35662841796875
284.1828308105469
278.1667175292969
272.3385314941406
266.67510986328125
