1499.9998779296875
1500.0
1500.0
1500.0
1500.000732421875
1500.0
1500.0
1500.0
1500.0
1500.0
1500.0
1500.0
1500.0
1500.0
1500.0
1500.0
1500.0
1500.0
1500.0
1500.0
1500.0
1500.0
1499.9993896484375
1500.0
1500.0
1500.0
1500.0
1500.0
1500.0
1500.0
1500.0
1500.0
100.0
100.0
100.0
100.0
100.0
100.0
1500.0
1500.0
1500.0
1500.0
1500.0
1500.0
1500.0
1500.0
1500.0
1500.0
1500.0
1500.0
1500.0
1500.0
1500.0
1500.0
1500.0
1500.0
1500.0
1500.0
1500.0
1500.0
1500.0
1500.0
1500.0
1500.0
1500.0
1500.0
1500.0
1500.0
1500.0
1500.0
1500.0
1500.0
1500.0
1500.0
1465.4083251953125
1425.16796875
1386.102783203125
1347.6514892578125
1309.8980712890625
1273.0635986328125
1237.2369384765625
1202.3544921875
1168.312744140625
1135.148681640625
1102.8233642578125
1071.2802734375
1040.525390625
1010.591796875
981.451171875
953.1719360351562
925.8347778320312
899.4430541992188
873.9573364257812
