1499.99853515625
1500.0
1500.0
1500.0
1500.0
1500.0
1500.0
1500.0
1500.0
1500.0
1500.0
1500.0
1500.0
1500.0
1500.0
1500.0
1500.0
1500.0
1500.0
1500.0
1500.0
1500.0
1500.0
1500.0
1500.0
1500.0
1500.0
1500.0
1500.0
1500.0
1500.0
1500.0
100.0
100.0
100.0
100.0
100.0
100.0
1500.0
1500.0
1500.0
1500.0
1500.0
1500.0
1500.0
1500.0
1500.0
1500.0
1500.0
1500.0
1500.0
1500.0
1500.0
1500.0
1500.0
1500.0
1500.0
1500.0
1500.0
1500.0
1500.0
1444.9398193359375
1384.51416015625
1329.69091796875
1277.076904296875
1224.6123046875
1174.121337890625
1125.92626953125
1079.123779296875
1032.8873291015625
986.4204711914062
939.8275146484375
898.6339721679688
865.183837890625
836.2796630859375
810.1717529296875
785.8954467773438
762.7490234375
740.432373046875
718.9971313476562
698.7688598632812
679.4475708007812
661.2506713867188
644.7164306640625
629.990234375
616.521728515625
603.9327392578125
591.6622924804688
579.4131469726562
567.0106811523438
554.1318969726562
540.802490234375
