1500.0
1312.09912109375
1109.4337158203125
1046.06396484375
1023.2802124023438
1009.2236328125
997.202392578125
985.1539916992188
973.8217163085938
962.6118774414062
951.4024658203125
940.5283203125
930.3696899414062
920.8904418945312
912.1356811523438
903.7592163085938
895.426513671875
887.1646728515625
878.898193359375
870.6008911132812
862.18359375
853.3946533203125
844.1883544921875
834.42333984375
823.6758422851562
811.5335693359375
797.943359375
783.0132446289062
766.925048828125
749.9125366210938
732.9387817382812
716.1796264648438
100.0
100.0
100.0
100.0
100.0
100.0
776.97802734375
688.8939208984375
649.5310668945312
628.5782470703125
613.7216186523438
600.9671020507812
588.6895751953125
576.2687377929688
563.552001953125
550.49609375
537.1187133789062
523.4984741210938
509.5906677246094
495.7256774902344
481.9021911621094
468.0858154296875
454.4717712402344
441.2359313964844
428.5710754394531
415.8966979980469
402.9981994628906
389.9483947753906
376.8757629394531
363.9783935546875
351.3381652832031
338.9814758300781
326.8638610839844
314.96820068359375
303.3351135253906
292.0067138671875
280.9928283691406
270.3246154785156
260.0307312011719
250.1815185546875
240.83604431152344
231.8347625732422
223.1193389892578
214.36582946777344
206.0647735595703
198.08535766601562
190.41944885253906
183.06985473632812
175.90841674804688
168.8582000732422
162.23619079589844
155.9177703857422
149.8828582763672
144.12115478515625
138.62742614746094
133.37710571289062
128.34605407714844
123.52159881591797
118.89579772949219
114.47249603271484
