1500.0245361328125
1500.0
1499.9998779296875
1500.0
1500.0
1500.0
1500.0
1500.0
1500.0
1500.0
1500.0
1500.0
1500.0
1500.0
1500.0
1500.0
1500.0
1500.0
1500.0
1500.0
1500.0
1488.3311767578125
1474.1959228515625
1458.7977294921875
1441.691650390625
1423.05322265625
1403.1505126953125
1382.01708984375
1359.470458984375
1335.6197509765625
1310.4998779296875
1284.2933349609375
99.99999237060547
100.0
100.0
100.0
100.0
100.0
1500.001708984375
1462.854736328125
1325.3450927734375
1248.7261962890625
1195.70263671875
1152.5916748046875
1114.9010009765625
1080.214111328125
1047.1715087890625
1014.9310302734375
983.3854370117188
952.523193359375
922.1583862304688
891.920654296875
861.5470581054688
831.1885375976562
800.8292846679688
770.8502807617188
741.6278686523438
712.9984741210938
685.174072265625
657.529296875
630.9794311523438
602.8867797851562
577.2136840820312
553.7507934570312
531.775634765625
511.5065612792969
492.6669616699219
474.66595458984375
457.6103210449219
441.38751220703125
425.76605224609375
410.62677001953125
396.0514221191406
382.22698974609375
369.2249450683594
356.9715576171875
345.2952880859375
334.1932373046875
324.0614318847656
314.9026794433594
306.5251770019531
298.7062072753906
291.21923828125
283.9273986816406
276.75408935546875
269.7118835449219
262.94879150390625
256.5811462402344
250.60726928710938
244.9542694091797
239.51817321777344
234.2108154296875
