2063.832275390625
2019.9588623046875
2005.923828125
2104.0458984375
2073.275390625
2053.83984375
2042.5550537109375
2033.5430908203125
2029.947509765625
2036.2366943359375
2052.960693359375
2073.491455078125
2090.777099609375
2108.119140625
2137.599609375
2179.85009765625
2221.517822265625
2262.686767578125
2311.321533203125
2375.679443359375
2462.337646484375
2568.505859375
2685.8466796875
2811.596923828125
2945.475830078125
3085.56005859375
3229.3779296875
3375.3798828125
3520.46044921875
3670.467529296875
3827.095458984375
3991.817626953125
113.77124786376953
116.01709747314453
117.06229400634766
117.60372924804688
117.95683288574219
121.95588684082031
3143.8251953125
3196.284423828125
3266.675048828125
3506.116455078125
3810.434814453125
4193.24462890625
4619.9921875
5045.255859375
4949.3212890625
4847.23046875
4739.8505859375
4622.2001953125
4494.79052734375
4359.21630859375
4218.703125
4082.28955078125
3969.031494140625
3845.99853515625
3693.875
3529.685302734375
3364.584228515625
3202.152587890625
3042.815673828125
2883.6396484375
2720.258056640625
2638.99560546875
2557.8017578125
2399.497802734375
2248.45751953125
2107.394287109375
1980.490966796875
1866.4188232421875
1745.8336181640625
1618.6065673828125
1520.6134033203125
1418.3551025390625
1314.7120361328125
1216.1304931640625
1146.1632080078125
1085.149658203125
1029.2802734375
976.294189453125
930.8739624023438
900.6463012695312
875.505859375
854.3385620117188
835.1512451171875
816.5650024414062
798.3920288085938
781.4570922851562
765.4987182617188
750.1021728515625
735.0966186523438
720.1004638671875
704.7510986328125
689.3636474609375
