0.5009753108024597
0.6464014053344727
0.9859617352485657
1.0020183324813843
1.0076707601547241
1.0168269872665405
1.0292502641677856
1.0429749488830566
1.0567376613616943
1.069328784942627
1.0816738605499268
1.0917519330978394
1.1032992601394653
1.1176602840423584
1.1354026794433594
1.148303508758545
1.1622346639633179
1.1787521839141846
1.1937761306762695
1.2114965915679932
1.2310470342636108
1.2490700483322144
1.2681134939193726
1.2893930673599243
1.3150660991668701
1.342923641204834
1.3782148361206055
1.423233151435852
1.478256344795227
1.5436075925827026
1.6159089803695679
1.7062500715255737
0.03353853151202202
0.03382932022213936
0.03523126617074013
0.03508441522717476
0.03493337705731392
0.03484980762004852
1.192997694015503
1.373801827430725
1.7138985395431519
2.0944128036499023
2.1078991889953613
2.1048476696014404
2.1060361862182617
2.109994411468506
2.115910291671753
2.1226401329040527
2.0961241722106934
2.072056293487549
2.865731716156006
3.6234192848205566
3.855961561203003
4.310650825500488
4.8473711013793945
5.803800106048584
6.6811933517456055
7.272202014923096
8.66515064239502
10.44717788696289
11.989562034606934
13.31737232208252
14.781136512756348
16.28264808654785
17.784971237182617
19.280908584594727
20.912965774536133
22.714021682739258
24.603899002075195
26.5205020904541
28.439838409423828
30.332639694213867
32.25164794921875
34.142208099365234
36.00697708129883
37.824851989746094
39.594913482666016
41.435447692871094
43.204864501953125
44.92665481567383
46.648014068603516
48.304107666015625
49.876956939697266
51.33552551269531
52.73015213012695
54.13667678833008
55.57585906982422
57.0393180847168
58.49230194091797
59.8743896484375
61.136985778808594
62.29092025756836
