0.007913787849247456
0.00864229816943407
0.009692312218248844
0.010694592259824276
0.011431282386183739
0.011577300727367401
0.011660674586892128
0.011732134036719799
0.011800517328083515
0.01187346875667572
0.011951582506299019
0.012049112468957901
0.012162404134869576
0.012270479463040829
0.012374169193208218
0.012483893893659115
0.01259400974959135
0.01271806564182043
0.012879127636551857
0.01308455690741539
0.013325177133083344
0.01359302643686533
0.013883186504244804
0.014192980714142323
0.014519095420837402
0.014831120148301125
0.015119736082851887
0.015421182848513126
0.015734022483229637
0.01605934090912342
0.016397368162870407
0.016754740849137306
0.0009543787455186248
0.0009398542460985482
0.000945888867136091
0.000954435090534389
0.0009618730400688946
0.0009674378088675439
0.016834471374750137
0.017453882843255997
0.017791492864489555
0.01804671436548233
0.018313303589820862
0.018627936020493507
0.01899801939725876
0.01942525990307331
0.019911939278244972
0.020441751927137375
0.02101987600326538
0.021552326157689095
0.022051628679037094
0.02256980538368225
0.023112546652555466
0.02367943525314331
0.024264341220259666
0.024859584867954254
0.025474952533841133
0.02610299549996853
0.026740852743387222
0.027383560314774513
0.02802804484963417
0.028682827949523926
0.029348785057663918
0.030024923384189606
0.030708758160471916
0.031396713107824326
0.03208864480257034
0.03278198465704918
0.03347763046622276
0.034207284450531006
0.034934960305690765
0.03568422794342041
0.03641979396343231
0.037142883986234665
0.03785555437207222
0.03779178112745285
0.03651086613535881
0.03535207733511925
0.03425293043255806
0.033194076269865036
0.03217069432139397
0.03118208982050419
0.03022683784365654
0.029304921627044678
0.028414390981197357
0.027556240558624268
0.026729518547654152
0.025933317840099335
0.025170395150780678
0.024444622918963432
0.02375330775976181
0.023093940690159798
