19.07436180114746
18.389211654663086
16.17957878112793
13.668209075927734
12.011606216430664
10.97422981262207
10.3117094039917
9.898124694824219
9.656623840332031
9.546819686889648
9.520767211914062
9.540091514587402
9.60936450958252
9.7183198928833
9.866728782653809
10.054810523986816
10.30791187286377
10.672344207763672
11.14534854888916
11.813018798828125
12.65505313873291
13.631667137145996
14.727511405944824
15.905546188354492
17.126426696777344
18.364879608154297
19.607990264892578
20.87128448486328
22.19106101989746
23.51113510131836
24.78243064880371
26.062368392944336
6.617149353027344
5.577805519104004
5.234796047210693
5.234915256500244
5.360766410827637
5.5310258865356445
37.68871307373047
37.60422897338867
37.150081634521484
38.3272819519043
39.76306915283203
41.206790924072266
42.57108688354492
43.893821716308594
45.234867095947266
46.61720657348633
48.02412414550781
49.45146942138672
50.8959846496582
52.406333923339844
53.968448638916016
55.489654541015625
56.965572357177734
58.40447998046875
59.78075408935547
61.051307678222656
62.27402114868164
63.482051849365234
64.5448989868164
65.41429901123047
66.07987213134766
66.54859161376953
66.85594177246094
67.05168151855469
67.1342544555664
67.15386962890625
67.15586853027344
67.1496810913086
67.17414093017578
67.23487091064453
67.27445220947266
67.3016357421875
67.31871032714844
67.3057861328125
67.20442962646484
67.09226989746094
66.95902252197266
66.79969787597656
66.61608123779297
66.53112030029297
66.4268798828125
66.19719696044922
65.96534729003906
65.72057342529297
65.466552734375
65.20996856689453
64.9589614868164
64.72149658203125
64.49469757080078
64.27729034423828
64.0708236694336
