0.022256655618548393
0.02794513665139675
0.03054221346974373
0.030721021816134453
0.030661122873425484
0.03066646121442318
0.030737711116671562
0.030840564519166946
0.030970456078648567
0.031145665794610977
0.03133872151374817
0.031533751636743546
0.03170552849769592
0.031860630959272385
0.0320248156785965
0.03220180794596672
0.032388828694820404
0.03258759528398514
0.03279818221926689
0.03301461413502693
0.033232431858778
0.03347785770893097
0.03376857936382294
0.03412904590368271
0.03457312285900116
0.03510250151157379
0.03571207821369171
0.036387328058481216
0.03711492940783501
0.03787950053811073
0.03867881000041962
0.03952305391430855
0.0019072993891313672
0.001430360134691
0.0013908485416322947
0.0013950952561572194
0.0014018365181982517
0.00140949001070112
0.03427598625421524
0.04005191847681999
0.041752271354198456
0.04079797491431236
0.04020906984806061
0.03972392901778221
0.039257265627384186
0.03877899423241615
0.03828372433781624
0.037727728486061096
0.03704442083835602
0.036362823098897934
0.0356716625392437
0.034969743341207504
0.03425924852490425
0.03355937451124191
0.03287633880972862
0.03217221796512604
0.03146984800696373
0.03076423518359661
0.03005168028175831
0.029337186366319656
0.02861630544066429
0.02789590321481228
0.027179110795259476
0.026467276737093925
0.025760972872376442
0.025064313784241676
0.024378592148423195
0.02370208315551281
0.023036345839500427
0.022381363436579704
0.02173713780939579
0.02110479399561882
0.020486894994974136
0.019882841035723686
0.01929299719631672
0.018716344609856606
0.018148085102438927
0.01759122870862484
0.017048213630914688
0.016529060900211334
0.016027020290493965
0.01578250154852867
0.015543404966592789
0.015084544196724892
0.014646551571786404
0.014229035004973412
0.013828780502080917
0.013442695140838623
0.01306913048028946
0.012704042717814445
0.012344987131655216
0.0119983134791255
0.01167384721338749
