0.11138685792684555
0.12075988948345184
0.13500626385211945
0.14761541783809662
0.1499699056148529
0.15058761835098267
0.15143907070159912
0.152114599943161
0.15269862115383148
0.15333156287670135
0.15396912395954132
0.15461504459381104
0.15533018112182617
0.15631651878356934
0.15712790191173553
0.15781959891319275
0.15851229429244995
0.15916480123996735
0.15979556739330292
0.16050347685813904
0.16129960119724274
0.1622108519077301
0.1632978767156601
0.16456128656864166
0.16594526171684265
0.16752147674560547
0.16933539509773254
0.17138463258743286
0.17375417053699493
0.17635515332221985
0.1791801154613495
0.18227830529212952
0.010687035508453846
0.009564860723912716
0.009030628949403763
0.008723177947103977
0.008531687781214714
0.008401053957641125
0.16188684105873108
0.17476269602775574
0.1811002939939499
0.18593084812164307
0.19072385132312775
0.19583013653755188
0.20130018889904022
0.20848089456558228
0.21832658350467682
0.22813399136066437
0.23851007223129272
0.24896050989627838
0.2596227824687958
0.2718510031700134
0.26844513416290283
0.2631133198738098
0.2578469216823578
0.25247716903686523
0.24709567427635193
0.24168843030929565
0.23623818159103394
0.23072916269302368
0.22518019378185272
0.21970157325267792
0.21416009962558746
0.20835581421852112
0.2026483118534088
0.19701503217220306
0.19151756167411804
0.18610838055610657
0.18076887726783752
0.1755538135766983
0.17036068439483643
0.1652931421995163
0.16031670570373535
0.15541145205497742
0.15059341490268707
0.14598318934440613
0.14150981605052948
0.1385456770658493
0.13706471025943756
0.13253821432590485
0.1280556321144104
0.1235760971903801
0.11944495886564255
0.11577051877975464
0.1124371588230133
0.10935628414154053
0.10647600144147873
0.10374719649553299
0.10120432078838348
0.09886310994625092
0.09676460921764374
0.09481990337371826
0.09297636896371841
