0.11486419290304184
0.12631167471408844
0.14451371133327484
0.14939464628696442
0.15034723281860352
0.1513284146785736
0.15200935304164886
0.15262486040592194
0.15324680507183075
0.15384992957115173
0.15447303652763367
0.1551264077425003
0.1557532399892807
0.1562972217798233
0.15675589442253113
0.15722544491291046
0.157797709107399
0.15829360485076904
0.15877681970596313
0.1593519151210785
0.16001060605049133
0.16069866716861725
0.1614241898059845
0.16214294731616974
0.16282296180725098
0.16356758773326874
0.16449710726737976
0.1655573546886444
0.16684502363204956
0.16837038099765778
0.1701379269361496
0.17209547758102417
0.00877214502543211
0.008143892511725426
0.007920516654849052
0.007791596464812756
0.007773812394589186
0.0077673448249697685
0.1549302190542221
0.16351154446601868
0.17090502381324768
0.17662541568279266
0.1815023273229599
0.18610592186450958
0.1906789392232895
0.19528403878211975
0.20003432035446167
0.20505288243293762
0.2128303200006485
0.22143499553203583
0.23080991208553314
0.24032758176326752
0.24998007714748383
0.2595090866088867
0.2704787850379944
0.26591038703918457
0.2612372040748596
0.2567223310470581
0.2520540654659271
0.24733497202396393
0.24255067110061646
0.23771333694458008
0.23287604749202728
0.22801737487316132
0.22310392558574677
0.2181357443332672
0.21312759816646576
0.20796571671962738
0.20262762904167175
0.19753898680210114
0.19254636764526367
0.18759353458881378
0.182786762714386
0.17809179425239563
0.1734854280948639
0.16897845268249512
0.16456787288188934
0.16024573147296906
0.15596547722816467
0.15172791481018066
0.1476973295211792
0.14381128549575806
0.14001300930976868
0.13632231950759888
0.13268400728702545
0.12907199561595917
0.1254468709230423
0.12184948474168777
0.11839322000741959
0.11499498039484024
0.11186036467552185
0.10898147523403168
