0.03575213626027107
0.0371096134185791
0.03876180574297905
0.03959537297487259
0.03979310765862465
0.040037792176008224
0.04013334959745407
0.04019969701766968
0.040433529764413834
0.04054788127541542
0.04064302518963814
0.04077479615807533
0.040787894278764725
0.04046919569373131
0.040144309401512146
0.03983147069811821
0.0395258292555809
0.0392274484038353
0.03894438222050667
0.03867485374212265
0.038414377719163895
0.038161247968673706
0.037912700325250626
0.03767045587301254
0.037435758858919144
0.03720592334866524
0.03697523847222328
0.03673871234059334
0.03649810329079628
0.03625509887933731
0.0360083170235157
0.03575877100229263
0.03550585359334946
0.035247426480054855
0.034982919692993164
0.002095206640660763
0.001993493875488639
0.00196349760517478
0.0019627276342362165
0.001957359490916133
0.0019529189448803663
0.0019496033200994134
0.03616639971733093
0.037374384701251984
0.037247251719236374
0.03704563155770302
0.036299265921115875
0.03563652187585831
0.03469078987836838
0.034173525869846344
0.03384140878915787
0.03358440101146698
0.03335367888212204
0.03312952071428299
0.03290518745779991
0.0326777845621109
0.032446809113025665
0.03221290186047554
0.031976256519556046
0.031737178564071655
0.03149561583995819
0.031252700835466385
0.031008927151560783
0.030765121802687645
0.030522065237164497
0.030279599130153656
0.030036581680178642
0.029795940965414047
0.02955840528011322
0.029323115944862366
0.029089121147990227
0.028854575008153915
0.028616346418857574
0.028378324583172798
0.0281401127576828
0.027901221066713333
0.027660859748721123
0.027420254424214363
0.027182122692465782
0.02694714069366455
0.026714487001299858
0.02648395299911499
0.026254912838339806
0.02602643519639969
0.0257977694272995
0.025566769763827324
0.02533426694571972
0.025103744119405746
0.0248757004737854
0.024649912491440773
0.02442670799791813
0.02420610934495926
0.023988572880625725
0.023774204775691032
0.02355964109301567
0.023340636864304543
0.023122675716876984
0.022905679419636726
0.02269100956618786
