0.4726898968219757
0.4955386519432068
0.5739834904670715
0.6833420991897583
0.9581477642059326
0.9886355996131897
0.9919482469558716
0.9984871745109558
1.0062229633331299
1.0164457559585571
1.029934287071228
1.0430498123168945
1.057201623916626
1.0678845643997192
1.0821533203125
1.0957175493240356
1.1070835590362549
1.118685007095337
1.130381464958191
1.1419435739517212
1.157644271850586
1.1737457513809204
1.1911686658859253
1.209987759590149
1.2322893142700195
1.2569994926452637
1.2801811695098877
1.309869408607483
1.3419811725616455
1.3799328804016113
1.4298368692398071
1.4946013689041138
1.5736349821090698
0.03270190954208374
0.032720185816287994
0.03266207128763199
0.03261798247694969
0.0325813889503479
0.032550305128097534
0.5140408277511597
1.0800501108169556
1.4599426984786987
1.7499892711639404
1.7792083024978638
1.7426996231079102
1.7128949165344238
1.6871610879898071
1.6640613079071045
1.6421470642089844
1.6210087537765503
1.600291132926941
1.594976544380188
1.596574068069458
1.59383225440979
1.5840095281600952
1.572838306427002
1.5619527101516724
1.5520669221878052
1.5443511009216309
1.5398019552230835
2.9918301105499268
6.984933853149414
9.512552261352539
11.278454780578613
12.6506986618042
13.83220100402832
14.930402755737305
16.019668579101562
17.120832443237305
18.23713493347168
19.404712677001953
20.87527847290039
23.26557159423828
26.011669158935547
28.832319259643555
31.58709144592285
34.240238189697266
36.79886245727539
39.281654357910156
41.82365798950195
44.378868103027344
46.75951385498047
49.10230255126953
51.400245666503906
53.62385177612305
55.76776885986328
57.81914520263672
59.7607307434082
61.58559799194336
63.31418228149414
64.92389678955078
66.4028091430664
67.75870513916016
