7.266190528869629
8.707380294799805
10.669584274291992
12.504549026489258
16.822799682617188
18.432512283325195
18.76404571533203
18.939266204833984
19.510610580444336
20.133541107177734
19.855852127075195
19.143648147583008
18.6279239654541
18.447769165039062
18.458879470825195
18.20325469970703
17.940364837646484
17.817113876342773
17.814559936523438
17.949796676635742
18.26713752746582
18.747228622436523
19.33188819885254
20.024723052978516
20.86211585998535
21.90182876586914
23.1614933013916
24.68040657043457
26.37721824645996
28.216283798217773
30.313020706176758
32.608848571777344
34.8565559387207
0.18684831261634827
0.2102288156747818
0.15199033915996552
0.12883856892585754
0.12190073728561401
0.12140682339668274
5.325082302093506
8.382915496826172
14.546666145324707
39.86856460571289
66.04800415039062
76.44890594482422
82.905517578125
87.31285858154297
89.59850311279297
94.57246398925781
101.23108673095703
108.72832489013672
117.18452453613281
125.71536254882812
134.2035675048828
142.69442749023438
151.4908905029297
160.14303588867188
168.65982055664062
176.9911651611328
185.2782745361328
193.34207153320312
200.9874267578125
208.2677764892578
215.54092407226562
222.28404235839844
228.6459503173828
234.8540496826172
240.94955444335938
246.7828826904297
252.34400939941406
257.7014465332031
262.8421325683594
267.85235595703125
272.44879150390625
276.6058349609375
280.1524963378906
283.0924072265625
285.5742492675781
287.75885009765625
289.9071350097656
291.84765625
293.6277770996094
295.2160949707031
296.62567138671875
297.84893798828125
298.8067626953125
299.4402770996094
299.7615051269531
299.783935546875
299.4925842285156
298.9619445800781
298.2723083496094
297.5367736816406
