0.02297491393983364
0.02584555558860302
0.028143251314759254
0.02919904515147209
0.030495787039399147
0.031158121302723885
0.031442321836948395
0.031712841242551804
0.03195533901453018
0.032126929610967636
0.032242778688669205
0.03234342113137245
0.03242876008152962
0.03251488134264946
0.03259718790650368
0.0326852947473526
0.032787032425403595
0.03288959711790085
0.03299270570278168
0.03310776501893997
0.033247705549001694
0.033436618745326996
0.03369918465614319
0.03405240178108215
0.03448205068707466
0.03497150540351868
0.03551724925637245
0.03611557185649872
0.03677314519882202
0.03747853636741638
0.038222864270210266
0.03900647535920143
0.03984013572335243
0.002288676332682371
0.0021548860240727663
0.002134553389623761
0.0021430000197142363
0.0021604702342301607
0.002178146969527006
0.03858618065714836
0.04094115272164345
0.04228750616312027
0.04326151683926582
0.04418999329209328
0.04525525122880936
0.046476297080516815
0.04786476120352745
0.04917517304420471
0.0504634752869606
0.051820870488882065
0.05322165787220001
0.05468728393316269
0.05609966441988945
0.05632692947983742
0.05487968772649765
0.053520895540714264
0.05219827964901924
0.05089613422751427
0.04960288852453232
0.04831850901246071
0.04704892635345459
0.045817457139492035
0.04461129754781723
0.04342030733823776
0.04222799837589264
0.041049398481845856
0.03989241272211075
0.03879770264029503
0.037706609815359116
0.03662506118416786
0.0355534553527832
0.034517694264650345
0.03352293372154236
0.03257221356034279
0.03167092055082321
0.030801832675933838
0.02995634824037552
0.029134007170796394
0.028333716094493866
0.027554692700505257
0.026798272505402565
0.026065101847052574
0.0253553818911314
0.02466907724738121
0.024005549028515816
0.023362254723906517
0.022742291912436485
0.02214640937745571
0.021572701632976532
0.021019352599978447
0.020485473796725273
0.019969329237937927
0.01947087049484253
