0.02264511026442051
0.027179181575775146
0.0294793788343668
0.03037060797214508
0.03085407055914402
0.03098984993994236
0.030989591032266617
0.031020935624837875
0.031095296144485474
0.031242435798048973
0.03142368793487549
0.03165855631232262
0.031935758888721466
0.0322144515812397
0.03247865289449692
0.032736703753471375
0.03298819810152054
0.03324269503355026
0.033508557826280594
0.03378847986459732
0.03409452736377716
0.03445226699113846
0.034870751202106476
0.035349782556295395
0.03588185831904411
0.036463070660829544
0.03709619119763374
0.03778320178389549
0.03851647302508354
0.039303939789533615
0.040151458233594894
0.0410672202706337
0.001994234276935458
0.0015778681263327599
0.0015150645049288869
0.0014567880425602198
0.001427407143637538
0.0014257392613217235
0.03431009501218796
0.03929005190730095
0.04182413965463638
0.041135359555482864
0.040298301726579666
0.039664532989263535
0.039119210094213486
0.038604337722063065
0.038084372878074646
0.03743729367852211
0.036795493215322495
0.03613954037427902
0.03546593338251114
0.03477631136775017
0.03409474715590477
0.033438339829444885
0.03274743631482124
0.032048389315605164
0.03134773299098015
0.030638165771961212
0.02991938591003418
0.02920365333557129
0.028474710881710052
0.027736449614167213
0.02699359878897667
0.026252320036292076
0.025516444817185402
0.02478746511042118
0.024065986275672913
0.023352812975645065
0.022648805752396584
0.021950354799628258
0.021255716681480408
0.020583849400281906
0.019925687462091446
0.019266577437520027
0.018614932894706726
0.017983868718147278
0.017373939976096153
0.016775034368038177
0.01620657369494438
0.01566895842552185
0.015155695378780365
0.014660981483757496
0.014182278886437416
0.013719400390982628
0.013273324817419052
0.012846791185438633
0.012442938052117825
0.01206230465322733
0.011702453717589378
0.011361758224666119
0.011039912700653076
0.01073373481631279
