0.007301887962967157
0.007119272369891405
0.006802172400057316
0.006617556791752577
0.006319991312921047
0.006132522597908974
0.005998412147164345
0.005915491841733456
0.00585321057587862
0.005802955944091082
0.005760577041655779
0.005721712950617075
0.005684494972229004
0.005647922400385141
0.005612013395875692
0.005576941184699535
0.005542171187698841
0.005508327390998602
0.005475482437759638
0.005445148330181837
0.005417208652943373
0.005390822887420654
0.005365271586924791
0.0053406343795359135
0.005318124778568745
0.005297626834362745
0.0052782632410526276
0.005259273573756218
0.00523997051641345
0.005219884216785431
0.005198769737035036
0.005175007041543722
0.005148451775312424
0.0006519368616864085
0.0005957519169896841
0.0005854294868186116
0.0005889025633223355
0.0005995058454573154
0.0006153854192234576
0.005446286406368017
0.005366438999772072
0.005208576563745737
0.005100708454847336
0.005024826619774103
0.004969116300344467
0.004925373941659927
0.004888047929853201
0.004853592719882727
0.004820122383534908
0.004786206874996424
0.00475095771253109
0.004714236594736576
0.004676231648772955
0.004637612495571375
0.004597791470587254
0.004549791105091572
0.004501258488744497
0.004449581261724234
0.0043968441896140575
0.004342686850577593
0.004286561626940966
0.004229994956403971
0.004172781948000193
0.004114906303584576
0.004056362900882959
0.003997099585831165
0.003937369212508202
0.0038772777188569307
0.003816915675997734
0.0037564209196716547
0.0036957496777176857
0.0036348553840070963
0.003573920112103224
0.0035129564348608255
0.0034522328060120344
0.003391966689378023
0.0033321180380880833
0.0032724265474826097
0.0032128123566508293
0.003153343452140689
0.003094099462032318
0.0030350745655596256
0.002976425690576434
0.002918361686170101
0.002860891865566373
0.0028041137848049402
0.0027481240686029196
0.0026929788291454315
0.0026386401150375605
0.0025851267855614424
0.0025324872694909573
0.002480891300365329
0.00243034097366035
