7.315169334411621
8.874536514282227
11.029556274414062
13.210602760314941
18.007667541503906
20.09501075744629
20.564403533935547
21.309492111206055
21.962196350097656
21.508182525634766
20.671890258789062
20.13454818725586
19.95699691772461
19.562206268310547
19.142221450805664
18.88597297668457
18.796215057373047
18.878984451293945
19.136621475219727
19.516464233398438
19.999427795410156
20.590410232543945
21.311420440673828
22.18488883972168
23.2170467376709
24.433443069458008
25.611202239990234
26.68349266052246
27.70679473876953
28.6763916015625
29.549768447875977
30.476943969726562
31.6763973236084
0.213857039809227
0.14692579209804535
0.09673190116882324
0.08179979771375656
0.07699402421712875
0.07767567038536072
3.3815860748291016
5.809679985046387
8.790037155151367
17.82159996032715
42.153785705566406
56.94646453857422
62.274879455566406
63.7647819519043
59.61573028564453
58.337623596191406
58.256690979003906
58.367042541503906
59.74515151977539
61.58475112915039
63.897682189941406
66.62078094482422
69.68002319335938
73.11885833740234
76.81864929199219
80.67902374267578
84.62459564208984
88.64930725097656
92.74964141845703
96.95167541503906
101.44962310791016
105.94430541992188
110.3172378540039
114.58972930908203
118.77839660644531
122.98641204833984
127.18496704101562
131.17059326171875
135.00758361816406
138.74476623535156
142.41339111328125
146.04788208007812
149.66770935058594
153.20236206054688
156.57723999023438
159.7767791748047
162.7331085205078
165.45933532714844
167.95797729492188
170.2281036376953
172.48326110839844
174.63331604003906
176.61782836914062
178.4830322265625
180.2525634765625
181.90438842773438
183.416259765625
184.759033203125
185.92501831054688
186.97080993652344
187.86376953125
