0.11857963353395462
0.13629044592380524
0.14886614680290222
0.15285171568393707
0.15553230047225952
0.15709492564201355
0.15839284658432007
0.15951363742351532
0.16049909591674805
0.16159582138061523
0.16256345808506012
0.16339322924613953
0.16434885561466217
0.1657537817955017
0.16717039048671722
0.16843168437480927
0.16964992880821228
0.1709745228290558
0.1725008189678192
0.17424297332763672
0.17634761333465576
0.17896325886249542
0.18214470148086548
0.18581345677375793
0.18987929821014404
0.1942506581544876
0.19907820224761963
0.2045971006155014
0.21105575561523438
0.22250469028949738
0.2367722988128662
0.25409072637557983
0.2548673748970032
0.014735587872564793
0.01132157165557146
0.010224354453384876
0.010002851486206055
0.00987641979008913
0.009790805168449879
0.20015688240528107
0.23054398596286774
0.25599205493927
0.25266265869140625
0.24274253845214844
0.2345120757818222
0.22741851210594177
0.2208903282880783
0.21458183228969574
0.2082979381084442
0.20163843035697937
0.19463180005550385
0.18761640787124634
0.18084843456745148
0.1743239462375641
0.1680324524641037
0.16193445026874542
0.1560109257698059
0.15033003687858582
0.14487190544605255
0.13959941267967224
0.13449276983737946
0.13198071718215942
0.1294844001531601
0.12460021674633026
0.11994900554418564
0.11604510247707367
0.11251001805067062
0.10926420986652374
0.10630819201469421
0.10357176512479782
0.1010102778673172
0.09859726577997208
0.09631702303886414
0.09416437149047852
0.09215278923511505
0.0902545228600502
0.08846186846494675
0.08677491545677185
0.08518769592046738
0.08365272730588913
0.08213971555233002
0.08066429942846298
0.07922408729791641
0.07780082523822784
0.07638246566057205
0.07497726380825043
0.07358827441930771
0.07221627980470657
0.07090844959020615
0.06968694180250168
0.06857717782258987
0.06753253191709518
0.06655675172805786
0.0656668096780777
0.06482541561126709
