0.008444408886134624
0.009733826853334904
0.011328088119626045
0.01142981555312872
0.011534640565514565
0.011588584631681442
0.011670463718473911
0.011744814924895763
0.011812303215265274
0.011868865229189396
0.011959549970924854
0.012045198120176792
0.0121254101395607
0.012229502201080322
0.012330090627074242
0.01243278756737709
0.012552181258797646
0.012744949199259281
0.0129904355853796
0.013287356123328209
0.013635650277137756
0.014034065417945385
0.014475198462605476
0.0149092311039567
0.015326046384871006
0.01576363295316696
0.01621980033814907
0.016696438193321228
0.01720285601913929
0.01772918365895748
0.01828564889729023
0.018879752606153488
0.019492488354444504
0.02011542208492756
0.001150888972915709
0.001150888274423778
0.0011507382150739431
0.001149092917330563
0.0011499220272526145
0.0011526005109772086
0.0011560515267774463
0.021010326221585274
0.021457495167851448
0.02168925292789936
0.021998245269060135
0.022257758304476738
0.022557705640792847
0.022913778200745583
0.023337017744779587
0.023837950080633163
0.024392710998654366
0.02498270943760872
0.025599559769034386
0.026244409382343292
0.026914194226264954
0.02760949917137623
0.028325499966740608
0.02906009927392006
0.029801329597830772
0.030550139024853706
0.031302377581596375
0.03205720707774162
0.032829929143190384
0.03365015611052513
0.03449263796210289
0.035347387194633484
0.03620652109384537
0.037089355289936066
0.037258826196193695
0.03590696305036545
0.0346299447119236
0.03340652585029602
0.032231058925390244
0.031091950833797455
0.03000289760529995
0.028956053778529167
0.027959860861301422
0.02704150788486004
0.02617195062339306
0.02533184550702572
0.024526692926883698
0.02375578135251999
0.02301708236336708
0.02230701595544815
0.02162286639213562
0.020966002717614174
0.020333608612418175
0.01972566731274128
0.01913977600634098
0.018576210364699364
0.018034206703305244
0.017512988299131393
0.017012454569339752
0.016531677916646004
0.016068460419774055
0.015621412545442581
