0.11622444540262222
0.1276296228170395
0.14712685346603394
0.14952175319194794
0.1504785716533661
0.15146173536777496
0.15219275653362274
0.1530049741268158
0.1536712497472763
0.1542922407388687
0.15477430820465088
0.15524214506149292
0.1557091474533081
0.15616531670093536
0.15670274198055267
0.15716610848903656
0.15757407248020172
0.15803098678588867
0.1586323380470276
0.15932543575763702
0.1600712090730667
0.16095677018165588
0.16183637082576752
0.16281664371490479
0.16387560963630676
0.16507726907730103
0.1665775030851364
0.16833606362342834
0.17032691836357117
0.17245660722255707
0.1746857464313507
0.17706549167633057
0.00936696957796812
0.008362867869436741
0.008039083331823349
0.0078743826597929
0.007836859673261642
0.007819825783371925
0.15944984555244446
0.16615183651447296
0.17157983779907227
0.17858333885669708
0.1842619776725769
0.18946577608585358
0.19440212845802307
0.1992306411266327
0.2040564864873886
0.20994926989078522
0.21734488010406494
0.2249281108379364
0.23274406790733337
0.24091459810733795
0.24968916177749634
0.258965402841568
0.26012319326400757
0.2552947700023651
0.2504337430000305
0.245574489235878
0.24045896530151367
0.2351868599653244
0.22974587976932526
0.2242603898048401
0.2187555730342865
0.21324631571769714
0.20772434771060944
0.2022102326154709
0.19641593098640442
0.1906997710466385
0.18525537848472595
0.1799474060535431
0.17474864423274994
0.16964411735534668
0.16459326446056366
0.15958884358406067
0.1547158807516098
0.14991027116775513
0.14514312148094177
0.1404607594013214
0.13578778505325317
0.13144774734973907
0.1272498518228531
0.1232130378484726
0.1212158277630806
0.12327085435390472
0.12827681005001068
0.1354071944952011
0.1442086398601532
0.15409085154533386
0.16921021044254303
0.19010500609874725
0.21365298330783844
0.23941053450107574
0.2669578194618225
