0.021577345207333565
0.02676132507622242
0.029658230021595955
0.03048086166381836
0.030889321118593216
0.031003771349787712
0.030945688486099243
0.030888117849826813
0.030894534662365913
0.030942391604185104
0.031065747141838074
0.031229939311742783
0.03143690526485443
0.03166111558675766
0.03188329190015793
0.03208788484334946
0.03227294981479645
0.03244150057435036
0.03259781002998352
0.03275631368160248
0.032933883368968964
0.03311748057603836
0.0333063006401062
0.033507075160741806
0.03371389955282211
0.03394075855612755
0.034201204776763916
0.03450647369027138
0.03486249968409538
0.03526608645915985
0.035717908293008804
0.03621441125869751
0.001965688541531563
0.0015077634016051888
0.0014380115317180753
0.001425097812898457
0.001419206615537405
0.0014156252145767212
0.02864624373614788
0.03300804644823074
0.03587816283106804
0.03777208924293518
0.038954172283411026
0.03973441198468208
0.0403747595846653
0.04101325944066048
0.041048403829336166
0.04063623771071434
0.040272850543260574
0.03991992399096489
0.03956307843327522
0.03919799253344536
0.038821976631879807
0.03843798488378525
0.03804827854037285
0.03752163425087929
0.036990936845541
0.036456409841775894
0.035918258130550385
0.03537929058074951
0.03483864292502403
0.0343063659965992
0.033806104212999344
0.03327637165784836
0.03273060917854309
0.03218088299036026
0.03162570297718048
0.031065765768289566
0.030510155484080315
0.029937773942947388
0.02935585379600525
0.02876800112426281
0.028177082538604736
0.027586590498685837
0.026996493339538574
0.026408253237605095
0.025823958218097687
0.025245852768421173
0.024671705439686775
0.024101419374346733
0.023535357788205147
0.02297554910182953
0.022435393184423447
0.0219159834086895
0.02139962837100029
0.020885933190584183
0.020371824502944946
0.020116422325372696
0.01986066624522209
0.019351202994585037
0.01884860172867775
0.01834983378648758
0.017852678894996643
