9.316559791564941
12.990710258483887
11.523295402526855
9.962467193603516
8.347955703735352
7.807545185089111
7.6624274253845215
7.656642913818359
7.677801609039307
7.587963104248047
7.484834671020508
7.388608455657959
7.310272216796875
7.250821590423584
7.191524982452393
7.122061729431152
7.082777976989746
7.077645301818848
7.101729393005371
7.152730464935303
7.227462291717529
7.322641372680664
7.435883522033691
7.559896469116211
7.686506748199463
7.813691139221191
7.918530464172363
8.013649940490723
8.12269115447998
8.258296012878418
8.428239822387695
8.639461517333984
8.897247314453125
0.6980593204498291
0.6569254994392395
0.6761963963508606
0.6971519589424133
0.7121608257293701
0.7296005487442017
11.97312068939209
12.084893226623535
12.224517822265625
12.582680702209473
13.047866821289062
13.586315155029297
14.188430786132812
14.86015796661377
15.579385757446289
16.331083297729492
17.101377487182617
17.892990112304688
18.711122512817383
19.54599952697754
20.37395477294922
21.19430160522461
22.01631736755371
22.86362075805664
23.716655731201172
24.544851303100586
25.355016708374023
26.17615509033203
26.910663604736328
27.575031280517578
28.17993927001953
28.750383377075195
29.309066772460938
29.826677322387695
30.29306983947754
30.708602905273438
31.085702896118164
31.43178367614746
31.748260498046875
32.03093719482422
32.28343963623047
32.5085563659668
32.70424270629883
32.87030029296875
33.00885009765625
33.12395095825195
33.22260665893555
33.30968475341797
33.38957595825195
33.4648323059082
33.53669738769531
33.60636901855469
33.671714782714844
33.733238220214844
33.814796447753906
33.91432189941406
34.00265121459961
34.083805084228516
34.158451080322266
34.22835159301758
