0.007942079566419125
0.008737992495298386
0.008348979987204075
0.008036523126065731
0.00785182323306799
0.007720985449850559
0.007622727658599615
0.007549338508397341
0.007494843099266291
0.007447631563991308
0.007403356954455376
0.007362044416368008
0.007321982178837061
0.007281655911356211
0.007241740357130766
0.007204554043710232
0.0071689672768116
0.007134336046874523
0.007100428454577923
0.007067039143294096
0.007034123409539461
0.007002090569585562
0.006971428636461496
0.006943172309547663
0.006916258949786425
0.0068906256929039955
0.006866604555398226
0.006844009272754192
0.006822278257459402
0.006800944916903973
0.0067795985378324986
0.006757783703505993
0.0006548272212967277
0.0005579809658229351
0.0005337249604053795
0.000528867996763438
0.0005263272323645651
0.0005244561471045017
0.007040169555693865
0.007007570005953312
0.006861916743218899
0.006754025816917419
0.006674652453511953
0.006615898571908474
0.006570473313331604
0.0065329414792358875
0.006499508395791054
0.00646754028275609
0.006435364484786987
0.006402047351002693
0.006367082707583904
0.006330236326903105
0.006291436031460762
0.006250716280192137
0.0062082489021122456
0.006164240185171366
0.006118571385741234
0.006071166601032019
0.0060227238573133945
0.005973657593131065
0.0059231859631836414
0.005862319841980934
0.005801579914987087
0.0057390183210372925
0.005675411317497492
0.005609719082713127
0.005541780032217503
0.0054724798537790775
0.0054022166877985
0.0053308033384382725
0.00525826308876276
0.0051843286491930485
0.005108851008117199
0.005032121669501066
0.004954425618052483
0.004876195918768644
0.004797628615051508
0.004718940705060959
0.004640340339392424
0.004562079440802336
0.004484574310481548
0.004407945089042187
0.004331686999648809
0.004255646839737892
0.004179845564067364
0.004104246385395527
0.004028607159852982
0.003953149076551199
0.0038780225440859795
0.003803444793447852
0.0037295110523700714
0.003656363347545266
