9.29516315460205
13.163415908813477
10.432290077209473
8.639778137207031
7.980222225189209
7.768543243408203
7.7207536697387695
7.671204566955566
7.581747055053711
7.471457481384277
7.368336200714111
7.278468132019043
7.207430362701416
7.153329849243164
7.113223552703857
7.051663875579834
6.99583101272583
6.950474262237549
6.917688846588135
6.898613929748535
6.892865180969238
6.900015830993652
6.91931676864624
6.950185775756836
6.994481563568115
7.049709320068359
7.111525058746338
7.162290096282959
7.19261360168457
7.220254421234131
7.250455856323242
7.286026477813721
0.4133974015712738
0.3519930839538574
0.3255653381347656
0.32339078187942505
0.32666513323783875
0.33115458488464355
7.637817859649658
7.986789703369141
8.115310668945312
8.158672332763672
8.181109428405762
8.202946662902832
8.235394477844238
8.284025192260742
8.350058555603027
8.434459686279297
8.536052703857422
8.651798248291016
8.781238555908203
8.921839714050293
9.068509101867676
9.226017951965332
9.388684272766113
9.561529159545898
9.795226097106934
10.099714279174805
10.445267677307129
10.763937950134277
11.054993629455566
11.330574989318848
11.598698616027832
11.865690231323242
12.13580322265625
12.409613609313965
12.686422348022461
12.96513557434082
13.257530212402344
13.558028221130371
13.861629486083984
14.166254997253418
14.471305847167969
14.777877807617188
15.085636138916016
15.393758773803711
15.701566696166992
16.008148193359375
16.31259536743164
16.61712074279785
16.92235565185547
17.232107162475586
17.545042037963867
17.861125946044922
18.194557189941406
18.54007911682129
18.890907287597656
19.274246215820312
19.673059463500977
20.04789161682129
20.40237808227539
20.739042282104492
