3.9106791019439697
4.538564205169678
5.849023342132568
7.196578025817871
8.193208694458008
8.19387435913086
7.584752082824707
7.158967018127441
7.0224528312683105
7.103262901306152
7.323924541473389
7.648478984832764
8.070062637329102
8.564718246459961
9.108372688293457
9.684624671936035
9.95185375213623
10.110379219055176
10.251622200012207
10.291804313659668
10.301996231079102
10.32514762878418
10.3706636428833
10.462815284729004
10.602005958557129
10.768383026123047
10.957018852233887
11.165579795837402
11.392489433288574
11.646143913269043
11.912345886230469
12.202740669250488
0.2472844123840332
0.185419961810112
0.18110744655132294
0.18210461735725403
0.18469049036502838
0.18865536153316498
10.91731071472168
14.513421058654785
14.993632316589355
15.320633888244629
15.673867225646973
16.106124877929688
16.63629913330078
17.230928421020508
17.864362716674805
18.5173397064209
19.189960479736328
19.94866943359375
20.78634262084961
21.657878875732422
22.544401168823242
23.450197219848633
24.388107299804688
25.35577392578125
26.345989227294922
27.35690689086914
28.3789005279541
29.403200149536133
30.423480987548828
31.434795379638672
32.43065643310547
33.411041259765625
34.37202835083008
35.31886291503906
36.247711181640625
37.15478515625
38.14555358886719
39.07565689086914
39.93238067626953
40.72135543823242
41.45166778564453
42.136409759521484
42.78644943237305
43.40299987792969
43.985599517822266
44.530792236328125
45.02091598510742
45.44816970825195
45.81068801879883
46.125362396240234
46.40055847167969
46.634727478027344
46.827266693115234
46.98222732543945
47.10307312011719
47.194271087646484
47.26254653930664
47.31593704223633
47.36061477661133
47.400352478027344
