2066.0263671875
2032.27587890625
2081.294677734375
2068.518310546875
2059.010009765625
2047.98193359375
2043.1973876953125
2040.961181640625
2035.10400390625
2030.9083251953125
2030.54541015625
2039.2476806640625
2040.77099609375
2047.5106201171875
2051.75341796875
2054.765625
2064.993408203125
2066.07177734375
2076.06494140625
2083.462646484375
2096.227783203125
2117.08935546875
2135.369384765625
2156.99609375
2182.568115234375
2207.565673828125
2242.686767578125
2305.502685546875
2374.10986328125
2473.251708984375
2611.200927734375
2597.423583984375
2503.857177734375
113.93649291992188
116.91934967041016
119.14493560791016
121.69691467285156
123.17961120605469
124.0614013671875
124.71815490722656
2124.986083984375
2339.1748046875
2372.113525390625
2403.614013671875
2429.40380859375
2444.558349609375
2439.535400390625
2492.189453125
2557.208984375
2608.266845703125
2652.587646484375
2695.6650390625
2736.361083984375
2768.95361328125
2793.318115234375
2805.220703125
2804.215576171875
2792.110595703125
2774.741943359375
2753.06201171875
2726.22509765625
2691.667236328125
2642.924072265625
2584.978759765625
2523.068115234375
2460.36279296875
2398.990234375
2368.377685546875
2338.44287109375
2280.84423828125
2252.321044921875
2224.76806640625
2175.994873046875
2127.70654296875
2079.666259765625
2032.4195556640625
1985.6414794921875
1940.006591796875
1895.243896484375
1852.1134033203125
1812.672607421875
1775.7503662109375
1740.453125
1707.0118408203125
1674.91552734375
1643.484375
1612.8583984375
1582.591064453125
1552.650634765625
1522.7972412109375
1492.9815673828125
1463.4658203125
1434.4033203125
1405.7431640625
1377.432861328125
1349.430908203125
1321.7216796875
