1499.9998779296875
1500.0
1500.0
1500.0
1500.0
1500.0
1500.0
1500.0
1500.0
1500.0
1500.0
1500.0
1500.0
1500.0
1500.0
1500.0
1500.0
1500.0
1500.0
1500.0
1500.0
1500.0
1500.0
1500.0
1500.0
1500.0
1500.0
1500.0
1500.0
1447.173828125
1396.19482421875
1345.684326171875
100.0
100.0
100.0
100.0
100.0
100.0
100.0
1480.4090576171875
1214.0858154296875
1124.100830078125
1075.14892578125
1033.802734375
993.7547607421875
954.3770751953125
915.7467651367188
877.8014526367188
840.4956665039062
803.8763427734375
768.0376586914062
732.9839477539062
698.865478515625
665.8196411132812
634.1143798828125
603.8648681640625
575.0811767578125
547.5433959960938
521.110107421875
495.8388366699219
471.6723327636719
448.6412658691406
426.7168884277344
405.8641052246094
386.0755310058594
367.3595886230469
349.69366455078125
333.03460693359375
317.1659851074219
302.1991882324219
287.8731994628906
274.51385498046875
261.8323974609375
249.8332977294922
238.51316833496094
227.2897491455078
217.16453552246094
207.7310028076172
198.74935913085938
190.2752685546875
182.30899047851562
174.81398010253906
167.74945068359375
161.08456420898438
154.77215576171875
148.7471160888672
143.05526733398438
137.71324157714844
132.66783142089844
127.88724517822266
123.3385238647461
119.0182876586914
114.91028594970703
